1684497685 0.0 0.0
1684497686 0.11965052038431168 0.12425246089696884
1684497686 0.8559613823890686 0.8743691444396973
1684497686 1.6613013744354248 1.70425283908844
1684497686 2.4789133071899414 2.51112699508667
1684497686 3.3149328231811523 3.3594183921813965
1684497687 3.9837486743927 4.0359039306640625
1684497687 4.804428577423096 4.858118057250977
1684497687 5.625108242034912 5.651185989379883
1684497687 6.453457832336426 6.461127758026123
1684497687 7.27567195892334 7.297147750854492
1684497688 8.070274353027344 8.11169147491455
1684497688 8.771303176879883 8.80505084991455
1684497688 9.596585273742676 9.638002395629883
1684497688 10.411128997802734 10.4586820602417
1684497688 11.23027515411377 11.283964157104492
1684497689 12.04635238647461 12.064760208129883
1684497689 12.885440826416016 12.894644737243652
1684497689 13.563460350036621 13.591072082519531
1684497689 14.368800163269043 14.414819717407227
1684497689 15.206353187561035 15.238567352294922
1684497690 16.02703285217285 16.060781478881836
1684497690 16.850780487060547 16.910606384277344
1684497690 17.653053283691406 17.700607299804688
1684497690 18.344879150390625 18.36635398864746
1684497690 19.1701602935791 19.180898666381836
1684497691 19.9801025390625 20.006179809570312
1684497691 20.79924774169922 20.84526824951172
1684497691 21.62759780883789 21.662879943847656
1684497691 22.451345443725586 22.49276351928711
1684497691 23.127832412719727 23.184589385986328
1684497692 23.923967361450195 23.96845245361328
1684497692 24.7630558013916 24.78606414794922
1684497692 25.57453155517578 25.58987045288086
1684497692 26.39214324951172 26.427425384521484
1684497692 27.206687927246094 27.249637603759766
1684497693 28.03043556213379 28.06418228149414
1684497693 28.729930877685547 28.77288246154785
1684497693 29.664125442504883 29.716279983520508
1684497693 30.34981346130371 30.397367477416992
1684497693 31.17509651184082 31.196571350097656
1684497694 32.00191116333008 32.015716552734375
1684497694 32.80571746826172 32.842533111572266
1684497694 33.60799026489258 33.64787292480469
1684497694 34.45167922973633 34.488494873046875
1684497694 35.26469039916992 35.3122444152832
1684497695 35.9411735534668 36.000999450683594
1684497695 36.76799011230469 36.8078727722168
1684497695 37.5932731628418 37.6009407043457
1684497695 38.412418365478516 38.430824279785156
1684497695 39.0797004699707 39.11958312988281
1684497696 40.041507720947266 40.081390380859375
1684497696 40.74253463745117 40.774749755859375
1684497696 41.549407958984375 41.59082794189453
1684497696 42.37009048461914 42.43144989013672
1684497696 43.18156433105469 43.21377944946289
1684497697 44.01911926269531 44.03599166870117
1684497697 44.83519744873047 44.85820770263672
