1684497809 0.0030679618939757347 0.006135923787951469
1684497809 0.19174762070178986 0.19481559097766876
1684497810 1.2655342817306519 1.305417776107788
1684497810 2.488117218017578 2.5157289505004883
1684497810 3.7260398864746094 3.7505836486816406
1684497810 4.7630109786987305 4.8105645179748535
1684497810 5.987127780914307 6.031613349914551
1684497811 7.2066426277160645 7.2710700035095215
1684497811 8.450701713562012 8.49365234375
1684497811 9.684021949768066 9.690157890319824
1684497811 10.923479080200195 10.957226753234863
1684497811 12.138391494750977 12.178275108337402
1684497812 13.173829078674316 13.222916603088379
1684497812 14.598896980285645 14.643383026123047
1684497812 15.608256340026855 15.634334564208984
1684497812 16.849246978759766 16.89066505432129
1684497812 18.08103370666504 18.1301212310791
1684497813 19.31742286682129 19.371112823486328
1684497813 20.5568790435791 20.6167049407959
1684497813 21.773326873779297 21.802471160888672
1684497813 23.008180618286133 23.0434627532959
1684497814 24.048219680786133 24.09270477294922
1684497814 25.275405883789062 25.32295799255371
1684497814 26.517929077148438 26.586957931518555
1684497814 27.754318237304688 27.789600372314453
1684497814 28.98457145690918 29.02445411682129
1684497815 30.219425201416016 30.268512725830078
1684497815 31.242591857910156 31.28554344177246
1684497815 32.65845489501953 32.730552673339844
1684497815 33.69849395751953 33.747581481933594
1684497815 34.93028259277344 34.95942687988281
1684497816 36.16513442993164 36.21115493774414
1684497816 37.387718200683594 37.436805725097656
1684497816 38.42622375488281 38.50138854980469
1684497816 39.65801239013672 39.71783447265625
1684497816 40.883663177490234 40.91127395629883
1684497817 42.121585845947266 42.17374038696289
1684497817 43.351837158203125 43.399391174316406
1684497817 44.57135009765625 44.634246826171875
