1684497460 0.0015339809469878674 0.0
1684497461 0.05062137171626091 0.05062137171626091
1684497461 0.40650495886802673 0.4218447804450989
1684497461 0.8130099177360535 0.8421555757522583
1684497461 1.626019835472107 1.6413596868515015
1684497462 2.0340588092803955 2.029456853866577
1684497462 2.376136541366577 2.359262704849243
1684497462 2.7995152473449707 2.779573678970337
1684497462 3.2167582511901855 3.198350429534912
1684497462 3.6247971057891846 3.6140592098236084
1684497463 3.9484670162200928 3.95613694190979
1684497463 4.414797306060791 4.4301371574401855
1684497463 4.833574295043945 4.84891414642334
1684497463 5.183321952819824 5.187923908233643
1684497463 5.606700420379639 5.60209846496582
1684497464 6.0070695877075195 6.010137557983398
1684497464 6.416642665863037 6.427380561828613
1684497464 6.829283237457275 6.850759029388428
1684497464 7.231186389923096 7.260332107543945
1684497464 7.628487586975098 7.657633304595947
1684497465 7.962895393371582 7.975167274475098
1684497465 8.384739875793457 8.377070426940918
1684497465 8.80044937133789 8.786643028259277
1684497465 9.216157913208008 9.199283599853516
1684497465 9.553633689880371 9.532157897949219
1684497466 10.012293815612793 10.007692337036133
1684497466 10.346701622009277 10.355905532836914
1684497466 10.756275177001953 10.773148536682129
1684497466 11.167381286621094 11.181187629699707
1684497466 11.580022811889648 11.580022811889648
1684497467 11.988061904907227 11.986527442932129
1684497467 12.405303955078125 12.405303955078125
1684497467 12.81794548034668 12.830217361450195
1684497467 13.215246200561523 13.238256454467773
1684497467 13.603343963623047 13.637090682983398
1684497468 13.94081974029541 13.962295532226562
1684497468 14.35499382019043 14.365732192993164
1684497468 14.776839256286621 14.773771286010742
1684497468 15.198683738708496 15.18181037902832
1684497468 15.603654861450195 15.586780548095703
1684497469 15.941130638122559 15.924256324768066
1684497469 16.353771209716797 16.350704193115234
1684497469 16.760276794433594 16.771015167236328
1684497469 17.16064453125 17.179052352905273
1684497469 17.570219039916992 17.57788848876953
1684497470 17.98746109008789 17.988994598388672
1684497470 18.410839080810547 18.413908004760742
1684497470 18.752918243408203 18.7667236328125
1684497470 19.226917266845703 19.243791580200195
1684497470 19.552122116088867 19.57819938659668
1684497471 19.952491760253906 19.97856903076172
1684497471 20.35746192932129 20.38200569152832
1684497471 20.771636962890625 20.779306411743164
1684497471 21.19501495361328 21.182743072509766
1684497471 21.592315673828125 21.576976776123047
1684497472 22.00649070739746 21.98194694519043
1684497472 22.348569869995117 22.340898513793945
1684497472 22.756608963012695 22.76120948791504
1684497472 23.1569766998291 23.172317504882812
1684497472 23.554277420043945 23.57268524169922
1684497473 23.976123809814453 23.980724334716797
1684497473 24.39950180053711 24.397968292236328
1684497473 24.819812774658203 24.82441520690918
1684497473 25.14961814880371 25.160356521606445
1684497473 25.54845428466797 25.562259674072266
1684497474 25.947288513183594 25.973365783691406
1684497474 26.355327606201172 26.38447380065918
1684497474 26.76490020751953 26.783308029174805
1684497474 27.18060874938965 27.17447280883789
1684497474 27.54416275024414 27.530357360839844
1684497475 27.959871292114258 27.939929962158203
1684497475 28.375579833984375 28.3571720123291
1684497475 28.783618927001953 28.77901840209961
1684497475 29.176319122314453 29.185522079467773
1684497475 29.50612449645996 29.52146339416504
1684497476 29.921833038330078 29.935638427734375
1684497476 30.343677520751953 30.351348876953125
1684497476 30.767057418823242 30.767057418823242
1684497476 31.170494079589844 31.179697036743164
1684497476 31.570863723754883 31.5831356048584
1684497477 31.981969833374023 32.00804901123047
1684497477 32.38847351074219 32.425289154052734
1684497477 32.72441482543945 32.756629943847656
1684497477 33.13092041015625 33.147796630859375
1684497477 33.54356384277344 33.53895950317383
1684497478 33.966941833496094 33.9531364440918
1684497478 34.3811149597168 34.36884307861328
1684497478 34.7277946472168 34.71245574951172
1684497478 35.12356185913086 35.1204948425293
1684497479 35.52239990234375 35.53313446044922
1684497479 35.92890167236328 35.94884490966797
1684497479 36.347679138183594 36.36301803588867
1684497479 36.695892333984375 36.70356369018555
1684497479 37.10239791870117 37.10700225830078
1684497480 37.51197052001953 37.515037536621094
1684497480 37.9261474609375 37.9399528503418
1684497480 38.324981689453125 38.35719680786133
1684497480 38.72688293457031 38.7606315612793
1684497480 39.122650146484375 39.151798248291016
1684497481 39.467796325683594 39.473934173583984
1684497481 39.96173858642578 39.95713806152344
1684497481 40.30995178222656 40.296146392822266
1684497481 40.72259521484375 40.705718994140625
1684497481 41.12449645996094 41.11836242675781
1684497482 41.531002044677734 41.5340690612793
1684497482 41.93290328979492 41.95284652709961
1684497482 42.34247589111328 42.36395263671875
1684497482 42.75511932373047 42.7658576965332
1684497482 43.098731994628906 43.10333251953125
1684497483 43.51443862915039 43.52057647705078
1684497483 43.92861557006836 43.93935012817383
1684497483 44.33511734008789 44.35659408569336
1684497483 44.73088455200195 44.75849914550781
1684497483 45.12205123901367 45.15272903442383
1684497484 45.53162384033203 45.55616760253906
