0.1629161834716797 0.0 0.0
0.21301937103271484 0.0 0.0
0.23391103744506836 0.0 0.0
0.2870748043060303 0.0 0.0
0.3135249614715576 0.0 0.0
0.3743255138397217 0.0 0.0
0.3955960273742676 0.0 0.0
0.44907188415527344 0.0 0.0
0.47523951530456543 0.0 0.0
0.5288650989532471 0.0 0.0
0.5623292922973633 0.0 0.0
0.6129295825958252 0.0 0.0
0.6338284015655518 0.0 0.0
0.6874651908874512 0.0 0.0
0.7138030529022217 0.0 0.0
0.7686893939971924 0.0 0.0
0.7958431243896484 0.0 0.0
0.8513226509094238 0.0 0.0
0.8714621067047119 0.0 0.0
0.9264533519744873 0.0 0.0
0.9516527652740479 0.0 0.0
1.0066015720367432 0.0 0.0
1.028122901916504 0.0 0.0
1.0821213722229004 0.0 0.0
1.1091370582580566 0.0 0.0
1.162989616394043 0.0 0.0
1.1842501163482666 0.0 0.0
1.2384109497070312 0.0 0.0
1.2630233764648438 0.0 0.0
1.3186488151550293 0.0 0.0
1.3453326225280762 0.0 0.0
1.4043612480163574 0.0 0.0
1.427149772644043 0.0 0.0
1.4838738441467285 0.0 0.0
1.5086779594421387 0.0 0.0
1.559748649597168 0.0 0.0
1.5864124298095703 0.0 0.0
1.6414101123809814 0.0 0.0
1.6625299453735352 0.0 0.0
1.7195515632629395 0.0 0.0
1.745798110961914 0.0 0.0
1.8011267185211182 0.0 0.0
1.8295722007751465 0.0 0.0
1.8853342533111572 0.0 0.0
1.9073352813720703 0.0 0.0
1.9620797634124756 0.0 0.0
1.990044355392456 0.0 0.0
2.0448343753814697 0.0 0.0
2.0674450397491455 0.0 0.0
2.107872247695923 0.0 0.0
2.1313726902008057 0.03933284431695938 0.0
2.1743030548095703 0.0 0.0
2.210841417312622 0.0 0.0
2.2593331336975098 0.0 0.0
2.3147494792938232 0.04511708766222 0.0
2.331469774246216 0.0 0.07482834160327911
2.3883612155914307 0.04511708766222 0.04511708766222
2.410142660140991 0.18407772481441498 0.06135924160480499
2.463902711868286 0.4511708915233612 0.09023417532444
2.486375331878662 0.8722637295722961 0.24062447249889374
2.5396604537963867 1.3535126447677612 0.4962879717350006
2.5668365955352783 1.7298083305358887 0.8159473538398743
2.6225879192352295 2.1656203269958496 1.1279271841049194
2.6491169929504395 2.3740181922912598 1.5705043077468872
2.7021372318267822 2.4363226890563965 2.1656203269958496
2.7237699031829834 2.643669366836548 2.545755624771118
2.780027151107788 2.797259569168091 2.9777278900146484
2.8119757175445557 2.86787748336792 3.2680463790893555
2.8684587478637695 2.9777278900146484 3.699601173400879
2.890874147415161 3.136138916015625 4.022439002990723
2.944673776626587 3.0228450298309326 4.060537815093994
2.968308687210083 3.287102222442627 4.226274013519287
3.020289659500122 3.3386645317077637 4.376357555389404
3.047546148300171 3.0999200344085693 3.930826425552368
3.097958564758301 3.5191328525543213 3.970303773880005
3.1296422481536865 3.210657835006714 3.5673975944519043
3.1784307956695557 3.2935473918914795 3.383781671524048
3.1996841430664062 3.5917603969573975 3.3672754764556885
3.249314069747925 3.5191328525543213 3.2935473918914795
3.300281047821045 3.699601173400879 3.2484302520751953
3.321911573410034 3.6554441452026367 3.3290650844573975
3.374196767807007 3.6093671321868896 3.3386645317077637
3.401273727416992 3.8349525928497314 3.3039591312408447
3.44769024848938 3.970303773880005 3.5642499923706055
3.4691483974456787 3.8714759349823 3.579288959503174
3.5191566944122314 3.9251866340637207 3.428898811340332
3.5503408908843994 3.8800694942474365 3.8349525928497314
3.599684238433838 3.9251866340637207 3.7898354530334473
3.6196720600128174 3.92848801612854 3.704002857208252
3.6690402030944824 3.7898354530334473 3.7898354530334473
3.718519687652588 3.765226125717163 3.737335443496704
3.7671172618865967 3.699601173400879 3.6544840335845947
3.7881786823272705 3.603071689605713 3.7814414501190186
3.838292121887207 3.699601173400879 3.6544840335845947
3.876413345336914 3.660024881362915 3.9022324085235596
3.92466139793396 3.7898354530334473 3.8349525928497314
3.973443031311035 3.744718313217163 3.8800694942474365
3.990515947341919 3.6257731914520264 4.0789947509765625
4.0274598598480225 3.7898354530334473 3.8349525928497314
4.047644376754761 3.7497313022613525 4.090616226196289
4.084161281585693 3.6544840335845947 3.970303773880005
4.119939088821411 3.9251866340637207 3.8349525928497314
4.156480550765991 3.7898354530334473 3.8800694942474365
4.182609558105469 3.744718313217163 3.7898354530334473
4.23015022277832 3.8568665981292725 3.637726306915283
4.278958320617676 3.9251866340637207 3.7898354530334473
4.327373504638672 3.7898354530334473 3.6544840335845947
4.343015432357788 3.9156882762908936 3.633112907409668
4.395404815673828 3.8349525928497314 3.6544840335845947
4.422330617904663 3.7735931873321533 3.6508748531341553
4.471185922622681 3.7898354530334473 3.474015712738037
4.498265027999878 3.424701690673828 3.603071689605713
4.548382520675659 3.428898811340332 3.5642499923706055
4.572790622711182 3.3601489067077637 3.396672248840332
4.620141983032227 3.2033133506774902 3.3386645317077637
4.647180795669556 3.1830105781555176 3.3364086151123047
4.695104122161865 3.0679619312286377 3.2033133506774902
4.720940351486206 3.0679619312286377 3.1802046298980713
4.763508081436157 2.842376470565796 3.0679619312286377
4.7839813232421875 3.107294797897339 2.9892961978912354
4.81952428817749 2.9777278900146484 3.113079071044922
4.858880519866943 2.9326107501983643 2.9777278900146484
4.912470102310181 2.6296818256378174 2.9803059101104736
4.9339213371276855 2.6418561935424805 2.8549091815948486
4.983198404312134 2.842376470565796 3.0228450298309326
5.023424386978149 2.4998209476470947 2.6702632904052734
5.068180561065674 2.6619081497192383 2.7521424293518066
5.123695611953735 2.366713523864746 2.5858535766601562
5.140789270401001 2.6042003631591797 2.568526268005371
5.189566373825073 2.3912057876586914 2.7070252895355225
5.215874195098877 2.6110315322875977 2.545755624771118
5.265138387680054 2.6619081497192383 2.6619081497192383
5.290756464004517 2.7825701236724854 2.6755483150482178
5.339690923690796 2.6619081497192383 2.7070252895355225
5.372650861740112 3.030547857284546 2.6564061641693115
5.421191215515137 2.9777278900146484 2.7070252895355225
5.432765007019043 2.8587827682495117 2.7890563011169434
5.472545623779297 3.113079071044922 2.88749361038208
5.525651216506958 2.9803059101104736 2.8488218784332275
5.575340747833252 3.0679619312286377 3.113079071044922
5.599912405014038 3.210657835006714 3.2463319301605225
5.648567199707031 3.2935473918914795 3.383781671524048
5.677668571472168 3.3497135639190674 3.631465196609497
5.725532054901123 3.428898811340332 3.699601173400879
5.750303268432617 3.6523356437683105 3.7619056701660156
5.803537130355835 3.744718313217163 3.7898354530334473
5.830095052719116 3.6291744709014893 3.891073703765869
5.885714530944824 3.7898354530334473 3.8800694942474365
5.9047088623046875 3.7015628814697266 3.9683420658111572
5.958738565444946 3.8349525928497314 3.7898354530334473
5.984060287475586 3.647465944290161 3.851996660232544
6.03755784034729 3.5642499923706055 3.5642499923706055
6.059089422225952 3.6291744709014893 3.5917603969573975
6.112565994262695 3.699601173400879 3.5191328525543213
6.145340919494629 3.4681310653686523 3.5348258018493652
6.198528289794922 3.593898296356201 3.330930233001709
6.214486837387085 3.758253335952759 3.6048552989959717
6.269403457641602 3.637726306915283 3.374758243560791
6.311278343200684 3.758253335952759 3.6048552989959717
6.368498086929321 3.550070285797119 3.593898296356201
6.392512559890747 3.8714759349823 3.615812301635742
6.450493812561035 3.9445226192474365 3.593898296356201
6.471033573150635 3.9132168292999268 4.007133960723877
6.524369955062866 3.9006946086883545 3.8568665981292725
6.551600217819214 3.801604986190796 4.101731777191162
6.603287696838379 3.8130385875701904 3.7692103385925293
6.619169235229492 3.7788312435150146 4.227801322937012
6.670679569244385 3.462414264678955 3.9006946086883545
6.699118375778198 3.7692103385925293 4.25131893157959
6.750351905822754 3.637726306915283 3.9883506298065186
6.772674322128296 3.6048552989959717 4.065049648284912
6.8275275230407715 3.7253823280334473 3.9445226192474365
6.859755039215088 3.5681731700897217 4.001689434051514
6.913050651550293 3.506242275238037 3.6815543174743652
6.929997205734253 3.4697189331054688 3.798429250717163
6.983772277832031 3.330930233001709 3.550070285797119
7.027329683303833 3.544025182723999 3.5704729557037354
7.080350875854492 3.462414264678955 3.243274211883545
7.101945161819458 3.381730794906616 3.2422780990600586
7.14763069152832 3.462414264678955 3.287102222442627
7.167805194854736 3.6523356437683105 3.3236255645751953
7.218430042266846 3.550070285797119 3.243274211883545
7.268014907836914 4.060537815093994 3.5191328525543213
7.31522274017334 4.015420913696289 3.6093671321868896
7.336373329162598 4.19038724899292 3.704002857208252
7.3912577629089355 4.207490921020508 3.637726306915283
7.408224105834961 4.173855304718018 4.1025071144104
7.466387033462524 4.470458984375 4.0321784019470215
7.485384941101074 4.351497173309326 4.194968223571777
7.540241956710815 4.295146942138672 3.8568665981292725
7.568586587905884 4.397412300109863 4.158792972564697
7.620365619659424 4.295146942138672 3.9445226192474365
7.64159631729126 4.227801322937012 3.92848801612854
7.6880433559417725 3.7253823280334473 3.9006946086883545
7.708317756652832 4.06683349609375 3.817115545272827
7.7572197914123535 3.8568665981292725 3.8130385875701904
7.805278539657593 3.699601173400879 3.8800694942474365
7.860182762145996 3.9251866340637207 3.6544840335845947
7.87878155708313 3.798429250717163 3.8349525928497314
7.934312582015991 3.593898296356201 3.550070285797119
7.9512152671813965 3.765226125717163 3.6606364250183105
8.008445501327515 3.374758243560791 3.418586254119873
8.029945850372314 3.5348258018493652 3.66821551322937
8.084445238113403 3.462414264678955 3.243274211883545
8.113338232040405 3.528156280517578 3.528156280517578
8.170064687728882 3.550070285797119 3.418586254119873
8.189940214157104 3.7156429290771484 3.613377571105957
8.245758295059204 3.7898354530334473 3.8349525928497314
8.272113800048828 3.866910457611084 3.8349525928497314
8.329753637313843 3.9251866340637207 4.105655193328857
8.355797529220581 4.0789947509765625 4.113858222961426
8.411617994308472 4.241006374359131 4.286123275756836
8.427330732345581 4.0697455406188965 4.382802963256836
8.4843590259552 4.331240653991699 4.331240653991699
8.51239013671875 4.022439002990723 4.431500434875488
8.565890550613403 4.241006374359131 4.195888996124268
8.58739185333252 4.0540924072265625 4.309756278991699
8.641158103942871 4.241006374359131 4.1507720947265625
8.667484283447266 4.145012378692627 4.210288047790527
8.721084833145142 4.015420913696289 4.105655193328857
8.74349069595337 4.0407304763793945 4.003316402435303
8.80072569847107 4.060537815093994 4.1507720947265625
8.830294370651245 4.177650451660156 4.047098636627197
8.884721040725708 4.241006374359131 4.195888996124268
8.901545524597168 4.2367095947265625 4.090616226196289
8.954329252243042 4.511708736419678 4.060537815093994
8.997884035110474 4.167797565460205 4.080968379974365
9.054037809371948 4.511708736419678 3.970303773880005
9.067604303359985 4.011950492858887 3.893951654434204
9.121276378631592 4.331240653991699 3.9251866340637207
9.137497663497925 4.090616226196289 3.7253823280334473
9.191828727722168 3.9251866340637207 3.744718313217163
9.236401319503784 3.9719150066375732 3.5610272884368896
9.289396286010742 3.8349525928497314 3.744718313217163
9.305487871170044 3.9046788215637207 3.6606364250183105
9.359260559082031 3.8349525928497314 3.6093671321868896
9.392727613449097 4.003950595855713 3.847952365875244
9.44525146484375 4.331240653991699 3.9251866340637207
9.496106386184692 4.286123275756836 4.105655193328857
9.522793292999268 4.376357555389404 4.241006374359131
9.566341876983643 4.331240653991699 4.060537815093994
9.587661266326904 4.562610149383545 4.208614349365234
9.64242959022522 4.827528476715088 4.286123275756836
9.658324480056763 4.5685954093933105 4.435205936431885
9.712199687957764 4.827528476715088 4.601943016052246
9.73348093032837 4.7297749519348145 4.7936906814575195
9.789653539657593 4.917762756347656 4.872645378112793
9.821404218673706 4.768680095672607 5.135501384735107
9.874999761581421 4.872645378112793 5.098230838775635
9.896398305892944 4.601943016052246 5.315422534942627
9.950815439224243 4.827528476715088 5.143348217010498
9.971532344818115 4.373477935791016 5.124149322509766
10.027437686920166 4.331240653991699 4.7372941970825195
10.052618980407715 4.177650451660156 4.699856758117676
10.10550832748413 4.195888996124268 4.466591835021973
10.13248062133789 4.0407304763793945 4.227801322937012
10.18746542930603 3.6544840335845947 4.1507720947265625
10.208516359329224 3.66821551322937 3.7015628814697266
10.26146388053894 3.383781671524048 3.699601173400879
10.290607929229736 3.0679619312286377 3.3347413539886475
10.341782808303833 3.2033133506774902 3.0228450298309326
10.367656469345093 2.806062698364258 2.768648624420166
10.4229097366333 2.616791009902954 2.571674108505249
10.445462226867676 2.5677506923675537 2.367666244506836
10.502061605453491 2.4814398288726807 2.1205031871795654
10.528006553649902 2.0944740772247314 1.5634806156158447
10.582613468170166 1.6693322658538818 1.1279271841049194
10.602935075759888 1.4217385053634644 0.9353542923927307
10.661966562271118 0.9474588632583618 0.7669904828071594
10.686943292617798 0.7200319170951843 0.7200319170951843
10.744210720062256 0.5865221619606018 0.6316392421722412
10.762580633163452 0.6360409259796143 0.7482833862304688
10.816191911697388 0.5865221619606018 0.72187340259552
10.845588207244873 0.6853957772254944 0.7180336713790894
10.896450519561768 0.8121075630187988 0.6767563223838806
10.918413877487183 0.7856975793838501 0.48638421297073364
10.973021030426025 0.8121075630187988 0.4511708915233612
11.001104593276978 0.8159473538398743 0.39165472984313965
11.054484128952026 0.6316392421722412 0.4962879717350006
11.075457572937012 0.6064575910568237 0.6064575910568237
11.136821269989014 0.5414050817489624 0.72187340259552
11.170095205307007 0.3976987898349762 0.9090257883071899
11.22935438156128 0.4511708915233612 1.0828101634979248
11.248132467269897 0.4880848526954651 1.4293913841247559
11.306352138519287 0.5865221619606018 1.579098105430603
11.327522039413452 0.6002534627914429 1.4005913734436035
11.38451099395752 0.4962879717350006 1.0828101634979248
11.408697605133057 0.4154531955718994 0.7350325584411621
11.462628841400146 0.36093670129776 0.5414050817489624
11.492743968963623 0.030078059062361717 0.09023417532444
11.542831182479858 0.0 0.0
11.570071697235107 0.0 0.0
11.621253728866577 0.0 -0.04511708766222
11.653622150421143 0.03408846631646156 0.13635386526584625
11.704805374145508 0.04511708766222 -0.18046835064888
11.72646450996399 0.03486320376396179 0.0
11.777146339416504 0.09023417532444 -0.04511708766222
11.81879734992981 0.05478503555059433 -0.10957007110118866
11.865645408630371 0.18046835064888 -0.18046835064888
11.916032075881958 0.18046835064888 -0.3158196210861206
11.93722939491272 0.4242926239967346 -0.5874820947647095
11.9877610206604 0.72187340259552 -0.9474588632583618
12.015052556991577 1.158312201499939 -1.158312201499939
12.064044713973999 1.6242151260375977 -1.44374680519104
12.09076452255249 1.9620686769485474 -1.8907207250595093
12.13954496383667 2.1656203269958496 -2.2107372283935547
12.189137697219849 2.300971508026123 -2.6619081497192383
12.210350275039673 2.635300636291504 -2.7139663696289062
12.258460521697998 2.7070252895355225 -3.0228450298309326
12.280776977539062 2.6496036052703857 -3.1725516319274902
12.328342914581299 3.0228450298309326 -3.2935473918914795
12.366081476211548 2.920463800430298 -3.2154600620269775
12.416270017623901 3.0679619312286377 -3.3386645317077637
12.437676191329956 3.281014919281006 -3.0253515243530273
12.488434076309204 3.2935473918914795 -2.9326107501983643
12.515404224395752 3.344078540802002 -2.8225250244140625
12.563932418823242 3.474015712738037 -2.88749361038208
12.590623378753662 3.479517936706543 -2.581577777862549
12.639564275741577 3.7898354530334473 -2.571674108505249
12.666422605514526 3.907999277114868 -2.3740181922912598
12.71577501296997 4.015420913696289 -2.300971508026123
12.748097896575928 4.152973175048828 -2.09519362449646
12.796202659606934 4.286123275756836 -2.1656203269958496
12.81839632987976 4.316551208496094 -1.9977426528930664
12.866278886795044 4.376357555389404 -1.8949177265167236
12.915499687194824 4.241006374359131 -1.9851518869400024
12.937208890914917 4.261058330535889 -1.8066887855529785
12.985395669937134 4.376357555389404 -1.6693322658538818
13.01132345199585 4.183584690093994 -1.46425461769104
13.059192180633545 4.195888996124268 -1.3535126447677612
13.079641103744507 3.9241373538970947 -1.1415672302246094
13.126191854476929 3.8349525928497314 -1.2181613445281982
13.158576250076294 3.5642499923706055 -1.2181613445281982
13.20835256576538 3.158196210861206 -1.308395504951477
13.230681419372559 2.955719470977783 -1.2346676588058472
13.2797372341156 2.4363226890563965 -1.2181613445281982
13.317012786865234 1.944868803024292 -0.9861306548118591
13.366939783096313 1.2632784843444824 -0.72187340259552
13.421465873718262 0.7669904828071594 -0.6316392421722412
13.437501907348633 0.06817693263292313 -0.23861926794052124
13.488966464996338 -0.09023417532444 0.0
13.514695644378662 -0.06527578830718994 0.03263789415359497
13.568655252456665 0.0 0.09023417532444
13.590462446212769 0.10702192783355713 0.17836987972259521
13.638811349868774 0.1353512704372406 0.3158196210861206
13.67683720588684 0.1988493949174881 0.5681411027908325
13.724283218383789 0.4962879717350006 0.9925759434700012
13.770060300827026 0.7889044880867004 1.227184772491455
13.79123067855835 1.1156225204467773 1.3480439186096191
13.840421438217163 1.4888639450073242 1.3986297845840454
13.862063646316528 2.1214630603790283 1.338153600692749
13.9174964427948 2.571674108505249 1.308395504951477
13.94807505607605 2.8394968509674072 1.5666189193725586
14.001155614852905 3.2935473918914795 2.030268907546997
14.029508590698242 3.479517936706543 2.319678544998169
14.071627140045166 3.7898354530334473 2.7070252895355225
14.113839149475098 3.847952365875244 3.1199612617492676
14.180503606796265 4.060537815093994 3.428898811340332
14.194156408309937 4.2017741203308105 3.9016473293304443
14.236454486846924 4.060537815093994 4.105655193328857
14.252512454986572 4.326612949371338 4.169281482696533
14.302718162536621 4.376357555389404 4.511708736419678
14.351144075393677 4.207490921020508 4.601943016052246
14.39351201057434 4.497944355010986 4.913938999176025
14.448016166687012 4.421474456787109 5.05311393737793
14.484153985977173 4.288174152374268 5.19461727142334
14.53370475769043 4.286123275756836 5.233582019805908
14.557342529296875 4.382802963256836 5.384586334228516
14.60745906829834 4.331240653991699 5.414050579071045
14.642494916915894 4.506069183349609 5.400891304016113
14.688811779022217 4.511708736419678 5.414050579071045
14.710191249847412 4.639357089996338 5.2005696296691895
14.763182878494263 4.782411575317383 5.188465118408203
14.790607452392578 4.863046169281006 5.058873653411865
14.843798875808716 4.864911079406738 4.777255058288574
14.865187168121338 5.13883638381958 4.755341053009033
14.920740127563477 4.90873908996582 4.558115005493164
14.951392889022827 5.058873653411865 4.732494354248047
15.00537896156311 4.90873908996582 4.382802963256836
15.022219896316528 5.0165324211120605 4.684860706329346
15.074791193008423 4.952567100524902 4.295146942138672
15.1181321144104 4.835939884185791 4.497944355010986
15.172551393508911 4.645771026611328 4.25131893157959
15.193201065063477 4.90873908996582 4.640292644500732
15.248780250549316 4.777255058288574 4.163662910461426
15.268354177474976 4.874650955200195 4.670119762420654
15.321462869644165 4.733427047729492 4.163662910461426
15.34774112701416 4.874650955200195 4.738296985626221
15.40172004699707 4.470458984375 4.207490921020508
15.422817945480347 4.483944416046143 4.523277282714844
15.476048946380615 4.295146942138672 4.163662910461426
15.51168441772461 4.056527614593506 4.124704360961914
15.567845106124878 4.119834899902344 3.9445226192474365
15.58253026008606 3.9201736450195312 4.056527614593506
15.639615297317505 3.7692103385925293 3.8568665981292725
15.674827575683594 3.8349525928497314 3.7854692935943604
15.725130558013916 3.593898296356201 3.418586254119873
15.774072408676147 3.5627946853637695 3.5133113861083984
15.830222129821777 3.287102222442627 3.199446201324463
15.876794338226318 3.474015712738037 3.474015712738037
15.892556190490723 3.4046895503997803 3.442103624343872
15.946172952651978 3.1556179523468018 3.199446201324463
15.975177526473999 3.4014360904693604 3.601520538330078
16.02228569984436 3.374758243560791 3.506242275238037
16.054295539855957 3.434783458709717 3.7015628814697266
16.107250452041626 3.506242275238037 3.637726306915283
16.123405933380127 3.758253335952759 3.911651611328125
16.178690195083618 3.7253823280334473 3.8130385875701904
16.215705633163452 4.196740627288818 4.080968379974365
16.27260398864746 4.076006889343262 3.9006946086883545
16.286250352859497 4.4655890464782715 4.36332368850708
16.339531660079956 4.338974952697754 4.0321784019470215
16.371503353118896 4.562610149383545 4.680608749389648
16.42158341407776 4.382802963256836 4.338974952697754
16.442206859588623 4.711513042449951 4.894129753112793
16.503269910812378 4.90873908996582 4.90873908996582
16.528639554977417 5.113269805908203 5.36893367767334
16.579866886138916 5.2155351638793945 5.040223121643066
16.604586362838745 5.2155351638793945 5.483982086181641
16.654044151306152 5.040223121643066 4.996395111083984
16.68233060836792 5.035459518432617 5.335586071014404
16.737650394439697 5.188465118408203 5.098230838775635
16.760343313217163 4.901256561279297 5.462469100952148
16.816166877746582 5.098230838775635 5.2786993980407715
16.835933685302734 4.935417175292969 5.635712623596191
16.891591787338257 5.233582019805908 5.323816299438477
16.9176025390625 4.9609599113464355 5.6789937019348145
16.97148847579956 5.05311393737793 5.45916748046875
16.993064403533936 4.863842010498047 5.312812328338623
17.04918146133423 4.962879657745361 5.007996559143066
17.078532218933105 4.442153453826904 4.985438346862793
17.13261127471924 4.6921772956848145 4.601943016052246
17.149800062179565 4.227801322937012 4.639357089996338
17.202545166015625 4.421474456787109 4.331240653991699
17.239474058151245 4.073851108551025 4.501354217529297
17.28423023223877 4.511708736419678 4.511708736419678
17.30571699142456 4.286123275756836 4.647059917449951
17.357519149780273 4.6921772956848145 4.466591835021973
17.400623559951782 4.872645378112793 4.917762756347656
17.44960308074951 4.827528476715088 4.7372941970825195
17.47074317932129 5.062137126922607 4.525243759155273
17.521689414978027 5.007996559143066 4.6921772956848145
17.54295778274536 5.287338733673096 4.601943016052246
17.592081546783447 5.2786993980407715 4.962879657745361
17.61914563179016 5.432849407196045 4.825648784637451
17.6728253364563 5.504284858703613 5.05311393737793
17.69465684890747 5.4224443435668945 5.137052536010742
17.748019218444824 5.504284858703613 5.414050579071045
17.78052282333374 5.385252475738525 5.417890548706055
17.83452010154724 5.594519138336182 5.504284858703613
17.85250496864319 5.113269805908203 5.551550388336182
17.90451431274414 5.323816299438477 5.233582019805908
17.942764043807983 4.775601387023926 5.296576023101807
18.00153112411499 4.827528476715088 4.962879657745361
18.01539158821106 4.560483932495117 5.099450588226318
18.071454524993896 4.872645378112793 4.827528476715088
18.092029809951782 4.697816848754883 5.049354076385498
18.14907479286194 5.143348217010498 4.782411575317383
18.174805641174316 4.90873908996582 4.90873908996582
18.22902202606201 5.2786993980407715 4.466591835021973
18.250170707702637 4.67677116394043 4.639357089996338
18.304259538650513 5.05311393737793 4.466591835021973
18.33676815032959 4.633901119232178 4.378237247467041
18.39065432548523 4.6921772956848145 4.556826114654541
18.40671467781067 4.640292644500732 4.486894607543945
18.462860822677612 4.7372941970825195 4.647059917449951
18.507680416107178 4.651426315307617 4.7998762130737305
18.566408157348633 4.917762756347656 4.872645378112793
18.587990522384644 4.636031627655029 5.079181671142578
18.6441433429718 5.05311393737793 5.098230838775635
18.66606378555298 4.9609599113464355 5.189424991607666
18.72290587425232 5.36893367767334 5.2786993980407715
18.74939727783203 5.173426151275635 5.474206924438477
18.8018536567688 5.639636039733887 5.323816299438477
18.824671983718872 5.315422534942627 5.52946662902832
18.87751531600952 5.414050579071045 5.414050579071045
18.905383825302124 5.235543727874756 5.402280807495117
18.958582878112793 5.323816299438477 5.323816299438477
18.980148792266846 4.96717643737793 5.040223121643066
19.03407573699951 5.143348217010498 4.7372941970825195
19.06704878807068 4.830408096313477 4.699856758117676
19.121278285980225 5.007996559143066 4.6921772956848145
19.143605709075928 4.639357089996338 4.67677116394043
19.200726985931396 4.827528476715088 4.6921772956848145
19.22075915336609 4.7297749519348145 4.889564514160156
19.27502131462097 5.05311393737793 4.872645378112793
19.302995204925537 4.883694648742676 5.196752071380615
19.355792760849 4.962879657745361 4.647059917449951
19.383570671081543 4.994356632232666 4.815986633300781
19.438759803771973 5.2786993980407715 4.1507720947265625
19.459158897399902 4.993597507476807 4.634581089019775
19.512205123901367 4.962879657745361 3.970303773880005
19.539466857910156 4.83537483215332 4.335163593292236
19.592382431030273 4.917762756347656 4.105655193328857
19.619453191757202 4.806473731994629 4.261058330535889
19.668816328048706 4.827528476715088 4.241006374359131
19.69548201560974 4.708964824676514 4.138181209564209
19.7450909614563 4.7372941970825195 4.286123275756836
19.77611494064331 4.382802963256836 4.163662910461426
19.82630729675293 4.6921772956848145 4.331240653991699
19.849403381347656 4.2367095947265625 4.273232936859131
19.899746894836426 4.601943016052246 4.286123275756836
19.945677042007446 4.421474456787109 4.241006374359131
19.966744422912598 4.242926120758057 4.079736709594727
20.01591682434082 4.331240653991699 4.286123275756836
20.064690113067627 4.2316718101501465 4.152328014373779
20.112528085708618 4.286123275756836 4.286123275756836
20.13715672492981 3.8698155879974365 4.009268760681152
20.182212591171265 3.9251866340637207 3.744718313217163
20.225058794021606 3.3639934062957764 2.8795783519744873
20.272857666015625 2.9326107501983643 2.1656203269958496
20.304500102996826 2.746896266937256 1.569654941558838
20.35324764251709 2.300971508026123 0.7669904828071594
20.378350496292114 2.0708744525909424 0.07669904828071594
20.423035144805908 1.7595664262771606 -0.04511708766222
20.472810983657837 1.308395504951477 -0.2707025408744812
20.49316382408142 1.077932596206665 -0.3316715657711029
20.548115968704224 0.9925759434700012 -0.4962879717350006
20.56291699409485 0.9761697053909302 -0.73212730884552
20.62105965614319 1.1730443239212036 -0.9474588632583618
20.64515995979309 1.4419420957565308 -1.165825605392456
20.69516396522522 1.8498005867004395 -1.579098105430603
20.745861530303955 1.579098105430603 -1.8046835660934448
20.76710796356201 1.5339809656143188 -2.0690906047821045
20.810592651367188 1.579098105430603 -2.3460886478424072
20.823017835617065 1.4293913841247559 -2.4055612087249756
20.873365879058838 1.579098105430603 -2.7521424293518066
20.918513774871826 1.6298547983169556 -2.972088098526001
20.96781063079834 1.7595664262771606 -3.2033133506774902
20.994889736175537 1.670334815979004 -3.408846616744995
21.044649124145508 1.4888639450073242 -3.6544840335845947
21.076780319213867 1.6006758213043213 -3.734910249710083
21.126433610916138 1.6693322658538818 -3.9251866340637207
21.148152589797974 1.6800744533538818 -3.9445226192474365
21.19745373725891 1.579098105430603 -3.7898354530334473
21.23461937904358 1.5897620916366577 -4.044131755828857
21.28412699699402 1.579098105430603 -3.8349525928497314
21.339394330978394 1.4024969339370728 -3.8568665981292725
21.354292631149292 1.6385706663131714 -3.939542055130005
21.40403962135315 1.8498005867004395 -3.9251866340637207
21.430776596069336 1.7298083305358887 -4.112374782562256
21.480080604553223 1.8046835660934448 -3.6093671321868896
21.506651878356934 1.8626911640167236 -4.017569065093994
21.555116415023804 1.7595664262771606 -3.428898811340332
21.58755373954773 2.0453081130981445 -3.287102222442627
21.643566131591797 1.8846051692962646 -2.9803059101104736
21.659526109695435 1.9977426528930664 -2.818244218826294
21.70875883102417 2.0753860473632812 -2.300971508026123
21.76272678375244 1.9851518869400024 -1.9851518869400024
21.777788639068604 2.0453081130981445 -1.5339809656143188
21.834033727645874 2.191401481628418 -1.271012783050537
21.848053455352783 2.2498388290405273 -1.1590079069137573
21.896013021469116 2.1205031871795654 -1.0376930236816406
21.92843198776245 2.186738967895508 -1.0770504474639893
21.98069953918457 2.1205031871795654 -0.8121075630187988
22.031073331832886 1.8407771587371826 -0.5697643756866455
22.047319412231445 1.4532451629638672 -0.24220752716064453
22.09571623802185 0.36093670129776 0.0
22.122548818588257 -0.13055157661437988 0.0
22.176528692245483 -0.2255854457616806 0.04511708766222
22.197895050048828 -0.11224251240491867 0.0
22.251683950424194 -0.13148409128189087 0.0
22.278465270996094 0.0 0.03334741294384003
22.332178592681885 0.04511708766222 0.0
22.353493213653564 0.0 0.0
22.408584594726562 0.0 0.043828029185533524
22.44033980369568 0.0 0.10004223883152008
22.49755024909973 0.13148409128189087 0.21914014220237732
22.510955810546875 0.07482834160327911 0.29931336641311646
22.564358711242676 0.0 0.3506242334842682
22.602185249328613 0.026447948068380356 0.2909274399280548
22.662867546081543 0.1353512704372406 0.2707025408744812
22.704225063323975 0.2376590222120285 0.25926437973976135
22.75756525993347 0.43828028440475464 0.26296818256378174
22.798943042755127 0.7669904828071594 0.5309934020042419
22.853578805923462 1.051872730255127 0.7889044880867004
22.880579233169556 1.7780234813690186 1.2899385690689087
22.93976855278015 1.9722613096237183 1.8407771587371826
22.956512928009033 2.545755624771118 2.088825225830078
23.009929418563843 2.9326107501983643 2.255854368209839
23.036765336990356 3.2680463790893555 2.434361219406128
23.09284281730652 2.6296818256378174 1.9722613096237183
23.119271755218506 3.0679619312286377 2.3740181922912598
23.178472995758057 2.7611658573150635 2.191401481628418
23.198922157287598 3.0346145629882812 2.4010138511657715
23.25574254989624 3.0241339206695557 2.6296818256378174
23.28144073486328 3.3687427043914795 2.767181396484375
23.335249662399292 3.0241339206695557 2.7173378467559814
23.3657808303833 2.889592170715332 3.139309883117676
23.41772150993347 2.797259569168091 3.158196210861206
23.440670013427734 2.7678353786468506 3.1346569061279297
23.49267077445984 2.7521424293518066 3.2033133506774902
23.51935362815857 2.524677038192749 3.259709596633911
23.57348871231079 2.7070252895355225 3.474015712738037
23.600516080856323 2.56941819190979 3.4514572620391846
23.658416986465454 2.366713523864746 3.462414264678955
23.678060293197632 2.6205508708953857 3.259709596633911
23.732524871826172 2.279057502746582 3.1556179523468018
23.758522510528564 2.5566349029541016 2.972088098526001
23.811796188354492 2.4363226890563965 2.797259569168091
23.833158254623413 2.5566349029541016 2.674633502960205
23.88818383216858 2.410541534423828 2.45436954498291
23.913005113601685 2.863431215286255 2.624811887741089
23.967631816864014 2.7611658573150635 2.542025566101074
23.9881272315979 3.106311559677124 2.7611658573150635
24.042729377746582 3.1117899417877197 2.8049938678741455
24.06985354423523 3.2724928855895996 3.0679619312286377
24.11434054374695 3.199446201324463 2.9803059101104736
24.1280779838562 3.3101694583892822 3.0275940895080566
24.16879630088806 3.5191328525543213 3.2935473918914795
24.21967124938965 3.5642499923706055 3.2935473918914795
24.24448800086975 3.6815543174743652 3.374758243560791
24.301995992660522 3.6544840335845947 3.5642499923706055
24.31987977027893 3.7619056701660156 3.396672248840332
24.37344717979431 3.699601173400879 3.5191328525543213
24.40568733215332 3.5681731700897217 3.434783458709717
24.46108841896057 3.6544840335845947 3.6093671321868896
24.48264479637146 3.579288959503174 3.688858985900879
24.53610587120056 3.3386645317077637 4.060537815093994
24.559778928756714 3.601520538330078 4.135079383850098
24.611777544021606 3.6544840335845947 4.331240653991699
24.638610124588013 3.537548065185547 4.414108753204346
24.696566581726074 3.5191328525543213 4.7372941970825195
24.72124743461609 3.521183729171753 4.497353553771973
24.774606466293335 3.5642499923706055 4.6921772956848145
24.80146837234497 3.6001594066619873 4.320191383361816
24.855677604675293 3.6093671321868896 4.601943016052246
24.877325773239136 3.6387455463409424 4.173855304718018
24.935168027877808 3.9251866340637207 3.9251866340637207
24.959881067276 3.8192996978759766 3.9445226192474365
25.012856483459473 4.105655193328857 3.5191328525543213
25.035057544708252 4.141748905181885 3.5665059089660645
25.08812665939331 4.466591835021973 3.474015712738037
25.11513042449951 4.378237247467041 3.131877899169922
25.170991897583008 4.331240653991699 3.158196210861206
25.198912620544434 4.309756278991699 2.8488218784332275
25.255643367767334 4.105655193328857 2.797259569168091
25.27480149269104 4.0697455406188965 2.4731531143188477
25.32854390144348 3.8349525928497314 2.255854368209839
25.36095952987671 3.851271390914917 2.186738967895508
25.41558313369751 3.699601173400879 2.2107372283935547
25.440553426742554 3.287102222442627 2.2279248237609863
25.49185347557068 3.428898811340332 2.300971508026123
25.51776623725891 3.156461000442505 2.153473377227783
25.57075548171997 2.842376470565796 2.3912057876586914
25.59652066230774 2.806062698364258 2.4319210052490234
25.646318674087524 2.616791009902954 2.7521424293518066
25.681808471679688 2.6010982990264893 2.7678353786468506
25.7258517742157 2.3460886478424072 3.0228450298309326
25.747148752212524 2.4779694080352783 3.14662766456604
25.796823978424072 2.0753860473632812 3.0228450298309326
25.85006618499756 2.341339349746704 3.256345748901367
25.90205454826355 2.4814398288726807 3.3386645317077637
25.921918869018555 2.5798771381378174 3.4165940284729004
25.970214128494263 2.797259569168091 3.5191328525543213
25.99696397781372 2.734487771987915 3.4014360904693604
26.053576469421387 2.797259569168091 3.5642499923706055
26.0789852142334 2.92850923538208 3.312004327774048
26.123106956481934 2.9777278900146484 3.158196210861206
26.181288242340088 2.797259569168091 3.2484302520751953
26.194205284118652 2.9892961978912354 3.0679619312286377
26.242637395858765 3.158196210861206 3.2935473918914795
26.26356077194214 3.2043159008026123 3.340669631958008
26.312917709350586 3.428898811340332 3.5642499923706055
26.339812517166138 3.5681731700897217 3.3347413539886475
26.388962984085083 3.5191328525543213 3.6544840335845947
26.415953159332275 3.496049642562866 3.4603757858276367
26.4662024974823 3.7898354530334473 3.5191328525543213
26.493117809295654 3.5917603969573975 3.479517936706543
26.5415358543396 3.6544840335845947 3.383781671524048
26.569549322128296 3.745767593383789 3.210657835006714
26.616419315338135 3.474015712738037 3.113079071044922
26.648624897003174 3.6291744709014893 3.0679619312286377
26.70383381843567 3.6093671321868896 2.842376470565796
26.729514598846436 3.408846616744995 3.102050542831421
26.77842402458191 3.6544840335845947 3.113079071044922
26.805206775665283 3.412325143814087 3.0053505897521973
26.85347080230713 3.2935473918914795 3.2484302520751953
26.881183385849 3.217618703842163 3.292447090148926
26.929914236068726 3.2935473918914795 3.2484302520751953
26.961578369140625 3.1410086154937744 3.396672248840332
27.01055598258972 3.2935473918914795 3.383781671524048
27.032776594161987 3.3236255645751953 3.396672248840332
27.080744743347168 3.2935473918914795 3.474015712738037
27.134522199630737 3.6544840335845947 3.474015712738037
27.151607513427734 3.5348258018493652 3.5348258018493652
27.186650276184082 3.5642499923706055 3.474015712738037
27.214587688446045 3.8753204345703125 3.5523769855499268
27.262871980667114 3.8800694942474365 3.5191328525543213
27.32139492034912 3.8349525928497314 3.474015712738037
27.341200351715088 3.8884634971618652 3.674419641494751
27.386099576950073 3.9251866340637207 3.744718313217163
27.412531852722168 3.8192996978759766 3.7253823280334473
27.462196826934814 3.8800694942474365 3.970303773880005
27.49282717704773 3.741417169570923 3.8162453174591064
27.549105882644653 3.8800694942474365 3.9251866340637207
27.562597513198853 3.9445226192474365 3.981045961380005
27.618935346603394 3.8800694942474365 4.060537815093994
27.659517288208008 4.039483070373535 4.116182327270508
27.717342615127563 4.015420913696289 4.105655193328857
27.73761510848999 4.145012378692627 4.047098636627197
27.789950609207153 4.105655193328857 3.970303773880005
27.816850185394287 4.1928815841674805 3.9883506298065186
27.87296962738037 4.060537815093994 3.970303773880005
27.89741587638855 4.180098056793213 3.9500010013580322
27.949178218841553 3.9445226192474365 4.0321784019470215
27.981266021728516 4.112374782562256 4.112374782562256
28.036909341812134 4.286123275756836 4.195888996124268
28.053799390792847 4.183584690093994 4.113858222961426
28.108211755752563 4.382802963256836 4.295146942138672
28.15238666534424 4.459907531738281 4.346279621124268
28.210206985473633 4.6921772956848145 4.286123275756836
28.22610855102539 4.438753604888916 4.145012378692627
28.28188991546631 4.558115005493164 4.163662910461426
28.319605350494385 4.65576696395874 4.3866472244262695
28.382062673568726 4.6921772956848145 4.376357555389404
28.39429497718811 4.560483932495117 4.270271301269531
28.450643301010132 4.119834899902344 4.25131893157959
28.467613220214844 4.5699849128723145 4.378237247467041
28.520637035369873 4.015420913696289 4.286123275756836
28.54880690574646 4.368511199951172 4.135079383850098
28.601420402526855 4.241006374359131 4.241006374359131
28.621730089187622 4.414872169494629 3.965902090072632
28.67726230621338 3.9883506298065186 3.9883506298065186
28.70780348777771 3.9683420658111572 3.934994697570801
28.761882305145264 3.8568665981292725 3.6815543174743652
28.784075498580933 3.9201736450195312 3.81790828704834
28.836862087249756 3.7692103385925293 3.462414264678955
28.864147663116455 4.001689434051514 3.7015628814697266
28.923369884490967 3.7898354530334473 3.6093671321868896
28.94872736930847 3.995485305786133 3.674419641494751
29.00416374206543 3.6815543174743652 3.8568665981292725
29.025356769561768 3.818633556365967 3.7859957218170166
29.07970881462097 3.7898354530334473 4.015420913696289
29.106931686401367 3.6001594066619873 3.9445226192474365
29.160444259643555 3.8800694942474365 4.015420913696289
29.187468767166138 3.6523356437683105 4.017569065093994
29.240418195724487 3.5642499923706055 4.015420913696289
29.26413083076477 3.801604986190796 3.9683420658111572
29.316383600234985 3.6544840335845947 4.015420913696289
29.34891414642334 3.8349525928497314 3.934994697570801
29.403231382369995 3.7253823280334473 4.0321784019470215
29.420963287353516 3.5543463230133057 4.2652153968811035
29.47329878807068 3.637726306915283 4.338974952697754
29.51674222946167 3.5025899410247803 4.576376438140869
29.571599006652832 3.593898296356201 4.733427047729492
29.592954635620117 3.8527894020080566 4.815986633300781
29.64604616165161 3.8130385875701904 4.777255058288574
29.672938585281372 4.406115531921387 4.765132427215576
29.731098413467407 4.163662910461426 4.733427047729492
29.752395629882812 4.637617111206055 4.815986633300781
29.805288076400757 4.25131893157959 4.733427047729492
29.837779998779297 4.471391201019287 4.765132427215576
29.893445253372192 4.25131893157959 4.426630973815918
29.907160997390747 4.287280082702637 4.483944416046143
29.961729049682617 4.470458984375 4.163662910461426
30.00538659095764 4.471944808959961 4.159948348999023
30.057989597320557 4.470458984375 3.6815543174743652
30.079994440078735 4.637617111206055 3.745767593383789
30.13267731666565 4.645771026611328 3.637726306915283
30.159623622894287 4.7042083740234375 3.5452005863189697
30.213605880737305 4.558115005493164 3.462414264678955
30.234118700027466 4.678642272949219 3.6048552989959717
30.288500547409058 4.470458984375 3.418586254119873
30.31453514099121 4.499677658081055 3.5452005863189697
30.366906881332397 4.207490921020508 3.550070285797119
30.39098811149597 4.523277282714844 3.618621826171875
30.44310426712036 4.0321784019470215 3.637726306915283
30.470093727111816 4.536667346954346 3.7533576488494873
30.531205892562866 4.25131893157959 3.9006946086883545
30.54504132270813 4.601943016052246 4.011950492858887
30.598721265792847 4.338974952697754 3.8568665981292725
30.623987913131714 4.295146942138672 3.9883506298065186
30.66988968849182 3.8568665981292725 3.6815543174743652
30.69144105911255 3.772763967514038 3.9385998249053955
30.745477199554443 3.374758243560791 3.8568665981292725
30.776343822479248 3.4612903594970703 3.6972875595092773
30.829700469970703 3.1117899417877197 3.9883506298065186
30.84585738182068 2.952913522720337 3.7199039459228516
30.900095462799072 2.9803059101104736 3.593898296356201
30.944098949432373 2.859964609146118 3.7439537048339844
30.998114347457886 2.6735098361968994 3.6815543174743652
31.021762371063232 2.754193067550659 3.8349525928497314
31.071451902389526 2.6735098361968994 3.6815543174743652
31.099717378616333 2.692988872528076 3.647465944290161
31.154188632965088 2.6735098361968994 3.374758243560791
31.17563509941101 2.702728509902954 3.2505788803100586
31.219093799591064 2.6296818256378174 2.8488218784332275
31.243687629699707 2.6960878372192383 2.6496036052703857
31.292325973510742 2.6735098361968994 2.45436954498291
31.34093928337097 2.7521424293518066 2.3912057876586914
31.35701608657837 2.68446683883667 2.056929111480713
31.410646438598633 2.0160892009735107 1.7531211376190186
31.45332932472229 1.3805829286575317 0.9970876574516296
31.50878381729126 0.2255854457616806 0.2255854457616806
31.535468101501465 -0.06972640752792358 -0.06972640752792358
31.58834195137024 -0.09023417532444 -0.09023417532444
31.610068559646606 -0.03334741294384003 -0.03334741294384003
31.6630699634552 0.0 -0.09023417532444
31.69014263153076 0.03334741294384003 -0.06669482588768005
31.746067762374878 0.0 -0.18046835064888
31.768338441848755 0.0 -0.20453080534934998
31.82150101661682 0.04511708766222 -0.4511708915233612
31.847557544708252 0.03334741294384003 -0.43351638317108154
31.895625591278076 0.09023417532444 -0.5865221619606018
31.912392616271973 0.11224251240491867 -0.6360409259796143
31.953932285308838 0.09023417532444 -0.857224702835083
31.995864629745483 0.1353512704372406 -0.7669904828071594
32.02715754508972 0.1753121167421341 -0.8765605688095093
32.085137128829956 0.13148409128189087 -0.6574204564094543
32.103060245513916 0.12437684088945389 -0.7048020958900452
32.15794086456299 0.1353512704372406 -0.6767563223838806
32.17822813987732 0.13055157661437988 -0.6853957772254944
32.231966733932495 0.1353512704372406 -0.6767563223838806
32.266520738601685 0.20008447766304016 -0.6002534627914429
32.31762671470642 0.2707025408744812 -0.6767563223838806
32.33901619911194 0.29931336641311646 -0.5612125396728516
32.39270496368408 0.2255854457616806 -0.6316392421722412
32.41390085220337 0.10004223883152008 -0.5669060349464417
32.46753811836243 0.04511708766222 -0.4511708915233612
32.49427127838135 -0.03263789415359497 -0.19582736492156982
32.54821228981018 0.0 0.04511708766222
32.57562708854675 -0.03741417080163956 0.03741417080163956
32.628647804260254 -0.04511708766222 0.0
32.64355182647705 -0.10004223883152008 0.03334741294384003
32.68451261520386 -0.04511708766222 0.04511708766222
32.71060562133789 0.0 0.043828029185533524
32.74358677864075 0.0 0.0
32.78264021873474 0.043828029185533524 0.043828029185533524
32.824782609939575 0.0 0.0
32.857529640197754 0.0 0.0
32.9109251499176 0.0 -0.043828029185533524
32.95624494552612 0.0 0.0
33.01130676269531 0.0 0.0
33.03288698196411 0.0 0.0
33.08957004547119 0.0 0.0
33.11619305610657 0.0 0.0
33.17268419265747 0.0 0.0
33.198461294174194 0.0 0.0
33.254005670547485 0.0 0.0
33.275437355041504 0.0 0.0
33.32972311973572 0.04511708766222 0.0
33.355727434158325 0.03263789415359497 -0.03263789415359497
33.41044068336487 -0.04511708766222 0.0
33.43329191207886 0.03741417080163956 0.0
33.487876653671265 -0.04511708766222 0.0
33.515846252441406 -0.06391587853431702 0.0
33.57092547416687 0.0 0.0
33.59341216087341 0.0 0.0
33.64919066429138 0.04511708766222 0.0
33.67717623710632 0.0 -0.06261146813631058
33.73006248474121 0.0 0.0
33.74975514411926 0.0 0.0
33.80664372444153 0.0 0.0
33.82820177078247 0.03652335703372955 -0.0730467140674591
33.885581970214844 0.0 -0.1353512704372406
33.91535449028015 0.03263789415359497 -0.19582736492156982
33.96929740905762 0.04511708766222 -0.36093670129776
33.989439487457275 0.0 -0.5843737125396729
34.03760361671448 0.0 -0.9023417830467224
34.067455530166626 0.03567397594451904 -1.2842631340026855
34.11776113510132 0.0 -1.6693322658538818
34.13932728767395 0.03486320376396179 -1.7082970142364502
34.188504219055176 0.0 -2.030268907546997
34.236493825912476 0.0 -2.3460886478424072
34.25781202316284 0.03408846631646156 -2.45436954498291
34.307366371154785 0.0 -2.7521424293518066
34.32952833175659 0.03334741294384003 -2.86787748336792
34.37766718864441 0.0 -3.0679619312286377
34.40472340583801 0.04145894572138786 -2.985044002532959
34.45310878753662 0.04511708766222 -3.428898811340332
34.481837034225464 0.03652335703372955 -3.396672248840332
34.52822470664978 0.09023417532444 -3.428898811340332
34.55635070800781 0.22448502480983734 -3.6291744709014893
34.60344076156616 0.4060537815093994 -3.7898354530334473
34.629236936569214 0.6939437985420227 -3.5427656173706055
34.68090033531189 1.0828101634979248 -3.8800694942474365
34.70991587638855 1.384324312210083 -3.3672754764556885
34.76089525222778 1.6242151260375977 -3.158196210861206
34.78917336463928 1.4591526985168457 -2.4319210052490234
34.83956170082092 1.4888639450073242 -2.030268907546997
34.866257667541504 1.4713695049285889 -1.5026752948760986
34.90555214881897 1.579098105430603 -0.9023417830467224
34.92417073249817 1.8748656511306763 -0.2130529135465622
34.961371183395386 2.0753860473632812 0.04511708766222
35.00549268722534 2.1205031871795654 0.0
35.05949783325195 2.300971508026123 0.0
35.08177828788757 2.5173020362854004 0.0
35.13028430938721 2.6619081497192383 0.0
35.15576386451721 2.667793035507202 0.0
35.20553660392761 3.0228450298309326 0.0
35.23851561546326 2.9218685626983643 0.0
35.2852897644043 2.9777278900146484 0.0
35.30620074272156 3.1427903175354004 0.0
35.35607624053955 3.158196210861206 0.0
35.40491008758545 3.202521800994873 0.0
35.445077896118164 3.2484302520751953 0.0
35.46070122718811 3.292447090148926 0.03741417080163956
35.498584032058716 3.2033133506774902 0.0
35.5372588634491 3.2033133506774902 0.0
35.58040714263916 3.199446201324463 0.0
35.594542026519775 3.253899097442627 0.09296854585409164
35.63451337814331 2.9777278900146484 0.18046835064888
35.67116022109985 3.0241339206695557 0.43828028440475464
35.71840238571167 3.0679619312286377 0.7669904828071594
35.76639914512634 3.113079071044922 0.9925759434700012
35.78897786140442 3.108330011367798 1.332141399383545
35.83952236175537 3.2935473918914795 1.6242151260375977
35.87060236930847 3.412325143814087 2.191401481628418
35.91488862037659 3.3386645317077637 2.616791009902954
35.94672513008118 3.5169320106506348 2.8434770107269287
36.000446796417236 3.744718313217163 3.158196210861206
36.01561093330383 3.66658878326416 3.255032777786255
36.070148229599 4.060537815093994 3.383781671524048
36.11226034164429 3.8605189323425293 3.5025899410247803
36.16662859916687 4.286123275756836 3.474015712738037
36.19335460662842 4.357900619506836 3.4514572620391846
36.247458934783936 4.382802963256836 3.418586254119873
36.269633054733276 4.5685954093933105 3.3347413539886475
36.313990354537964 4.782411575317383 3.383781671524048
36.337977170944214 4.711513042449951 3.3236255645751953
36.37846875190735 4.777255058288574 3.1117899417877197
36.39956617355347 5.2786993980407715 3.113079071044922
36.45349073410034 4.962879657745361 3.113079071044922
36.50258231163025 5.1717071533203125 2.9803059101104736
36.551443338394165 5.143348217010498 3.0679619312286377
36.56746435165405 5.611141204833984 3.108330011367798
36.61920738220215 5.084051132202148 3.330930233001709
36.635347843170166 5.669060230255127 3.5348258018493652
36.691163301467896 5.36893367767334 3.8800694942474365
36.72936296463013 5.445632457733154 3.9883506298065186
36.78276205062866 5.434675693511963 4.207490921020508
36.83458471298218 5.45916748046875 4.556826114654541
36.85032653808594 5.697643756866455 4.426630973815918
36.904255867004395 5.303191661834717 4.601943016052246
36.91968822479248 5.744909286499023 4.601943016052246
36.97446155548096 5.303191661834717 4.558115005493164
37.017587661743164 5.797928333282471 4.497944355010986
37.071011781692505 5.653815746307373 4.601943016052246
37.092411518096924 5.779184341430664 4.530594825744629
37.14498043060303 5.741471767425537 4.470458984375
37.17733645439148 5.658685684204102 4.533766269683838
37.23136258125305 5.566159725189209 4.558115005493164
37.24740505218506 5.545931339263916 4.71994161605835
37.30080032348633 5.347019672393799 4.382802963256836
37.34481406211853 5.4279327392578125 4.631442546844482
37.397029399871826 5.1278791427612305 4.558115005493164
37.41305732727051 5.1814470291137695 4.601943016052246
37.46955895423889 4.821083068847656 4.558115005493164
37.50464630126953 5.025110244750977 4.813526630401611
37.55875825881958 4.68959903717041 4.821083068847656
37.60776400566101 4.861539840698242 4.932338714599609
37.663548707962036 4.821083068847656 4.90873908996582
37.69624328613281 4.863046169281006 4.863046169281006
37.75188374519348 4.864911079406738 4.733427047729492
37.7714581489563 4.85166072845459 4.5662689208984375
37.83270049095154 4.777255058288574 4.338974952697754
37.86836886405945 4.711513042449951 4.355410575866699
37.92224931716919 4.68959903717041 4.382802963256836
37.94292235374451 4.601943016052246 4.323037147521973
37.99261808395386 4.338974952697754 4.119834899902344
38.039917945861816 4.4007649421691895 4.325323581695557
38.090351819992065 4.338974952697754 4.119834899902344
38.11056447029114 4.280877113342285 4.280877113342285
38.16439414024353 4.076006889343262 4.163662910461426
38.19599366188049 4.101731777191162 4.335163593292236
38.25419092178345 3.7253823280334473 4.076006889343262
38.2697958946228 4.031159400939941 4.209529399871826
38.32361340522766 3.7253823280334473 4.119834899902344
38.36625552177429 3.9259514808654785 4.575943470001221
38.42016005516052 3.7692103385925293 4.207490921020508
38.44156575202942 3.7814414501190186 4.637617111206055
38.495636224746704 3.506242275238037 4.207490921020508
38.53073215484619 3.4681310653686523 4.501900672912598
38.581072092056274 3.287102222442627 4.25131893157959
38.6065194606781 3.3298611640930176 4.227801322937012
38.65282225608826 3.1556179523468018 4.076006889343262
38.679752588272095 3.2384042739868164 3.9883506298065186
38.7323899269104 3.1556179523468018 3.9006946086883545
38.75352621078491 3.374758243560791 3.8733019828796387
38.80725860595703 3.287102222442627 3.7692103385925293
38.83618998527527 3.6815543174743652 4.056527614593506
38.8915741443634 3.8130385875701904 3.7692103385925293
38.91348338127136 3.8527894020080566 4.138181209564209
38.96881175041199 3.8568665981292725 3.9883506298065186
39.00014638900757 3.866910457611084 3.9627842903137207
39.05355358123779 3.6815543174743652 3.8130385875701904
39.06934833526611 3.8349525928497314 3.796602964401245
39.12353301048279 3.9006946086883545 3.8568665981292725
39.167208194732666 3.886085271835327 3.579288959503174
39.21985125541687 3.8130385875701904 3.418586254119873
39.24703335762024 4.1025071144104 3.496049642562866
39.30058741569519 3.9006946086883545 3.506242275238037
39.321897983551025 4.148721218109131 3.556046962738037
39.37569737434387 3.9883506298065186 3.7253823280334473
39.40823817253113 4.210288047790527 3.818633556365967
39.45129585266113 4.466591835021973 4.060537815093994
39.46240949630737 4.353189468383789 4.436107158660889
39.51745676994324 4.558115005493164 4.514286994934082
39.564836740493774 4.647059917449951 4.782411575317383
39.609683990478516 4.775134563446045 4.997808933258057
39.66371750831604 4.782411575317383 5.143348217010498
39.685399770736694 4.968764305114746 5.36893367767334
39.73946571350098 4.872645378112793 5.2786993980407715
39.77153563499451 5.124149322509766 5.581079959869385
39.82469582557678 4.827528476715088 5.2786993980407715
39.84425616264343 5.090027809143066 5.543249607086182
39.89943766593933 4.917762756347656 5.143348217010498
39.927051067352295 4.9609599113464355 5.287338733673096
39.977750062942505 4.917762756347656 5.188465118408203
40.00051999092102 4.894129753112793 5.076746463775635
40.04082489013672 4.782411575317383 4.827528476715088
40.06120228767395 4.952567100524902 4.952567100524902
40.09420609474182 4.872645378112793 4.827528476715088
40.14559578895569 4.917762756347656 5.007996559143066
40.19503355026245 4.821083068847656 4.821083068847656
40.21679091453552 4.887334823608398 5.101378440856934
40.27070498466492 5.098230838775635 4.962879657745361
40.298540115356445 5.049354076385498 5.20914363861084
40.35297918319702 5.188465118408203 4.917762756347656
40.40047812461853 5.024343490600586 4.846490859985352
40.455241680145264 5.007996559143066 4.601943016052246
40.5037202835083 4.957648754119873 4.5574798583984375
40.5580632686615 5.05311393737793 4.827528476715088
40.60532879829407 4.876686096191406 4.670628547668457
40.659353494644165 5.05311393737793 5.007996559143066
40.70896863937378 5.079740524291992 4.954004287719727
40.76567053794861 5.233582019805908 5.098230838775635
40.78847575187683 5.36893367767334 5.305017471313477
40.84867739677429 5.2786993980407715 5.323816299438477
40.8728711605072 5.399612903594971 5.43029260635376
40.920204639434814 5.549401760101318 5.45916748046875
40.94739317893982 5.36893367767334 5.669060230255127
41.00038456916809 5.414050579071045 5.639636039733887
41.021870374679565 5.222840309143066 5.36893367767334
41.077882528305054 5.143348217010498 5.414050579071045
41.10967230796814 5.049354076385498 5.017395973205566
41.17521572113037 5.188465118408203 5.2786993980407715
41.18503022193909 4.9760847091674805 4.938670635223389
41.24501705169678 5.05311393737793 5.007996559143066
41.26419949531555 4.732494354248047 4.765132427215576
41.314486026763916 4.872645378112793 5.007996559143066
41.34815740585327 4.5699849128723145 4.7936906814575195
41.40109705924988 4.601943016052246 5.098230838775635
41.42174744606018 4.340044021606445 5.050912857055664
41.47214436531067 4.421474456787109 5.414050579071045
41.48830461502075 4.435205936431885 5.46897554397583
41.53888726234436 4.511708736419678 6.000572681427002
41.58673620223999 4.6921772956848145 5.77498722076416
41.6079683303833 4.564528942108154 5.911438941955566
41.662668228149414 4.872645378112793 5.820104598999023
41.68866324424744 4.761732578277588 5.78438663482666
41.741649866104126 5.007996559143066 5.729870319366455
41.76297473907471 4.784559726715088 5.441980361938477
41.82125210762024 4.962879657745361 5.549401760101318
41.848264932632446 4.7936906814575195 5.08131217956543
41.901049852371216 4.782411575317383 5.143348217010498
41.92268443107605 4.7480363845825195 4.492372989654541
41.976271867752075 4.872645378112793 4.556826114654541
42.0088574886322 4.569304943084717 3.981822967529297
42.0628445148468 4.466591835021973 3.9251866340637207
42.08455204963684 4.492372989654541 3.6523356437683105
42.1314857006073 4.241006374359131 3.3386645317077637
42.154752016067505 4.261058330535889 3.2384042739868164
42.195478439331055 3.8349525928497314 2.797259569168091
42.22585964202881 3.4863204956054688 2.4636664390563965
42.275325536727905 3.0241339206695557 1.7969491481781006
42.32709336280823 2.571674108505249 1.2181613445281982
42.34868812561035 2.0341920852661133 0.2667793035507202
42.39020395278931 1.1730443239212036 -0.2255854457616806
42.43878793716431 0.13696259260177612 -0.35610273480415344
42.48828148841858 -0.04511708766222 -0.36093670129776
42.5086886882782 0.0 -0.3834952414035797
42.558778524398804 0.0 -0.2707025408744812
42.60700225830078 0.0 -0.2707025408744812
42.6294481754303 0.03334741294384003 -0.33347412943840027
42.679455518722534 0.0 -0.4060537815093994
42.70504975318909 0.0 -0.5113270282745361
42.751375913619995 0.0 -0.6316392421722412
42.77257752418518 0.0 -0.8231117725372314
42.82325458526611 0.0 -1.1279271841049194
42.85039663314819 0.0 -1.4925220012664795
42.89863085746765 0.04511708766222 -1.8498005867004395
42.92545819282532 0.0 -2.09519362449646
42.97545838356018 0.0 -2.4814398288726807
43.00301766395569 0.0 -2.6296818256378174
43.05221652984619 0.0 -2.797259569168091
43.07946014404297 0.0 -2.9966139793395996
43.12854862213135 0.09023417532444 -3.113079071044922
43.15480923652649 0.03567397594451904 -3.032288074493408
43.205251693725586 0.04511708766222 -3.113079071044922
43.233039140701294 0.11224251240491867 -2.9183053970336914
43.28004837036133 0.2707025408744812 -3.113079071044922
43.30634927749634 0.2667793035507202 -3.001267194747925
43.35522770881653 0.4962879717350006 -2.842376470565796
43.38079047203064 0.5697643756866455 -2.7611658573150635
43.43005418777466 0.857224702835083 -3.0228450298309326
43.478447675704956 1.0828101634979248 -3.158196210861206
43.49981069564819 1.43393874168396 -2.9679198265075684
43.54881238937378 1.8949177265167236 -3.3386645317077637
43.57436990737915 2.237055540084839 -3.259709596633911
43.625399112701416 2.526556968688965 -3.0228450298309326
43.64994263648987 2.837864875793457 -2.8762142658233643
43.6979923248291 3.0228450298309326 -3.0228450298309326
43.725324869155884 2.9583919048309326 -2.483588218688965
43.775787115097046 3.2935473918914795 -2.300971508026123
43.808351039886475 3.3236255645751953 -1.93573796749115
43.86033868789673 3.2484302520751953 -1.6693322658538818
43.882304191589355 3.4770236015319824 -1.6021579504013062
43.92279648780823 3.428898811340332 -1.5339809656143188
43.958606243133545 3.5348258018493652 -1.6006758213043213
43.996073961257935 3.5191328525543213 -1.8046835660934448
44.01831531524658 3.5642499923706055 -1.8498005867004395
44.054184436798096 3.428898811340332 -1.9400347471237183
44.090380907058716 3.428898811340332 -2.255854368209839
44.116231203079224 3.346867561340332 -2.4636664390563965
44.15542483329773 3.3386645317077637 -2.3912057876586914
44.20359945297241 2.8488218784332275 -2.542025566101074
44.25163388252258 2.9326107501983643 -2.4814398288726807
44.301778078079224 2.68446683883667 -2.275405168533325
44.354814767837524 2.4363226890563965 -2.1205031871795654
44.37727212905884 1.8066887855529785 -1.465804100036621
44.42434525489807 1.1279271841049194 -0.857224702835083
44.450605154037476 0.16673706471920013 -0.16673706471920013
44.50477480888367 -0.1353512704372406 0.0
44.536418199539185 -0.03834952414035797 0.0
44.582266092300415 -0.04511708766222 0.0
44.60558080673218 -0.03263789415359497 0.0
44.65962362289429 -0.1353512704372406 0.0
44.6808397769928 0.0 -0.07669904828071594
44.73341083526611 0.0 -0.04511708766222
44.77430820465088 0.0 0.03334741294384003
44.82433772087097 0.0 -0.04511708766222
44.844090938568115 0.0 0.0
44.89822244644165 0.0 0.0
44.91923475265503 0.0 0.0
44.97328591346741 0.0 0.0
45.00509834289551 0.0 0.0
45.04808044433594 0.0 0.0
45.06377983093262 0.0 0.0
45.10493087768555 0.0 0.0
45.12811899185181 0.0 0.0
45.16401147842407 0.0 0.0
45.20454812049866 0.0 0.0
45.25432229042053 0.0 0.0
45.26818656921387 0.0 0.0
45.30547380447388 0.0 0.0
45.35028696060181 0.0 0.0
45.39863419532776 0.0 0.0
45.42180848121643 0.0 0.0
45.47533679008484 0.0 0.0
45.50003433227539 0.0 0.0
45.55337691307068 0.0 0.0
45.580971479415894 0.0 0.0
45.63405156135559 0.0 0.0
45.65663933753967 0.0 0.0
45.71010112762451 0.0 0.0
45.74080753326416 0.0 0.0
45.79436373710632 0.0 0.0
45.815720319747925 0.0 0.0
45.8689751625061 0.0 0.0
45.889443159103394 0.0 0.0
45.92902064323425 0.0 0.0
45.95760130882263 0.0 0.0
45.99411725997925 0.0 0.0
46.030789852142334 0.0 0.0
46.06665062904358 0.0 0.0
46.08977460861206 0.0 0.0
46.12637972831726 0.0 0.0
46.16692852973938 0.0 0.0
46.203495502471924 0.0 0.0
46.23340630531311 0.0 0.0
46.28197360038757 0.0 0.0
46.33021259307861 0.0 0.0
46.35249137878418 0.0 0.0
46.40455484390259 0.0 0.0
46.42659091949463 0.0 0.03408846631646156
46.481682538986206 0.0 -0.043828029185533524
46.506763219833374 0.0 0.0
46.55933451652527 0.0 0.0
46.58300256729126 0.0 0.0
46.63452649116516 0.0 0.0
46.666802167892456 0.0 0.0
46.71991562843323 0.0 0.0
46.737658977508545 0.0 0.0
46.79034376144409 0.0 0.0
46.833728551864624 0.0 0.0
46.878427505493164 0.0 0.0
46.894713163375854 0.0 0.0
46.93434953689575 0.0 0.0
46.9712073802948 0.0 0.0
47.00710439682007 0.0 0.0
47.03540563583374 0.0 0.0
