0.35022902488708496 0.0 0.0
0.3933866024017334 0.0 0.0
0.4427495002746582 0.0 0.0
0.46441173553466797 0.0 0.0
0.518751859664917 0.0 0.0
0.5344583988189697 0.0 0.0
0.5886321067810059 0.0 0.0
0.6291649341583252 0.0 0.0
0.6869351863861084 0.0 0.0
0.7351109981536865 0.0 0.0
0.7887284755706787 0.0 0.0
0.8325352668762207 0.0 0.0
0.8823518753051758 0.0 0.0
0.8989913463592529 0.0 0.0
0.9394662380218506 0.0 0.0
0.9672830104827881 0.0 0.0
1.0005149841308594 0.0 0.0
1.0367841720581055 0.0 0.0
1.0660765171051025 0.0 0.0
1.0983378887176514 0.0 0.0
1.1431772708892822 0.0 0.0
1.1966629028320312 0.0 0.0
1.2465839385986328 0.0 0.0
1.2621257305145264 0.0 0.0
1.3174669742584229 0.0 0.0
1.332087755203247 0.0 0.0
1.3864989280700684 0.0 0.0
1.4079267978668213 0.0 0.0
1.4637060165405273 0.0 0.0
1.496063232421875 0.0 0.0
1.5510005950927734 0.0 0.0
1.5713207721710205 0.03741417080163956 0.0
1.6268255710601807 0.0 0.0
1.6412909030914307 -0.03334741294384003 0.0
1.684706211090088 0.0 0.0
1.7044250965118408 0.0 0.0
1.759995698928833 0.0 0.0
1.8081161975860596 0.0 0.0
1.8298258781433105 0.0 0.0
1.8852012157440186 0.0 0.0
1.910893201828003 0.03263789415359497 0.0
1.965397834777832 0.0 0.04511708766222
1.9855220317840576 0.03652335703372955 0.0
2.0393316745758057 0.0 0.0
2.0651142597198486 0.03334741294384003 0.0
2.119853973388672 0.09023417532444 0.0
2.143237352371216 0.07482834160327911 0.03741417080163956
2.19787859916687 0.2255854457616806 0.0
2.228611707687378 0.3590168356895447 0.03263789415359497
2.282057762145996 0.4060537815093994 0.1353512704372406
2.300309658050537 0.43828028440475464 0.1460934281349182
2.341935634613037 0.4962879717350006 0.36093670129776
2.357292652130127 0.4560483992099762 0.5804252624511719
2.3966100215911865 0.4962879717350006 0.9474588632583618
2.438109874725342 0.48210832476615906 1.095700740814209
2.4612653255462646 0.5578112602233887 1.5339809656143188
2.4991843700408936 0.6767563223838806 1.8046835660934448
2.5367252826690674 0.7889044880867004 1.7531211376190186
2.570561647415161 1.0828101634979248 1.6242151260375977
2.6075942516326904 1.2632784843444824 1.3986297845840454
2.63149356842041 1.44374680519104 1.308395504951477
2.6741676330566406 1.6693322658538818 1.3986297845840454
2.7110648155212402 1.7595664262771606 1.308395504951477
2.734813690185547 1.8407771587371826 1.5339809656143188
2.770847797393799 1.6216371059417725 1.3586689233779907
2.807499408721924 1.714449405670166 1.44374680519104
2.8437020778656006 1.8046835660934448 1.308395504951477
2.8792481422424316 1.8046835660934448 1.2181613445281982
2.903853178024292 1.7092931270599365 1.095700740814209
2.9450249671936035 1.714449405670166 1.2632784843444824
2.9799234867095947 1.6242151260375977 1.308395504951477
3.0111773014068604 1.4901529550552368 1.4901529550552368
3.047708034515381 1.4024969339370728 1.6216371059417725
3.083709716796875 1.579098105430603 1.44374680519104
3.1221182346343994 1.6693322658538818 1.44374680519104
3.160391092300415 1.5339809656143188 1.3535126447677612
3.1782355308532715 1.3586689233779907 1.227184772491455
3.218759298324585 1.1730443239212036 1.3986297845840454
3.255000591278076 1.1279271841049194 1.3986297845840454
3.282996654510498 1.1621068716049194 1.719918131828308
3.31901478767395 1.1730443239212036 1.8498005867004395
3.3628556728363037 1.3148409128189087 1.8407771587371826
3.4108150005340576 1.44374680519104 1.8498005867004395
3.460768938064575 1.714449405670166 1.9851518869400024
3.48075795173645 1.8322551250457764 2.002697467803955
3.5298993587493896 1.7595664262771606 2.1205031871795654
3.5512771606445312 1.8674551248550415 2.23427677154541
3.5994999408721924 2.030268907546997 2.300971508026123
3.638153553009033 2.1529557704925537 2.341339349746704
3.688441753387451 2.2107372283935547 2.3912057876586914
3.742971897125244 2.300971508026123 2.3460886478424072
3.7606201171875 2.3648874759674072 2.173139810562134
3.809513807296753 2.3912057876586914 2.1205031871795654
3.8364713191986084 2.3968453407287598 2.1092238426208496
3.8860979080200195 2.4814398288726807 2.2107372283935547
3.9117515087127686 2.4615044593811035 2.2831344604492188
3.9563188552856445 2.616791009902954 2.1656203269958496
3.974219560623169 2.4319210052490234 2.057779312133789
4.011211156845093 2.526556968688965 2.2107372283935547
4.051298141479492 2.322885513305664 2.279057502746582
4.088258504867554 2.4363226890563965 2.2107372283935547
4.108233213424683 2.4927191734313965 2.300971508026123
4.149473190307617 2.322885513305664 2.2352294921875
4.185298919677734 2.3460886478424072 2.526556968688965
4.222835540771484 2.4814398288726807 2.6619081497192383
4.261192083358765 2.4814398288726807 2.7070252895355225
4.2848734855651855 2.526556968688965 2.7070252895355225
4.335825443267822 2.526556968688965 2.9326107501983643
4.384613275527954 2.7070252895355225 3.0228450298309326
4.410812616348267 2.68446683883667 2.9982357025146484
4.458932161331177 2.842376470565796 3.2033133506774902
4.489554405212402 2.8394968509674072 3.100600004196167
4.534230947494507 3.0679619312286377 3.0679619312286377
4.569798231124878 2.885345220565796 2.9583919048309326
4.6152894496917725 2.9777278900146484 2.9326107501983643
4.642656087875366 2.952913522720337 2.7995152473449707
4.693115711212158 3.0228450298309326 2.842376470565796
4.718874454498291 2.9145638942718506 2.7304861545562744
4.768938064575195 2.9777278900146484 2.842376470565796
4.793304681777954 2.9145638942718506 2.7611658573150635
4.841925859451294 3.0679619312286377 2.797259569168091
4.868810653686523 2.837864875793457 2.837864875793457
4.912325859069824 3.113079071044922 2.9777278900146484
4.937067270278931 2.885345220565796 2.9583919048309326
4.972342252731323 2.9777278900146484 3.0679619312286377
5.012103319168091 2.797259569168091 3.2033133506774902
5.039865970611572 3.0228450298309326 2.9777278900146484
5.087790012359619 2.8049938678741455 2.9364778995513916
5.135645866394043 2.9326107501983643 3.113079071044922
5.159168243408203 2.812298536300659 3.1775319576263428
5.205170631408691 2.9326107501983643 2.9777278900146484
5.2436487674713135 2.861464500427246 3.1269612312316895
5.298663854598999 2.88749361038208 3.158196210861206
5.34881329536438 2.86787748336792 3.090193510055542
5.399022817611694 2.842376470565796 3.2484302520751953
5.424384117126465 2.9633724689483643 3.0330986976623535
5.47836971282959 2.9364778995513916 3.1117899417877197
5.505133628845215 3.255032777786255 3.292447090148926
5.554489850997925 3.0228450298309326 3.158196210861206
5.582594871520996 3.234699010848999 3.0679619312286377
5.632221221923828 3.2484302520751953 3.2033133506774902
5.652311325073242 3.0679619312286377 3.136138916015625
5.689996004104614 3.474015712738037 3.0679619312286377
5.715058088302612 3.346867561340332 3.253899097442627
5.751001596450806 3.3386645317077637 3.158196210861206
5.792879343032837 3.6093671321868896 3.3386645317077637
5.827177286148071 3.550070285797119 3.287102222442627
5.8508522510528564 3.579288959503174 3.3933517932891846
5.887655258178711 3.474015712738037 3.428898811340332
5.924451589584351 3.744718313217163 3.428898811340332
5.960322856903076 3.6093671321868896 3.383781671524048
6.004729270935059 3.428898811340332 3.2935473918914795
6.021784067153931 3.383781671524048 3.2033133506774902
6.058703184127808 3.474015712738037 3.2484302520751953
6.096127510070801 3.2484302520751953 3.2935473918914795
6.131489038467407 3.3386645317077637 3.3386645317077637
6.160329103469849 3.158196210861206 3.2484302520751953
6.201990127563477 3.158196210861206 3.383781671524048
6.236578941345215 2.8488218784332275 3.374758243560791
6.261367321014404 3.2074148654937744 3.3003833293914795
6.297717571258545 3.0228450298309326 3.428898811340332
6.338019847869873 2.9364778995513916 3.243274211883545
6.366179943084717 2.88749361038208 3.2484302520751953
6.4025352001190186 3.0228450298309326 3.158196210861206
6.4384925365448 3.113079071044922 3.158196210861206
6.474532604217529 2.9326107501983643 3.158196210861206
6.499241590499878 3.1144461631774902 3.021477699279785
6.539161205291748 3.0241339206695557 2.9803059101104736
6.576313495635986 3.113079071044922 3.0228450298309326
6.599067211151123 2.92850923538208 3.1144461631774902
6.6361284255981445 3.0228450298309326 2.88749361038208
6.67529296875 2.9326107501983643 2.9326107501983643
6.711164712905884 3.0228450298309326 2.9326107501983643
6.73500394821167 2.742572069168091 2.835540533065796
6.774884939193726 2.8488218784332275 2.7173378467559814
6.811161518096924 2.842376470565796 2.88749361038208
6.847167730331421 3.0679619312286377 2.88749361038208
6.8731184005737305 2.797259569168091 3.0679619312286377
6.909030914306641 3.113079071044922 2.797259569168091
6.944189071655273 2.842376470565796 2.88749361038208
6.986695289611816 2.7173378467559814 2.6296818256378174
7.005611896514893 2.9749934673309326 2.742572069168091
7.044932126998901 2.797259569168091 2.571674108505249
7.087266445159912 2.8049938678741455 2.366713523864746
7.116894245147705 2.9777278900146484 2.6619081497192383
7.153121709823608 3.0228450298309326 2.526556968688965
7.181118011474609 2.8049938678741455 2.5858535766601562
7.221274375915527 2.9326107501983643 2.526556968688965
7.257146120071411 3.0241339206695557 2.410541534423828
7.285127878189087 2.8820250034332275 2.4636664390563965
7.320594072341919 3.0679619312286377 2.526556968688965
7.356807470321655 3.0679619312286377 2.571674108505249
7.384838581085205 3.199446201324463 2.6735098361968994
7.420392751693726 2.9777278900146484 2.7521424293518066
7.4560770988464355 3.2033133506774902 2.797259569168091
7.493814468383789 3.0679619312286377 2.88749361038208
7.520522594451904 3.0679619312286377 2.9777278900146484
7.556425333023071 3.0679619312286377 3.2033133506774902
7.593437433242798 3.2484302520751953 3.158196210861206
7.62838339805603 3.383781671524048 3.158196210861206
7.6595728397369385 3.0679619312286377 3.439836263656616
7.698980331420898 3.2033133506774902 3.383781671524048
7.735385179519653 3.1556179523468018 3.374758243560791
7.758881330490112 3.3003833293914795 3.3003833293914795
7.801560878753662 3.0679619312286377 3.418586254119873
7.836221694946289 3.2033133506774902 3.158196210861206
7.860411643981934 3.253899097442627 3.3003833293914795
7.897725343704224 3.113079071044922 3.113079071044922
7.934257984161377 3.158196210861206 3.0228450298309326
7.971182584762573 3.3386645317077637 3.0228450298309326
7.9957544803619385 3.287102222442627 2.8488218784332275
8.035294532775879 3.2033133506774902 3.0679619312286377
8.071173429489136 3.199446201324463 2.8049938678741455
8.109054803848267 3.3386645317077637 3.0679619312286377
8.144367933273315 3.2935473918914795 3.0679619312286377
8.169225454330444 3.287102222442627 3.0679619312286377
8.206002950668335 3.2033133506774902 3.3386645317077637
8.24086332321167 3.383781671524048 3.2935473918914795
8.277064085006714 3.3386645317077637 3.5191328525543213
8.304233074188232 3.418586254119873 3.506242275238037
8.341207265853882 3.5642499923706055 3.8349525928497314
8.377071619033813 3.5191328525543213 3.7898354530334473
8.413666486740112 3.6093671321868896 3.7898354530334473
8.444905519485474 3.637726306915283 3.8568665981292725
8.48420763015747 3.462414264678955 3.7692103385925293
8.520508289337158 3.6544840335845947 4.105655193328857
8.548990488052368 3.4863204956054688 3.765226125717163
8.585843086242676 3.428898811340332 3.8349525928497314
8.622963428497314 3.428898811340332 3.9251866340637207
8.645734310150146 3.5191328525543213 3.699601173400879
8.687968015670776 3.462414264678955 3.550070285797119
8.725595235824585 3.3386645317077637 3.699601173400879
8.761446714401245 3.6093671321868896 3.6093671321868896
8.78463363647461 3.5642499923706055 3.474015712738037
8.825875997543335 3.330930233001709 3.506242275238037
8.860606908798218 3.5642499923706055 3.6093671321868896
8.890036344528198 3.579288959503174 3.3933517932891846
8.922662734985352 3.474015712738037 3.5191328525543213
8.958375692367554 3.3386645317077637 3.3386645317077637
8.994263887405396 3.428898811340332 3.2033133506774902
9.02344298362732 3.253899097442627 2.92850923538208
9.06261944770813 3.0679619312286377 3.1117899417877197
9.098520994186401 2.9326107501983643 2.88749361038208
9.122034072875977 3.2074148654937744 2.92850923538208
9.154616594314575 2.9777278900146484 2.797259569168091
9.190433979034424 2.7521424293518066 2.797259569168091
9.226512670516968 2.88749361038208 2.797259569168091
9.266316175460815 2.8488218784332275 2.8488218784332275
9.301604747772217 2.9777278900146484 2.88749361038208
9.338799238204956 2.842376470565796 3.0679619312286377
9.366001844406128 3.2074148654937744 3.1144461631774902
9.39492917060852 3.113079071044922 3.0679619312286377
9.433501482009888 3.113079071044922 3.2033133506774902
9.472816705703735 3.0679619312286377 3.158196210861206
9.50080418586731 3.0228450298309326 3.3386645317077637
9.533079147338867 3.158196210861206 3.158196210861206
9.570350408554077 3.2033133506774902 3.428898811340332
9.608916521072388 3.2033133506774902 3.474015712738037
9.639726638793945 3.2935473918914795 3.2935473918914795
9.67319107055664 3.2033133506774902 3.428898811340332
9.713163137435913 3.2033133506774902 3.3386645317077637
9.73287558555603 3.3003833293914795 3.253899097442627
9.775127649307251 3.374758243560791 3.199446201324463
9.809048891067505 3.3386645317077637 3.428898811340332
9.846855878829956 3.2935473918914795 3.383781671524048
9.875271797180176 3.637726306915283 3.418586254119873
9.908629417419434 3.6544840335845947 3.6093671321868896
9.949102640151978 3.5191328525543213 3.6544840335845947
9.984922885894775 3.637726306915283 3.593898296356201
10.009638547897339 3.7898354530334473 3.5191328525543213
10.042858123779297 3.5191328525543213 3.8349525928497314
10.084346294403076 3.6093671321868896 3.6093671321868896
10.118197441101074 3.593898296356201 3.462414264678955
10.155913829803467 3.383781671524048 3.5642499923706055
10.192850112915039 3.5191328525543213 3.5642499923706055
10.218113899230957 3.462414264678955 3.418586254119873
10.248558521270752 3.3386645317077637 3.6093671321868896
10.28916883468628 3.3386645317077637 3.383781671524048
10.324848175048828 3.374758243560791 3.287102222442627
10.361895322799683 3.5191328525543213 3.383781671524048
10.38961386680603 3.3386645317077637 3.474015712738037
10.423650741577148 3.428898811340332 3.383781671524048
10.46300220489502 3.474015712738037 3.3386645317077637
10.49906063079834 3.199446201324463 3.418586254119873
10.526326417922974 3.439836263656616 3.3003833293914795
10.564087867736816 3.3386645317077637 3.2033133506774902
10.602184295654297 3.330930233001709 3.243274211883545
10.641548871994019 3.2935473918914795 3.428898811340332
10.665832042694092 3.383781671524048 3.2484302520751953
10.702733516693115 3.5191328525543213 3.2484302520751953
10.726722955703735 3.439836263656616 3.253899097442627
10.764893293380737 3.374758243560791 3.199446201324463
10.800253868103027 3.474015712738037 3.0679619312286377
10.839208126068115 3.383781671524048 3.113079071044922
10.878582000732422 3.158196210861206 3.0228450298309326
10.897611856460571 3.330930233001709 2.9803059101104736
10.93519926071167 3.158196210861206 2.88749361038208
10.97187089920044 3.1117899417877197 2.8926498889923096
11.01037049293518 2.88749361038208 2.9777278900146484
11.046232223510742 3.158196210861206 3.0679619312286377
11.068871021270752 3.021477699279785 2.8820250034332275
11.10433053970337 2.9326107501983643 3.0679619312286377
11.140395402908325 3.0241339206695557 3.0679619312286377
11.176324605941772 3.113079071044922 3.2935473918914795
11.21309208869934 3.113079071044922 3.2484302520751953
11.250154733657837 3.158196210861206 3.428898811340332
11.272555828094482 3.1144461631774902 3.439836263656616
11.311847448348999 3.3386645317077637 3.3386645317077637
11.344783782958984 3.0679619312286377 3.330930233001709
11.381650924682617 3.2033133506774902 3.428898811340332
11.417696952819824 3.113079071044922 3.2484302520751953
11.4427969455719 3.243274211883545 3.1556179523468018
11.482547044754028 3.0679619312286377 3.158196210861206
11.51803994178772 3.3386645317077637 3.158196210861206
11.55467963218689 3.2935473918914795 3.0679619312286377
11.578547477722168 3.199446201324463 3.0679619312286377
11.614948749542236 3.2484302520751953 3.2935473918914795
11.65183401107788 3.3386645317077637 3.2484302520751953
11.693000555038452 3.2484302520751953 3.3386645317077637
11.730331659317017 3.0679619312286377 3.374758243560791
11.753720760345459 3.439836263656616 3.4863204956054688
11.790692806243896 3.474015712738037 3.5191328525543213
11.827074527740479 3.3386645317077637 3.699601173400879
11.857111692428589 3.287102222442627 3.593898296356201
11.89256763458252 3.383781671524048 3.5191328525543213
11.929399490356445 3.383781671524048 3.428898811340332
11.96948790550232 3.158196210861206 3.5642499923706055
11.985172033309937 3.253899097442627 3.3933517932891846
12.025309562683105 3.113079071044922 3.158196210861206
12.0610990524292 2.9803059101104736 3.1556179523468018
12.095682859420776 3.0228450298309326 3.0679619312286377
12.133297443389893 3.0679619312286377 2.9777278900146484
12.168094873428345 2.9777278900146484 2.797259569168091
12.192733764648438 2.742572069168091 2.835540533065796
12.233452558517456 2.498197555541992 2.6296818256378174
12.269140005111694 2.571674108505249 2.4814398288726807
12.304863929748535 2.4814398288726807 2.3460886478424072
12.340784072875977 2.3460886478424072 2.255854368209839
12.364222049713135 2.1205031871795654 1.8949177265167236
12.399935722351074 2.030268907546997 1.9400347471237183
12.438349962234497 1.8949177265167236 1.9851518869400024
12.472946882247925 1.8046835660934448 1.714449405670166
12.496405601501465 1.8046835660934448 1.4888639450073242
12.537073612213135 1.7969491481781006 1.227184772491455
12.571818113327026 1.714449405670166 0.9474588632583618
12.608825922012329 1.5339809656143188 0.857224702835083
12.645557641983032 1.1730443239212036 0.7669904828071594
12.685822248458862 0.857224702835083 0.6767563223838806
12.703702688217163 0.5865221619606018 0.4962879717350006
12.742165565490723 0.4060537815093994 0.36093670129776
12.776406049728394 0.2707025408744812 0.1353512704372406
12.813658952713013 0.2707025408744812 0.0
12.836963176727295 0.1859370917081833 -0.04648427292704582
12.87822675704956 0.1753121167421341 0.0
12.914076566696167 0.2255854457616806 0.0
12.950713157653809 0.4060537815093994 0.0
12.986554622650146 0.5414050817489624 -0.04511708766222
13.007007360458374 0.7902326583862305 0.0
13.046136140823364 1.0080446004867554 -0.043828029185533524
13.084025144577026 1.2181613445281982 -0.04511708766222
13.120858430862427 1.308395504951477 -0.04511708766222
13.157565355300903 1.1730443239212036 -0.04511708766222
13.194082736968994 0.9925759434700012 -0.1353512704372406
13.217795848846436 0.5697643756866455 -0.1753121167421341
13.254408359527588 0.2707025408744812 -0.2707025408744812
13.291296005249023 0.09023417532444 -0.2255854457616806
13.321367025375366 0.0 -0.32538992166519165
13.359587669372559 0.13148409128189087 -0.43828028440475464
13.392146587371826 0.0 -0.4511708915233612
13.425312995910645 0.04511708766222 -0.4511708915233612
13.4568772315979 0.08765605837106705 -0.48210832476615906
13.495423555374146 0.1353512704372406 -0.4511708915233612
13.528111457824707 0.1353512704372406 -0.4060537815093994
13.556377172470093 0.2255854457616806 -0.4962879717350006
13.593311309814453 0.21914014220237732 -0.5697643756866455
13.62909984588623 0.2707025408744812 -0.6316392421722412
13.667155027389526 0.36093670129776 -0.7669904828071594
13.705285787582397 0.5414050817489624 -0.9925759434700012
13.726851224899292 0.8832011818885803 -1.1156225204467773
13.763925552368164 1.1279271841049194 -1.3986297845840454
13.798447608947754 1.7595664262771606 -1.579098105430603
13.825934410095215 1.8949177265167236 -1.5339809656143188
13.86059021949768 1.9851518869400024 -1.7595664262771606
13.896024227142334 1.9400347471237183 -1.8498005867004395
13.93951153755188 1.8407771587371826 -1.8407771587371826
13.972441911697388 1.7595664262771606 -1.6242151260375977
14.00904130935669 1.7595664262771606 -1.579098105430603
14.032089710235596 1.8128865957260132 -1.4410125017166138
14.070180177688599 1.8498005867004395 -1.2632784843444824
14.104834079742432 1.714449405670166 -1.2632784843444824
14.141677856445312 1.714449405670166 -1.44374680519104
14.179458618164062 1.8498005867004395 -1.6242151260375977
14.201313734054565 1.7531211376190186 -1.6654651165008545
14.238003015518188 1.9400347471237183 -1.6693322658538818
14.279372692108154 2.1656203269958496 -1.5339809656143188
14.313388347625732 1.8407771587371826 -1.3148409128189087
14.350590944290161 1.8498005867004395 -1.1730443239212036
14.37837266921997 1.714449405670166 -1.1279271841049194
14.41414999961853 1.579098105430603 -1.1730443239212036
14.456298112869263 1.7595664262771606 -1.2181613445281982
14.489680051803589 1.579098105430603 -1.2632784843444824
14.511924743652344 1.579098105430603 -1.2181613445281982
14.548102855682373 1.3535126447677612 -1.3535126447677612
14.584016799926758 1.308395504951477 -1.1279271841049194
14.623929738998413 1.2181613445281982 -1.1279271841049194
14.649723529815674 0.9023417830467224 -1.0828101634979248
14.691028118133545 0.9474588632583618 -1.0376930236816406
14.730271577835083 1.0376930236816406 -0.9023417830467224
14.755138874053955 1.1279271841049194 -0.9474588632583618
14.790804386138916 1.2181613445281982 -1.1730443239212036
14.830384254455566 1.2632784843444824 -1.308395504951477
14.852487087249756 1.2632784843444824 -1.3986297845840454
14.891646385192871 0.9925759434700012 -1.308395504951477
14.927403211593628 0.8327325582504272 -1.095700740814209
14.9650137424469 0.7669904828071594 -1.0828101634979248
14.988368272781372 0.6767563223838806 -0.9474588632583618
15.044183492660522 0.6574204564094543 -1.0080446004867554
15.096754312515259 0.857224702835083 -1.2632784843444824
15.118765830993652 1.04759681224823 -1.4217385053634644
15.174543857574463 1.271012783050537 -1.5778089761734009
15.19608759880066 1.6592038869857788 -1.6278982162475586
15.253262996673584 1.7092931270599365 -1.4901529550552368
15.282466888427734 1.6592038869857788 -1.4087580442428589
15.337477684020996 1.5339809656143188 -1.271012783050537
15.358814239501953 1.5339809656143188 -1.359665036201477
15.414259910583496 1.5778089761734009 -1.3148409128189087
15.434185028076172 1.8855183124542236 -1.4381071329116821
15.475992441177368 1.9284332990646362 -1.3148409128189087
15.49843716621399 1.8695393800735474 -1.1984226703643799
15.538719415664673 1.9722613096237183 -1.0080446004867554
15.566611528396606 1.9400347471237183 -0.7669904828071594
15.607143878936768 2.0753860473632812 -0.72187340259552
15.642611265182495 2.1656203269958496 -0.5414050817489624
15.68632173538208 1.9400347471237183 -0.6316392421722412
15.70514702796936 2.191401481628418 -0.6135923862457275
15.745884656906128 2.059917449951172 -0.6574204564094543
15.769221067428589 2.2312450408935547 -0.7437483668327332
15.805557489395142 2.3912057876586914 -0.7669904828071594
15.845315933227539 2.3912057876586914 -0.72187340259552
15.884037494659424 2.366713523864746 -0.7889044880867004
15.909952163696289 2.510150671005249 -0.6972640752792358
15.944602251052856 2.2107372283935547 -0.6316392421722412
15.987347602844238 2.103745460510254 -0.3944522440433502
16.005318641662598 1.9058551788330078 -0.04648427292704582
16.046090126037598 1.4901529550552368 0.0
16.08319067955017 0.9474588632583618 0.0
16.119511604309082 0.18046835064888 0.0
16.14295792579651 -0.09023417532444 0.0
16.18305778503418 -0.043828029185533524 0.0
16.224883794784546 0.0 0.0
16.25606107711792 0.04511708766222 0.04511708766222
16.281155586242676 0.043828029185533524 0.0
16.31990385055542 0.09023417532444 0.04511708766222
16.35688018798828 0.30679619312286377 0.08765605837106705
16.392295360565186 0.36093670129776 0.1353512704372406
16.42907691001892 0.5414050817489624 0.2707025408744812
16.45721745491028 0.9203885793685913 0.48210832476615906
16.500139236450195 1.2632784843444824 0.6767563223838806
16.535019397735596 1.7531211376190186 0.7889044880867004
16.558553218841553 2.0453081130981445 1.0691382884979248
16.594297647476196 2.2107372283935547 1.2632784843444824
16.634101390838623 2.279057502746582 1.7531211376190186
16.658432960510254 2.3912057876586914 2.0753860473632812
16.70927882194519 2.542025566101074 2.45436954498291
16.741087436676025 2.616791009902954 2.6619081497192383
16.762623071670532 2.6496036052703857 3.021477699279785
16.794041395187378 2.797259569168091 3.158196210861206
16.834293603897095 2.88749361038208 3.383781671524048
16.87105107307434 2.8926498889923096 3.330930233001709
16.91369104385376 2.9326107501983643 3.699601173400879
16.93558955192566 3.2484302520751953 3.5642499923706055
16.976182460784912 3.418586254119873 3.462414264678955
17.013816118240356 3.383781671524048 3.699601173400879
17.036072254180908 3.5328047275543213 3.6257731914520264
17.07054114341736 3.8349525928497314 3.474015712738037
17.105365753173828 3.5642499923706055 3.5191328525543213
17.13976812362671 3.7898354530334473 3.428898811340332
17.181684732437134 3.8130385875701904 3.1556179523468018
17.22020435333252 3.8349525928497314 3.428898811340332
17.241662740707397 4.060537815093994 3.428898811340332
17.282342433929443 3.9883506298065186 3.287102222442627
17.323407649993896 4.015420913696289 3.6544840335845947
17.343260765075684 4.105655193328857 3.744718313217163
17.374632596969604 4.105655193328857 3.6544840335845947
17.41130232810974 4.060537815093994 3.8349525928497314
17.44865369796753 4.241006374359131 3.970303773880005
17.489679098129272 3.9883506298065186 3.7253823280334473
17.528308391571045 3.9251866340637207 4.060537815093994
17.544941425323486 4.1371002197265625 3.9511632919311523
17.586649894714355 3.8568665981292725 3.8568665981292725
17.62208080291748 3.9251866340637207 3.744718313217163
17.661437273025513 3.970303773880005 3.6093671321868896
17.686293125152588 3.9046788215637207 3.7187418937683105
17.71839213371277 4.015420913696289 3.6544840335845947
17.757856369018555 3.9445226192474365 3.550070285797119
17.793955326080322 3.9251866340637207 3.699601173400879
17.81822109222412 3.8349525928497314 3.4514572620391846
17.851165771484375 3.970303773880005 3.5191328525543213
17.89039921760559 3.6815543174743652 3.506242275238037
17.92934560775757 3.744718313217163 3.6544840335845947
17.960526943206787 3.8349525928497314 3.6093671321868896
17.992775917053223 3.765226125717163 3.8117103576660156
18.02568793296814 3.699601173400879 3.8349525928497314
18.066673040390015 3.6815543174743652 3.7692103385925293
18.090311527252197 3.7898354530334473 4.105655193328857
18.126484155654907 3.744718313217163 3.8800694942474365
18.16413974761963 3.970303773880005 3.9251866340637207
18.20349621772766 3.8568665981292725 3.9445226192474365
18.239590883255005 4.105655193328857 3.970303773880005
18.26653528213501 4.1507720947265625 4.1507720947265625
18.29781174659729 4.195888996124268 4.195888996124268
18.33927583694458 4.421474456787109 4.060537815093994
18.373897552490234 4.25131893157959 4.119834899902344
18.397271156311035 4.183584690093994 4.1371002197265625
18.43792414665222 4.466591835021973 4.195888996124268
18.474045515060425 4.331240653991699 4.331240653991699
18.501855850219727 3.9883506298065186 4.207490921020508
18.543605089187622 4.556826114654541 4.195888996124268
18.577945232391357 4.376357555389404 4.376357555389404
18.60619068145752 4.421474456787109 4.241006374359131
18.637733936309814 4.511708736419678 4.286123275756836
18.679247856140137 4.421474456787109 4.376357555389404
18.717238187789917 4.470458984375 4.163662910461426
18.7390193939209 4.508974552154541 4.323037147521973
18.777343034744263 4.466591835021973 4.421474456787109
18.813249111175537 4.647059917449951 4.511708736419678
18.841268062591553 4.421474456787109 4.376357555389404
18.881961822509766 4.872645378112793 4.421474456787109
18.918447732925415 4.6921772956848145 4.601943016052246
18.94459056854248 4.276553153991699 4.648427486419678
18.979536056518555 4.827528476715088 4.466591835021973
19.016725301742554 4.163662910461426 4.382802963256836
19.053771018981934 4.1507720947265625 4.105655193328857
19.091405153274536 4.060537815093994 3.8800694942474365
19.11515474319458 3.5642499923706055 3.7898354530334473
19.153137683868408 3.6544840335845947 3.5642499923706055
19.192012786865234 3.3386645317077637 3.383781671524048
19.21657419204712 3.0679619312286377 3.3003833293914795
19.25285315513611 2.8049938678741455 3.243274211883545
19.288467168807983 3.0679619312286377 3.158196210861206
19.324750423431396 2.842376470565796 3.2033133506774902
19.367836236953735 2.6735098361968994 3.0679619312286377
19.382039546966553 2.5566349029541016 3.160930633544922
19.42127299308777 2.7173378467559814 2.7173378467559814
19.45783019065857 2.7070252895355225 2.88749361038208
19.494916439056396 2.7521424293518066 2.6619081497192383
19.53458595275879 2.45436954498291 2.7611658573150635
19.554078817367554 2.842376470565796 2.6619081497192383
19.59060525894165 2.842376470565796 2.7521424293518066
19.626141786575317 2.9777278900146484 2.7521424293518066
19.664182424545288 2.88749361038208 2.797259569168091
19.70679783821106 2.9803059101104736 2.7173378467559814
19.728007555007935 3.0679619312286377 2.7070252895355225
19.762580156326294 3.0228450298309326 2.7521424293518066
19.798224925994873 3.113079071044922 2.9326107501983643
19.840097665786743 3.199446201324463 2.8049938678741455
19.874842882156372 3.383781671524048 3.158196210861206
19.89491057395935 3.253899097442627 3.346867561340332
19.935191869735718 3.199446201324463 3.374758243560791
19.969693899154663 3.428898811340332 3.5642499923706055
20.00619077682495 3.474015712738037 3.6544840335845947
20.04651713371277 3.243274211883545 3.7692103385925293
20.069726943969727 3.5642499923706055 3.7898354530334473
20.1100594997406 3.418586254119873 3.9445226192474365
20.147600412368774 3.428898811340332 4.015420913696289
20.183177709579468 3.744718313217163 3.7898354530334473
20.20708727836609 3.6257731914520264 3.997647523880005
20.247756481170654 3.593898296356201 3.7253823280334473
20.283893585205078 3.699601173400879 3.9251866340637207
20.32041025161743 3.8800694942474365 3.744718313217163
20.341830492019653 3.9046788215637207 3.765226125717163
20.38062882423401 3.9445226192474365 3.550070285797119
20.41527557373047 4.105655193328857 3.7898354530334473
20.451683044433594 4.015420913696289 3.8800694942474365
20.475318670272827 4.286123275756836 3.970303773880005
20.515440464019775 4.295146942138672 3.8568665981292725
20.55391812324524 4.195888996124268 4.195888996124268
20.588778495788574 4.556826114654541 4.376357555389404
20.615034103393555 4.421474456787109 4.421474456787109
20.654158115386963 4.426630973815918 4.426630973815918
20.692789316177368 4.421474456787109 4.511708736419678
20.72961974143982 4.241006374359131 4.421474456787109
20.75466752052307 4.421474456787109 4.331240653991699
20.789203643798828 4.207490921020508 4.119834899902344
20.825413942337036 4.1507720947265625 4.286123275756836
20.861751556396484 4.241006374359131 4.015420913696289
20.890161991119385 4.090616226196289 4.183584690093994
20.925959587097168 3.7253823280334473 3.8130385875701904
20.963380336761475 3.8349525928497314 3.8349525928497314
20.999165773391724 3.6093671321868896 3.7898354530334473
21.026042222976685 3.5328047275543213 3.858194589614868
21.06227135658264 3.637726306915283 3.462414264678955
21.099070072174072 3.474015712738037 3.6093671321868896
21.133607864379883 3.2484302520751953 3.6544840335845947
21.16736125946045 3.374758243560791 3.330930233001709
21.202072143554688 3.474015712738037 3.6544840335845947
21.23820400238037 3.2033133506774902 3.5191328525543213
21.27515196800232 3.2935473918914795 3.2935473918914795
21.299490690231323 3.3386645317077637 3.2935473918914795
21.33988666534424 3.0241339206695557 3.287102222442627
21.378458738327026 3.113079071044922 3.2935473918914795
21.404376983642578 3.1144461631774902 3.253899097442627
21.441237926483154 3.158196210861206 3.3386645317077637
21.47810959815979 2.9777278900146484 3.2484302520751953
21.51380181312561 2.88749361038208 3.158196210861206
21.538350343704224 3.0679619312286377 3.1117899417877197
21.575671434402466 3.113079071044922 3.2484302520751953
21.610227346420288 3.0228450298309326 3.2033133506774902
21.648255825042725 3.0679619312286377 3.2935473918914795
21.67504048347473 3.0679619312286377 3.2935473918914795
21.71653437614441 3.2033133506774902 3.428898811340332
21.749995708465576 3.2033133506774902 3.383781671524048
21.787246465682983 3.3386645317077637 3.428898811340332
21.810930490493774 3.346867561340332 3.439836263656616
21.847821474075317 3.5191328525543213 3.383781671524048
21.88929319381714 3.287102222442627 3.374758243560791
21.91029715538025 3.6911418437957764 3.3076465129852295
21.94549870491028 3.5191328525543213 3.3386645317077637
21.98730444908142 3.5191328525543213 3.383781671524048
22.022258520126343 3.506242275238037 3.330930233001709
22.046858549118042 3.439836263656616 3.439836263656616
22.083089351654053 3.5191328525543213 3.383781671524048
22.120239734649658 3.474015712738037 3.428898811340332
22.156008005142212 3.5191328525543213 3.428898811340332
22.186856985092163 3.550070285797119 3.418586254119873
22.22139620780945 3.5191328525543213 3.5191328525543213
22.26173186302185 3.637726306915283 3.462414264678955
22.286338806152344 3.6544840335845947 3.6544840335845947
22.323305368423462 3.699601173400879 3.474015712738037
22.355671167373657 3.6544840335845947 3.5191328525543213
22.394993543624878 3.8349525928497314 3.428898811340332
22.434075593948364 3.418586254119873 3.374758243560791
22.462064027786255 3.7898354530334473 3.2033133506774902
22.496944189071655 3.699601173400879 3.474015712738037
22.529687643051147 3.6544840335845947 3.383781671524048
22.567246913909912 3.8800694942474365 3.3386645317077637
22.59417700767517 3.9046788215637207 3.439836263656616
22.628938674926758 3.7898354530334473 3.428898811340332
22.669369220733643 3.8568665981292725 3.330930233001709
22.707877159118652 3.9251866340637207 3.383781671524048
22.732011079788208 3.5328047275543213 3.6257731914520264
22.767730236053467 3.8349525928497314 3.474015712738037
22.80456805229187 3.744718313217163 3.474015712738037
22.82725238800049 3.5191328525543213 3.6544840335845947
22.86334753036499 3.6093671321868896 3.5642499923706055
22.903401136398315 3.5642499923706055 3.428898811340332
22.939629554748535 3.0241339206695557 3.637726306915283
22.97492218017578 2.9777278900146484 3.5191328525543213
23.003639221191406 2.797259569168091 3.2935473918914795
23.039050817489624 2.9326107501983643 3.474015712738037
23.076375722885132 2.8926498889923096 3.287102222442627
23.111682415008545 3.113079071044922 3.2935473918914795
23.155330896377563 3.383781671524048 3.2484302520751953
23.174126148223877 3.3386645317077637 3.2033133506774902
23.21451497077942 3.428898811340332 3.0228450298309326
23.243587970733643 3.593898296356201 3.0241339206695557
23.28497552871704 3.593898296356201 2.8049938678741455
23.321428775787354 3.474015712738037 3.2033133506774902
23.346373558044434 3.6544840335845947 3.0679619312286377
23.38304376602173 3.699601173400879 3.2484302520751953
23.417606592178345 3.6093671321868896 3.428898811340332
23.458334922790527 3.637726306915283 3.593898296356201
23.47832703590393 3.765226125717163 3.765226125717163
23.517830848693848 3.593898296356201 3.9445226192474365
23.55531597137451 3.6544840335845947 4.195888996124268
23.589950561523438 3.699601173400879 4.1507720947265625
23.6266987323761 3.699601173400879 4.105655193328857
23.650331497192383 3.199446201324463 3.9883506298065186
23.69397282600403 2.9364778995513916 3.462414264678955
23.7298686504364 2.7521424293518066 3.5191328525543213
23.767117500305176 2.7521424293518066 3.5191328525543213
23.790315866470337 2.6960878372192383 3.1144461631774902
23.830392360687256 2.9803059101104736 2.9364778995513916
23.865849256515503 3.0228450298309326 2.88749361038208
23.89396095275879 3.0679619312286377 2.6960878372192383
23.9301438331604 3.158196210861206 2.571674108505249
23.969740867614746 3.287102222442627 2.542025566101074
23.98885226249695 3.355583429336548 2.588593006134033
24.030170440673828 3.1117899417877197 2.542025566101074
24.066094160079956 3.3386645317077637 2.616791009902954
24.102137804031372 3.2484302520751953 2.4363226890563965
24.13816475868225 3.158196210861206 2.3912057876586914
24.163371324539185 2.88749361038208 2.3460886478424072
24.202785968780518 2.8488218784332275 2.322885513305664
24.23852801322937 2.797259569168091 2.571674108505249
24.275817155838013 2.9777278900146484 2.3912057876586914
24.303609132766724 2.797259569168091 2.571674108505249
24.340496301651 3.0228450298309326 2.571674108505249
24.38135600090027 2.9803059101104736 2.8488218784332275
24.40031123161316 3.0679619312286377 2.9777278900146484
24.44013285636902 2.8488218784332275 2.9364778995513916
24.475650310516357 3.158196210861206 3.158196210861206
24.5128173828125 2.9326107501983643 3.0228450298309326
24.54876399040222 3.0679619312286377 3.158196210861206
24.57315421104431 2.542025566101074 2.9803059101104736
24.61203908920288 2.5858535766601562 2.8049938678741455
24.64835524559021 2.6619081497192383 2.842376470565796
24.68576169013977 2.300971508026123 2.4363226890563965
24.71604895591736 2.1205031871795654 2.2107372283935547
24.74729299545288 2.1205031871795654 2.2107372283935547
24.785868406295776 1.8046835660934448 2.1205031871795654
24.82481360435486 1.6216371059417725 1.7969491481781006
24.84964370727539 1.5339809656143188 1.6693322658538818
24.88143491744995 1.44374680519104 1.1730443239212036
24.92186713218689 1.051872730255127 0.6135923862457275
24.95695161819458 0.9023417830467224 0.36093670129776
24.995320081710815 0.4060537815093994 0.1353512704372406
25.02922558784485 0.09023417532444 0.09023417532444
25.05785846710205 0.043828029185533524 0.0
25.093645334243774 0.0 -0.04511708766222
25.1306209564209 -0.04511708766222 0.0
25.16921639442444 0.04511708766222 -0.04511708766222
25.1933274269104 0.0 -0.04648427292704582
25.224753856658936 0.04511708766222 -0.04511708766222
25.265386819839478 0.0 -0.043828029185533524
25.302269458770752 0.0 -0.04511708766222
25.325673818588257 0.04648427292704582 -0.09296854585409164
25.35958433151245 0.0 -0.2255854457616806
25.399232864379883 0.0 -0.4511708915233612
25.433534622192383 0.043828029185533524 -0.7450764775276184
25.469688177108765 0.04511708766222 -0.7669904828071594
25.50697636604309 0.09023417532444 -0.9925759434700012
25.530197381973267 0.1859370917081833 -0.9296854734420776
25.563710689544678 0.2707025408744812 -0.857224702835083
25.603583574295044 0.26296818256378174 -0.7012484669685364
25.640703916549683 0.36093670129776 -0.8121075630187988
25.67765712738037 0.4060537815093994 -0.9023417830467224
25.703253984451294 0.5414050817489624 -1.1730443239212036
25.735530376434326 0.5865221619606018 -1.2181613445281982
25.777376413345337 0.8765605688095093 -1.5778089761734009
25.812724828720093 1.2181613445281982 -1.8498005867004395
25.849732398986816 1.3535126447677612 -1.8498005867004395
25.87322187423706 1.8128865957260132 -1.9523394107818604
25.913638830184937 1.8846051692962646 -1.8846051692962646
25.950957536697388 1.714449405670166 -1.579098105430603
25.974570751190186 1.714449405670166 -1.579098105430603
26.016313791275024 1.6216371059417725 -1.3586689233779907
26.050209283828735 1.5339809656143188 -1.3986297845840454
26.076210260391235 1.9851518869400024 -1.308395504951477
26.115209341049194 1.7969491481781006 -1.271012783050537
26.150644302368164 1.5339809656143188 -1.1279271841049194
26.1866557598114 1.8046835660934448 -1.1730443239212036
26.216537952423096 1.2181613445281982 -1.1730443239212036
26.24868083000183 1.4888639450073242 -1.2632784843444824
26.287643909454346 1.5339809656143188 -1.3986297845840454
26.32503890991211 1.8407771587371826 -1.4901529550552368
26.361907482147217 1.9400347471237183 -1.5339809656143188
26.389909267425537 2.0160892009735107 -1.5778089761734009
26.42231011390686 1.9851518869400024 -1.3986297845840454
26.462321519851685 2.4814398288726807 -1.2181613445281982
26.49840545654297 2.191401481628418 -1.0080446004867554
26.52310085296631 2.510150671005249 -0.9761697053909302
26.555421590805054 2.6619081497192383 -0.857224702835083
26.596063375473022 2.7070252895355225 -0.7669904828071594
26.636440753936768 2.498197555541992 -0.7889044880867004
26.68563461303711 2.7070252895355225 -0.9925759434700012
26.705411672592163 2.6418561935424805 -1.2357069253921509
26.757068395614624 2.616791009902954 -1.2632784843444824
26.80570387840271 2.433211326599121 -1.1637097597122192
26.85386633872986 2.4363226890563965 -1.0376930236816406
26.876991271972656 2.300971508026123 -0.8715801239013672
26.924752235412598 2.255854368209839 -0.857224702835083
26.973941802978516 2.6619081497192383 -0.8121075630187988
26.99648880958557 2.667793035507202 -0.9003801345825195
27.043779373168945 2.9777278900146484 -1.1730443239212036
27.07082176208496 3.133237838745117 -1.3707915544509888
27.119039297103882 3.2935473918914795 -1.6242151260375977
27.15061664581299 3.1775319576263428 -1.5339809656143188
27.201253414154053 3.2484302520751953 -1.6693322658538818
27.22111439704895 3.3101694583892822 -1.61471688747406
27.257964849472046 3.2033133506774902 -1.6693322658538818
27.285490036010742 3.106311559677124 -1.6873791217803955
27.322361707687378 3.2484302520751953 -1.7595664262771606
27.361741065979004 2.9777278900146484 -1.6242151260375977
27.385799407958984 2.7611658573150635 -1.3586689233779907
27.42128086090088 2.6619081497192383 -1.2181613445281982
27.459500551223755 2.526556968688965 -1.2181613445281982
27.48209285736084 2.324213743209839 -1.1156225204467773
27.52251648902893 2.300971508026123 -1.1730443239212036
27.5579674243927 2.103745460510254 -1.183356761932373
27.594013690948486 2.030268907546997 -1.1279271841049194
27.62958073616028 1.8498005867004395 -1.0828101634979248
27.6554696559906 1.3015596866607666 -0.8832011818885803
27.693267345428467 0.7450764775276184 -0.43828028440475464
27.73223567008972 0.18046835064888 0.0
27.769014835357666 -0.04511708766222 0.09023417532444
27.80509305000305 0.0 0.04511708766222
27.826658725738525 0.0 0.0
27.865371465682983 0.0 0.043828029185533524
27.902127981185913 0.09023417532444 0.0
27.938875675201416 0.18046835064888 0.09023417532444
27.978314876556396 0.30679619312286377 0.21914014220237732
27.99494957923889 0.43143215775489807 0.3834952414035797
28.035593032836914 0.6574204564094543 0.5259363651275635
28.071292400360107 0.9474588632583618 0.7669904828071594
28.108555555343628 1.0376930236816406 1.1279271841049194
28.152027130126953 1.227184772491455 1.3148409128189087
28.169138431549072 1.342233419418335 1.8695393800735474
28.207969188690186 1.271012783050537 1.9722613096237183
28.2434720993042 1.3535126447677612 2.300971508026123
28.263954401016235 1.4381071329116821 2.3968453407287598
28.3033664226532 1.7092931270599365 2.410541534423828
28.340494394302368 1.9400347471237183 2.526556968688965
28.377430200576782 2.3912057876586914 2.7521424293518066
28.412195682525635 2.797259569168091 2.616791009902954
28.435518503189087 3.0241339206695557 2.7173378467559814
28.47253656387329 3.2033133506774902 2.571674108505249
28.514145612716675 3.199446201324463 2.5858535766601562
28.559876203536987 3.383781671524048 2.797259569168091
28.610443115234375 3.5191328525543213 2.616791009902954
28.636561155319214 3.4603757858276367 2.7112221717834473
28.690977573394775 3.418586254119873 2.7173378467559814
28.711437463760376 3.734910249710083 2.86787748336792
28.768667459487915 3.243274211883545 2.9364778995513916
28.79657554626465 3.662770986557007 3.255796432495117
28.849034547805786 3.550070285797119 3.374758243560791
28.87549066543579 3.528156280517578 3.643204927444458
28.928935766220093 3.593898296356201 3.7253823280334473
28.951616048812866 3.613377571105957 3.7497313022613525
29.005317449569702 3.243274211883545 3.9883506298065186
29.037649393081665 3.6815543174743652 3.886085271835327
29.092363595962524 3.5191328525543213 3.9251866340637207
29.10493803024292 3.556046962738037 3.730362892150879
29.148048877716064 3.474015712738037 3.5642499923706055
29.17710256576538 3.2646262645721436 3.382624864578247
29.21742558479309 3.0228450298309326 3.383781671524048
29.237624168395996 3.3003833293914795 3.3933517932891846
29.274473905563354 3.287102222442627 3.199446201324463
29.311249494552612 3.158196210861206 3.5642499923706055
29.351954221725464 3.113079071044922 3.5191328525543213
29.372206449508667 3.383781671524048 3.428898811340332
29.404521703720093 3.383781671524048 3.5642499923706055
29.441489696502686 3.2033133506774902 3.5642499923706055
29.4815673828125 3.418586254119873 3.550070285797119
29.517205476760864 3.383781671524048 3.5191328525543213
29.55761694908142 3.2033133506774902 3.5191328525543213
29.577486753463745 2.9777278900146484 3.2935473918914795
29.609971046447754 3.2033133506774902 3.3386645317077637
29.64622974395752 3.158196210861206 3.2033133506774902
29.682283878326416 2.9326107501983643 3.113079071044922
29.72565531730652 2.9364778995513916 3.0679619312286377
29.763541221618652 3.2484302520751953 3.0228450298309326
29.781323194503784 3.1144461631774902 3.0679619312286377
29.819289445877075 3.2484302520751953 3.113079071044922
29.85607671737671 3.383781671524048 2.88749361038208
29.895599126815796 3.418586254119873 3.0679619312286377
29.9198899269104 3.3386645317077637 3.0228450298309326
29.958086729049683 3.6093671321868896 2.9777278900146484
29.991551160812378 3.744718313217163 3.0228450298309326
30.02402639389038 3.6093671321868896 3.2935473918914795
30.059636116027832 3.6544840335845947 3.158196210861206
30.095959186553955 3.9251866340637207 3.2935473918914795
30.123313665390015 3.6093671321868896 3.2033133506774902
30.160874843597412 3.744718313217163 3.383781671524048
30.195560932159424 3.699601173400879 3.428898811340332
30.226967334747314 3.6544840335845947 3.3386645317077637
30.264047145843506 3.474015712738037 3.3386645317077637
30.302993059158325 3.5642499923706055 3.428898811340332
30.340317487716675 3.330930233001709 3.1556179523468018
30.36110281944275 3.253899097442627 3.346867561340332
30.39684009552002 3.0228450298309326 3.3386645317077637
30.435775756835938 3.2033133506774902 3.3386645317077637
30.473278999328613 2.8926498889923096 3.199446201324463
30.510538578033447 2.88749361038208 3.428898811340332
30.53608226776123 3.0679619312286377 3.374758243560791
30.57164978981018 3.2935473918914795 3.3386645317077637
30.60762906074524 3.113079071044922 3.6093671321868896
30.645456075668335 3.428898811340332 3.6093671321868896
30.670320749282837 3.2935473918914795 3.428898811340332
30.709312677383423 3.383781671524048 3.474015712738037
30.746764421463013 3.5191328525543213 3.6544840335845947
30.781172513961792 3.5642499923706055 3.3386645317077637
30.810561656951904 3.8349525928497314 3.3386645317077637
30.847594738006592 3.550070285797119 3.374758243560791
30.884380102157593 3.7898354530334473 3.2484302520751953
30.920231819152832 3.5191328525543213 3.0228450298309326
30.946038246154785 3.5191328525543213 3.2033133506774902
30.981441974639893 3.2033133506774902 2.9326107501983643
31.021579265594482 2.9803059101104736 2.9364778995513916
31.04509735107422 3.0228450298309326 2.9326107501983643
31.081215381622314 2.7521424293518066 3.0679619312286377
31.118488073349 2.7521424293518066 2.9777278900146484
31.153658151626587 2.7521424293518066 3.0228450298309326
31.18251609802246 2.6619081497192383 2.7070252895355225
31.219833612442017 2.571674108505249 2.7070252895355225
31.255335330963135 2.526556968688965 2.571674108505249
31.291622161865234 2.571674108505249 2.526556968688965
31.320532083511353 2.4814398288726807 2.526556968688965
31.356005430221558 2.616791009902954 2.4363226890563965
31.399755001068115 2.322885513305664 2.410541534423828
31.42117738723755 2.3460886478424072 2.4814398288726807
31.456896543502808 2.571674108505249 2.3460886478424072
31.49563479423523 2.4814398288726807 2.4363226890563965
31.530319690704346 2.526556968688965 2.4363226890563965
31.5594425201416 2.147573471069336 2.103745460510254
31.597108125686646 2.526556968688965 2.3460886478424072
31.63147759437561 2.526556968688965 2.571674108505249
31.668253183364868 2.571674108505249 2.571674108505249
31.693227291107178 2.7890563011169434 2.835540533065796
31.732795000076294 2.8926498889923096 2.8926498889923096
31.769846200942993 3.2484302520751953 3.158196210861206
31.805830001831055 3.3386645317077637 3.2484302520751953
31.83381199836731 3.428898811340332 3.428898811340332
31.869489908218384 3.6544840335845947 3.6093671321868896
31.906145095825195 3.6544840335845947 3.5642499923706055
31.933178901672363 3.699601173400879 3.744718313217163
31.973598957061768 3.637726306915283 3.550070285797119
32.01070213317871 3.8349525928497314 3.7898354530334473
32.03762078285217 3.6257731914520264 3.765226125717163
32.07371735572815 3.699601173400879 3.8349525928497314
32.11090040206909 3.970303773880005 3.8349525928497314
32.133594036102295 3.672257661819458 3.7187418937683105
32.1744282245636 3.6815543174743652 3.462414264678955
32.21159529685974 3.9251866340637207 3.5642499923706055
32.24709725379944 3.699601173400879 3.113079071044922
32.275943756103516 3.8130385875701904 3.330930233001709
32.318471908569336 3.6815543174743652 2.9364778995513916
32.35278367996216 3.5191328525543213 2.88749361038208
32.37734937667847 3.4863204956054688 2.6960878372192383
32.41334843635559 3.744718313217163 2.797259569168091
32.44858002662659 3.5642499923706055 3.0679619312286377
32.47705888748169 3.744718313217163 3.158196210861206
32.514384031295776 3.6093671321868896 3.2935473918914795
32.55828595161438 3.474015712738037 3.5642499923706055
32.59115505218506 3.744718313217163 3.699601173400879
32.64570617675781 3.550070285797119 3.593898296356201
32.6886191368103 3.6048552989959717 4.116182327270508
32.74613380432129 3.744718313217163 4.286123275756836
32.76746916770935 3.4770236015319824 4.261058330535889
32.82177186012268 3.383781671524048 4.241006374359131
32.84860563278198 3.43611741065979 4.295146942138672
32.901920795440674 3.2935473918914795 4.241006374359131
32.924681186676025 3.3672754764556885 4.227801322937012
32.97735095024109 3.2935473918914795 4.286123275756836
33.008342027664185 3.3617031574249268 3.9491851329803467
33.063876152038574 3.2484302520751953 3.9251866340637207
33.07836174964905 3.5543463230133057 3.5917603969573975
33.120227575302124 3.474015712738037 3.3386645317077637
33.14231824874878 3.330930233001709 3.330930233001709
33.17290258407593 3.5642499923706055 3.2033133506774902
33.22347354888916 3.462414264678955 2.8488218784332275
33.271591663360596 3.474015712738037 3.0228450298309326
33.293920040130615 3.4331955909729004 2.812298536300659
33.34648394584656 3.2935473918914795 2.842376470565796
33.372722864151 3.1346569061279297 2.7011404037475586
33.42849540710449 3.158196210861206 2.797259569168091
33.454594135284424 3.1036360263824463 2.7825701236724854
33.509355306625366 3.158196210861206 2.9326107501983643
33.52981400489807 3.1346569061279297 3.0346145629882812
33.582464933395386 3.158196210861206 3.2484302520751953
33.60949659347534 3.101309299468994 3.0679619312286377
33.66290616989136 2.9777278900146484 3.2484302520751953
33.69343614578247 3.030547857284546 3.1053762435913086
33.750722885131836 3.0228450298309326 3.2935473918914795
33.771283864974976 2.972088098526001 3.0999200344085693
33.82611870765686 2.88749361038208 3.113079071044922
33.85317802429199 3.0679619312286377 3.0980401039123535
33.896974086761475 3.0228450298309326 3.0679619312286377
33.916253328323364 2.9872262477874756 2.9872262477874756
33.955512046813965 2.88749361038208 3.0679619312286377
33.979551792144775 3.113079071044922 2.88749361038208
34.01996970176697 2.7173378467559814 2.7611658573150635
34.05541682243347 3.0679619312286377 2.9326107501983643
34.10072898864746 2.88749361038208 2.842376470565796
34.1376314163208 3.0679619312286377 2.9777278900146484
34.18191719055176 3.158196210861206 3.158196210861206
34.20310044288635 3.185960531234741 3.4219577312469482
34.25248694419861 3.158196210861206 3.5642499923706055
34.29661250114441 3.2323172092437744 3.752774953842163
34.34383177757263 2.7521424293518066 3.6544840335845947
34.370365619659424 3.102825164794922 3.590909957885742
34.41856026649475 2.6619081497192383 3.699601173400879
34.44559717178345 2.8808910846710205 3.5169320106506348
34.495561838150024 3.113079071044922 3.7898354530334473
34.526612281799316 2.812298536300659 3.4331955909729004
34.56487417221069 2.7070252895355225 3.158196210861206
34.58064150810242 2.9872262477874756 3.3101694583892822
34.61696982383728 2.842376470565796 3.158196210861206
34.65264868736267 3.0228450298309326 3.2484302520751953
34.70202684402466 2.9777278900146484 3.2484302520751953
34.7401008605957 2.9777278900146484 3.113079071044922
34.78378367424011 2.9777278900146484 3.2935473918914795
34.80507469177246 2.8488218784332275 3.1410086154937744
34.8551344871521 2.6619081497192383 3.158196210861206
34.906919956207275 2.7070252895355225 2.9777278900146484
34.927273750305176 2.3329293727874756 3.036004066467285
34.9766571521759 2.4363226890563965 2.842376470565796
35.003700494766235 2.367666244506836 2.8345301151275635
35.05149269104004 2.255854368209839 2.6619081497192383
35.078495502471924 2.425830364227295 2.7112221717834473
35.12849020957947 2.4814398288726807 2.526556968688965
35.15320873260498 2.6564061641693115 2.731234550476074
35.202261447906494 2.797259569168091 2.797259569168091
35.22937273979187 3.0314385890960693 2.885345220565796
35.26703906059265 3.113079071044922 2.842376470565796
35.288002252578735 3.243274211883545 2.9364778995513916
35.32367920875549 3.2935473918914795 3.0228450298309326
35.36393404006958 3.6544840335845947 3.0679619312286377
35.40014147758484 3.6815543174743652 3.1117899417877197
35.42398762702942 3.970303773880005 3.428898811340332
35.46448493003845 4.060537815093994 3.3386645317077637
35.50050449371338 4.0321784019470215 3.418586254119873
35.53829741477966 4.195888996124268 3.5191328525543213
35.5569007396698 4.090616226196289 3.6257731914520264
35.59834003448486 4.286123275756836 3.5642499923706055
35.63275194168091 4.25131893157959 3.637726306915283
35.6712372303009 3.970303773880005 3.6544840335845947
35.70962834358215 4.286123275756836 3.474015712738037
35.73451614379883 4.1507720947265625 3.5191328525543213
35.7709424495697 3.7253823280334473 3.374758243560791
35.806835889816284 3.970303773880005 3.3386645317077637
35.84273076057434 3.9251866340637207 3.3386645317077637
35.866945028305054 3.6544840335845947 3.383781671524048
35.908491134643555 3.8800694942474365 3.5642499923706055
35.94195318222046 3.9883506298065186 3.418586254119873
35.97858190536499 4.015420913696289 3.7898354530334473
36.01416730880737 4.286123275756836 3.8349525928497314
36.03802299499512 4.382802963256836 3.8568665981292725
36.087061166763306 4.376357555389404 4.195888996124268
36.13684391975403 4.426630973815918 4.295146942138672
36.1849730014801 4.511708736419678 4.286123275756836
36.20615792274475 4.687164306640625 4.431500434875488
36.259530782699585 4.426630973815918 4.163662910461426
36.275795459747314 4.535248279571533 4.268468856811523
36.329113245010376 4.556826114654541 4.241006374359131
36.35673379898071 4.451552867889404 4.1507720947265625
36.40965151786804 4.25131893157959 4.25131893157959
36.42991828918457 4.169281482696533 4.365945816040039
36.484020709991455 4.060537815093994 4.331240653991699
36.515785455703735 3.7682576179504395 4.101731777191162
36.5705783367157 3.8130385875701904 4.207490921020508
36.59171652793884 3.66658878326416 4.227801322937012
36.64560270309448 3.243274211883545 3.6815543174743652
36.66603088378906 3.3347413539886475 3.5681731700897217
36.71234488487244 3.0679619312286377 2.9777278900146484
36.73217964172363 2.59315824508667 2.3740181922912598
36.77551054954529 2.279057502746582 1.9284332990646362
36.79896283149719 2.2777292728424072 1.7664023637771606
36.834861040115356 1.9851518869400024 1.44374680519104
36.87499260902405 1.9400347471237183 1.5339809656143188
36.912803649902344 1.8949177265167236 1.4888639450073242
36.93828248977661 1.8128865957260132 1.5339809656143188
36.98700022697449 1.6216371059417725 1.271012783050537
37.03406310081482 1.3986297845840454 1.1730443239212036
37.077924966812134 1.1699855327606201 1.0399870872497559
37.134276151657104 1.0080446004867554 1.139528751373291
37.15285134315491 1.2842631340026855 1.2129151821136475
37.21016049385071 1.3586689233779907 1.3586689233779907
37.23303532600403 1.5006335973739624 1.5339809656143188
37.28810214996338 1.3986297845840454 1.4888639450073242
37.31403613090515 1.1322240829467773 1.2417941093444824
37.36778163909912 0.9203885793685913 1.0080446004867554
37.38884162902832 0.836716890335083 1.0807592868804932
37.44264841079712 0.7889044880867004 1.095700740814209
37.469555616378784 0.7669904828071594 1.0671172142028809
37.52274465560913 0.8327325582504272 0.9203885793685913
37.54973816871643 0.805340051651001 0.6519418954849243
37.60324192047119 0.72187340259552 0.4962879717350006
37.62102937698364 0.5669060349464417 0.43351638317108154
37.66053628921509 0.3506242334842682 0.30679619312286377
37.684945583343506 0.1859370917081833 0.13945281505584717
37.7253360748291 0.0 0.0
37.75203609466553 0.0 0.0
37.78691005706787 0.0 -0.04511708766222
37.82397985458374 0.0 0.0
37.85914993286133 0.04511708766222 0.0
37.88849234580994 0.0 0.0
37.925050497055054 0.04511708766222 -0.09023417532444
37.96059250831604 0.09023417532444 -0.1353512704372406
37.98856806755066 0.043828029185533524 -0.21914014220237732
38.025981187820435 0.09023417532444 -0.2707025408744812
38.06186532974243 0.09023417532444 -0.2707025408744812
38.09746813774109 0.04511708766222 -0.2707025408744812
38.12662410736084 0.09023417532444 -0.18046835064888
38.164652824401855 0.1353512704372406 -0.18046835064888
38.20770621299744 0.09023417532444 -0.18046835064888
38.25725293159485 0.1353512704372406 -0.2707025408744812
38.27714204788208 0.11799854040145874 -0.47199416160583496
38.33053183555603 0.08765605837106705 -0.6135923862457275
38.36456251144409 0.13635386526584625 -0.9203885793685913
38.41685175895691 0.08765605837106705 -1.183356761932373
38.439271688461304 0.15339809656143188 -1.495631456375122
38.49104309082031 0.13148409128189087 -1.5778089761734009
38.51295804977417 0.13635386526584625 -1.6362464427947998
38.56789779663086 0.21914014220237732 -1.7969491481781006
38.59348940849304 0.2334318906068802 -1.900802493095398
38.6475567817688 0.3944522440433502 -2.103745460510254
38.67336416244507 0.536893367767334 -2.300971508026123
38.72865319252014 0.6574204564094543 -2.103745460510254
38.74785041809082 0.9064432978630066 -2.1963818073272705
38.79872417449951 1.095700740814209 -2.0160892009735107
38.81353306770325 1.4269590377807617 -2.176112651824951
38.85544180870056 1.5778089761734009 -2.103745460510254
38.89014720916748 1.714449405670166 -1.8498005867004395
38.92694854736328 1.714449405670166 -1.8498005867004395
38.95059275627136 1.6242151260375977 -1.5339809656143188
38.98678803443909 1.8046835660934448 -1.5339809656143188
39.018593549728394 1.8949177265167236 -1.714449405670166
39.05587911605835 2.1656203269958496 -2.030268907546997
39.090665102005005 2.526556968688965 -2.3460886478424072
39.13202118873596 2.7173378467559814 -2.410541534423828
39.15551519393921 2.8820250034332275 -2.742572069168091
39.19206237792969 3.0228450298309326 -2.842376470565796
39.22406363487244 2.9326107501983643 -2.797259569168091
39.26136255264282 2.9777278900146484 -2.7070252895355225
39.300962924957275 2.842376470565796 -2.526556968688965
39.32513976097107 2.526556968688965 -1.9851518869400024
39.36100912094116 2.1205031871795654 -1.44374680519104
39.396636962890625 1.9400347471237183 -1.5339809656143188
39.433674812316895 1.44374680519104 -1.2181613445281982
39.462738037109375 1.4901529550552368 -1.3586689233779907
39.49906611442566 1.3986297845840454 -1.2181613445281982
39.53433799743652 1.579098105430603 -1.3535126447677612
39.57725238800049 1.579098105430603 -1.1730443239212036
39.598305225372314 1.8407771587371826 -1.3148409128189087
39.63498544692993 1.44374680519104 -0.9023417830467224
39.67178153991699 1.308395504951477 -0.9474588632583618
39.70916938781738 0.8121075630187988 -0.857224702835083
39.73570251464844 0.8765605688095093 -1.0080446004867554
39.77062749862671 0.6767563223838806 -1.2181613445281982
39.806827783584595 0.7669904828071594 -1.6242151260375977
39.847214698791504 0.9203885793685913 -1.7092931270599365
39.88509130477905 1.0376930236816406 -1.6693322658538818
39.91088843345642 1.0376930236816406 -1.4888639450073242
39.9471001625061 1.3986297845840454 -1.8949177265167236
39.982622385025024 1.579098105430603 -1.7595664262771606
40.00740838050842 1.6242151260375977 -1.8046835660934448
40.04653978347778 1.4901529550552368 -1.8407771587371826
40.084563970565796 1.3986297845840454 -1.6693322658538818
40.11820578575134 1.3535126447677612 -1.579098105430603
40.154956579208374 1.44374680519104 -1.5339809656143188
40.18307304382324 1.3015596866607666 -1.4874967336654663
40.2147490978241 1.579098105430603 -1.8046835660934448
40.2542200088501 1.6242151260375977 -1.8949177265167236
40.29164099693298 1.4463249444961548 -1.9284332990646362
40.32760763168335 1.308395504951477 -1.9400347471237183
40.351574420928955 1.0691382884979248 -2.091792345046997
40.390867710113525 0.8327325582504272 -1.7969491481781006
40.4281063079834 0.857224702835083 -2.0753860473632812
40.451196908950806 1.0226540565490723 -2.1382765769958496
40.48363757133484 0.9474588632583618 -2.030268907546997
40.52316761016846 1.227184772491455 -1.9722613096237183
40.559388399124146 1.4888639450073242 -2.1205031871795654
40.59605407714844 1.4888639450073242 -1.8949177265167236
40.6325945854187 1.4888639450073242 -1.8949177265167236
40.65857672691345 1.2632784843444824 -1.44374680519104
40.692007303237915 0.7669904828071594 -0.9925759434700012
40.73105335235596 0.26296818256378174 -0.13148409128189087
40.770660638809204 0.0 0.09023417532444
40.80676054954529 0.0 0.1353512704372406
40.83028745651245 0.0 0.1859370917081833
40.86164355278015 0.04511708766222 0.2707025408744812
40.90460467338562 0.043828029185533524 0.21914014220237732
40.938958168029785 0.09023417532444 0.36093670129776
40.968514919281006 0.09023417532444 0.4511708915233612
41.00006461143494 0.04511708766222 0.4962879717350006
41.04136419296265 0.13148409128189087 0.6574204564094543
41.07793426513672 0.18046835064888 0.857224702835083
41.0990629196167 0.27890563011169434 1.0226540565490723
41.139296531677246 0.43828028440475464 1.3148409128189087
41.17478537559509 0.5414050817489624 1.7595664262771606
41.21060633659363 1.0376930236816406 1.9851518869400024
41.234050989151 1.4874967336654663 2.3706979751586914
41.27511954307556 1.8846051692962646 2.6296818256378174
41.312317848205566 2.2107372283935547 2.88749361038208
41.34787082672119 2.526556968688965 3.0679619312286377
41.37170958518982 2.842376470565796 3.2484302520751953
41.41146898269653 2.9803059101104736 3.199446201324463
41.44827151298523 3.2935473918914795 3.474015712738037
41.48921847343445 3.550070285797119 3.637726306915283
41.51073098182678 3.9046788215637207 3.858194589614868
41.54991412162781 3.9006946086883545 3.7253823280334473
41.58697581291199 4.376357555389404 4.015420913696289
41.622780084609985 4.601943016052246 4.015420913696289
41.64757680892944 4.648427486419678 4.230068683624268
41.68730449676514 4.777255058288574 4.119834899902344
41.72487258911133 4.872645378112793 4.421474456787109
41.75018501281738 5.020301342010498 4.416006088256836
41.78183197975159 5.05311393737793 4.241006374359131
41.822967290878296 4.777255058288574 4.295146942138672
41.85841464996338 4.917762756347656 4.331240653991699
41.88287353515625 4.511708736419678 4.060537815093994
41.92360734939575 4.601943016052246 3.9006946086883545
41.95828104019165 4.376357555389404 4.1507720947265625
41.99882793426514 4.241006374359131 3.9251866340637207
42.017828702926636 4.323037147521973 3.9046788215637207
42.05798149108887 3.8130385875701904 3.7253823280334473
42.094735622406006 4.015420913696289 3.699601173400879
42.13228940963745 4.015420913696289 3.8349525928497314
42.156851291656494 3.699601173400879 3.6544840335845947
42.19709086418152 4.105655193328857 3.6544840335845947
42.232091665267944 4.105655193328857 3.9251866340637207
42.268970012664795 3.970303773880005 3.8800694942474365
42.296327352523804 4.286123275756836 3.9251866340637207
42.32935047149658 4.511708736419678 4.195888996124268
42.36884140968323 4.076006889343262 4.207490921020508
42.403730630874634 4.601943016052246 4.466591835021973
42.44411253929138 4.421474456787109 4.7372941970825195
42.46876764297485 4.601943016052246 4.601943016052246
42.505181550979614 4.601943016052246 4.917762756347656
42.54180312156677 4.25131893157959 4.733427047729492
42.57233023643494 4.647059917449951 4.962879657745361
42.6013617515564 4.462490081787109 5.020301342010498
42.63154673576355 4.601943016052246 5.007996559143066
42.671913385391235 4.601943016052246 4.90873908996582
42.70818543434143 4.376357555389404 5.098230838775635
42.750234603881836 4.514286994934082 4.996395111083984
42.774725914001465 4.647059917449951 4.827528476715088
42.81374454498291 4.601943016052246 4.917762756347656
42.846266984939575 4.556826114654541 4.917762756347656
42.87843084335327 4.5554585456848145 4.601943016052246
42.91909742355347 4.382802963256836 4.470458984375
42.94386577606201 4.782411575317383 4.376357555389404
42.97855758666992 4.295146942138672 4.382802963256836
43.014081716537476 4.556826114654541 4.241006374359131
43.04589104652405 4.376357555389404 4.241006374359131
43.08180212974548 4.511708736419678 4.421474456787109
43.123324155807495 4.331240653991699 4.286123275756836
43.14477038383484 3.997647523880005 4.1371002197265625
43.18138551712036 4.286123275756836 4.331240653991699
43.21829795837402 4.286123275756836 4.105655193328857
43.25971078872681 4.0321784019470215 4.076006889343262
43.27963733673096 4.241006374359131 4.015420913696289
43.31572079658508 4.1507720947265625 3.699601173400879
43.357341289520264 4.015420913696289 3.744718313217163
43.393019676208496 3.8568665981292725 3.418586254119873
43.4287371635437 3.6544840335845947 3.474015712738037
43.468037366867065 3.6093671321868896 3.2935473918914795
43.488011837005615 3.6544840335845947 3.2935473918914795
43.52929973602295 3.506242275238037 3.199446201324463
43.56670165061951 3.428898811340332 3.113079071044922
43.58895993232727 3.5191328525543213 3.158196210861206
43.6265754699707 3.5642499923706055 3.113079071044922
43.671546459198 3.428898811340332 3.2033133506774902
43.726624488830566 3.744718313217163 2.9326107501983643
43.75383996963501 3.5673975944519043 3.1036360263824463
43.804572105407715 3.383781671524048 3.0228450298309326
43.83051347732544 3.5901682376861572 3.0679619312286377
43.87968111038208 3.5191328525543213 3.113079071044922
43.90644955635071 3.4863204956054688 3.2074148654937744
43.95533299446106 3.5642499923706055 3.2033133506774902
43.98069405555725 3.6291744709014893 3.4046895503997803
44.029566287994385 3.474015712738037 3.3386645317077637
44.05576992034912 3.528156280517578 3.5665059089660645
44.103734254837036 3.474015712738037 3.5642499923706055
44.129634141922 3.255032777786255 3.704002857208252
44.185171127319336 3.383781671524048 3.699601173400879
44.20537066459656 3.217618703842163 3.8162453174591064
44.25351023674011 3.113079071044922 3.744718313217163
44.30333876609802 3.287102222442627 3.780167579650879
44.35973119735718 3.2484302520751953 3.8349525928497314
44.37643361091614 3.2074148654937744 3.730362892150879
44.41216063499451 3.2484302520751953 3.5191328525543213
44.44676446914673 3.168004274368286 3.601520538330078
44.48837351799011 3.2484302520751953 3.383781671524048
44.512128591537476 3.346867561340332 3.3933517932891846
44.548543214797974 3.243274211883545 3.330930233001709
44.58537530899048 3.3386645317077637 3.474015712738037
44.6202335357666 3.6093671321868896 3.428898811340332
44.645407915115356 3.6544840335845947 3.6093671321868896
44.682103395462036 3.9251866340637207 3.699601173400879
44.72297525405884 4.0321784019470215 3.7692103385925293
44.76090168952942 4.195888996124268 3.8800694942474365
44.78561186790466 4.060537815093994 3.8349525928497314
44.82098960876465 4.195888996124268 3.744718313217163
44.85703802108765 4.105655193328857 3.9251866340637207
44.89715242385864 3.593898296356201 3.8130385875701904
44.918155908584595 4.1371002197265625 3.9046788215637207
44.954107999801636 3.8349525928497314 3.744718313217163
44.99554133415222 3.199446201324463 3.8568665981292725
45.029690742492676 3.744718313217163 3.970303773880005
45.06579518318176 3.3386645317077637 3.7898354530334473
45.093592405319214 3.0228450298309326 3.744718313217163
45.129371881484985 3.0679619312286377 3.8800694942474365
45.16639733314514 3.0679619312286377 3.8349525928497314
45.207924365997314 2.88749361038208 3.8349525928497314
45.22607231140137 2.8820250034332275 3.6257731914520264
45.26243257522583 2.7521424293518066 3.744718313217163
45.303114891052246 2.8488218784332275 3.462414264678955
45.3301215171814 2.92850923538208 3.3003833293914795
45.365771770477295 2.9777278900146484 3.428898811340332
45.40279841423035 3.2033133506774902 3.2033133506774902
45.443111419677734 3.1117899417877197 3.1556179523468018
45.46318197250366 3.3933517932891846 3.021477699279785
45.49950385093689 3.2033133506774902 2.9326107501983643
45.540096044540405 3.383781671524048 2.842376470565796
45.577719926834106 3.287102222442627 2.8926498889923096
45.60111451148987 3.474015712738037 2.842376470565796
45.63732290267944 3.5191328525543213 2.842376470565796
45.68065547943115 3.418586254119873 2.8926498889923096
45.70241451263428 3.5952680110931396 3.115898847579956
45.743579626083374 3.383781671524048 3.2484302520751953
45.784950733184814 3.418586254119873 3.1556179523468018
45.80388283729553 3.5952680110931396 3.403520345687866
45.84002161026001 3.6093671321868896 3.383781671524048
45.87831950187683 3.7692103385925293 3.462414264678955
45.91409206390381 3.744718313217163 3.699601173400879
45.942866802215576 3.8800694942474365 3.6544840335845947
45.980345010757446 4.195888996124268 3.9251866340637207
46.0159215927124 4.241006374359131 3.8800694942474365
46.03958201408386 4.382802963256836 4.119834899902344
46.07566785812378 4.7372941970825195 4.376357555389404
46.11473059654236 4.382802963256836 4.25131893157959
46.150782346725464 4.827528476715088 4.511708736419678
46.184646129608154 4.917762756347656 4.556826114654541
46.21888852119446 4.872645378112793 4.601943016052246
46.25566864013672 5.098230838775635 4.782411575317383
46.279775619506836 4.777255058288574 4.90873908996582
46.31541037559509 5.36893367767334 4.782411575317383
46.356446504592896 4.864911079406738 4.90873908996582
46.39239525794983 5.2786993980407715 4.782411575317383
46.42819595336914 5.007996559143066 5.007996559143066
46.4544141292572 5.007996559143066 4.6921772956848145
46.48738646507263 5.143348217010498 4.7372941970825195
46.5241641998291 4.421474456787109 4.7372941970825195
46.559789419174194 5.05311393737793 4.376357555389404
46.60067868232727 4.163662910461426 4.338974952697754
46.623597621917725 4.183584690093994 4.276553153991699
46.659597396850586 4.241006374359131 4.060537815093994
46.69558143615723 3.7898354530334473 4.105655193328857
46.73234963417053 3.7898354530334473 4.015420913696289
46.76263070106506 3.6815543174743652 3.7692103385925293
46.80175828933716 3.5191328525543213 3.970303773880005
46.835301876068115 3.474015712738037 3.7898354530334473
46.864014625549316 3.6544840335845947 3.6544840335845947
46.90107870101929 3.474015712738037 3.6544840335845947
46.94061899185181 3.287102222442627 3.6815543174743652
46.96862268447876 3.672257661819458 3.3933517932891846
47.005215644836426 3.6093671321868896 3.5642499923706055
47.04043889045715 3.383781671524048 3.2484302520751953
47.064024209976196 3.744718313217163 3.2935473918914795
47.10105752944946 3.383781671524048 3.113079071044922
47.14171886444092 3.1556179523468018 3.199446201324463
47.177937030792236 3.383781671524048 3.2935473918914795
47.215773820877075 3.3386645317077637 3.158196210861206
47.23781895637512 3.3003833293914795 3.4863204956054688
47.27382230758667 3.2484302520751953 3.428898811340332
47.31458377838135 3.374758243560791 3.418586254119873
47.34260010719299 3.2935473918914795 3.3386645317077637
47.38107419013977 3.2484302520751953 3.6544840335845947
47.41556262969971 3.5191328525543213 3.5191328525543213
47.439865589141846 3.3386645317077637 3.383781671524048
47.47670245170593 3.428898811340332 3.428898811340332
47.51531410217285 3.1556179523468018 3.462414264678955
47.552781105041504 3.6544840335845947 3.3386645317077637
47.588281869888306 3.383781671524048 3.6544840335845947
47.613548278808594 3.3933517932891846 3.579288959503174
47.6556179523468 3.330930233001709 3.506242275238037
47.690120697021484 3.428898811340332 3.5642499923706055
47.72610950469971 3.158196210861206 3.6544840335845947
47.749916076660156 3.2484302520751953 3.5191328525543213
47.792370080947876 3.243274211883545 3.593898296356201
47.82803153991699 3.474015712738037 3.8349525928497314
47.8497428894043 3.3076465129852295 3.930826425552368
47.88736128807068 3.550070285797119 3.9883506298065186
47.924440145492554 3.6093671321868896 4.331240653991699
47.96018838882446 3.699601173400879 4.376357555389404
47.996010303497314 3.8800694942474365 4.556826114654541
48.02072763442993 4.076006889343262 4.645771026611328
48.060710430145264 3.9445226192474365 4.645771026611328
48.09662175178528 4.421474456787109 4.827528476715088
48.13175582885742 4.331240653991699 4.7372941970825195
48.17218255996704 4.331240653991699 5.007996559143066
48.194459199905396 4.601943016052246 4.601943016052246
48.226314544677734 4.511708736419678 5.007996559143066
48.26481008529663 4.647059917449951 4.827528476715088
48.302542209625244 4.68959903717041 4.514286994934082
48.327280044555664 4.648427486419678 4.880848407745361
48.358922719955444 4.6921772956848145 4.466591835021973
48.39819955825806 4.511708736419678 4.376357555389404
48.43603563308716 4.207490921020508 4.295146942138672
48.471707582473755 4.286123275756836 3.7898354530334473
48.50799012184143 3.6093671321868896 3.9251866340637207
48.53509187698364 3.6093671321868896 3.383781671524048
48.57119536399841 3.5191328525543213 3.0228450298309326
48.608116149902344 3.2484302520751953 2.616791009902954
48.63635969161987 3.113079071044922 2.4363226890563965
48.677998781204224 3.1117899417877197 2.147573471069336
48.712151527404785 3.0228450298309326 2.0753860473632812
48.73924469947815 2.8820250034332275 1.9988237619400024
48.776371240615845 2.842376470565796 1.9400347471237183
48.81354475021362 2.797259569168091 1.8498005867004395
48.85006809234619 2.6735098361968994 1.9284332990646362
48.87166166305542 2.588593006134033 2.1092238426208496
48.91131782531738 2.410541534423828 2.147573471069336
48.94508504867554 2.4363226890563965 2.300971508026123
48.98243999481201 2.3912057876586914 2.2107372283935547
49.01260948181152 2.4363226890563965 2.300971508026123
49.04663944244385 2.255854368209839 2.4363226890563965
49.08479690551758 2.147573471069336 2.279057502746582
49.11939215660095 2.2107372283935547 2.3460886478424072
49.15971922874451 1.9851518869400024 2.3460886478424072
49.179933309555054 2.255854368209839 2.1656203269958496
49.21814250946045 2.103745460510254 2.2352294921875
49.252129316329956 2.255854368209839 2.255854368209839
49.289376735687256 2.3460886478424072 1.9400347471237183
49.32770085334778 2.300971508026123 1.7595664262771606
49.347809076309204 2.3912057876586914 1.1730443239212036
49.38799333572388 2.366713523864746 0.5259363651275635
49.42446708679199 2.255854368209839 0.04511708766222
49.465256214141846 1.8949177265167236 -0.18046835064888
49.48993706703186 1.714449405670166 -0.36093670129776
49.52600288391113 1.6693322658538818 -0.5865221619606018
49.562283754348755 1.6654651165008545 -0.7012484669685364
49.60020565986633 1.8046835660934448 -1.1279271841049194
49.63761496543884 1.6693322658538818 -1.2632784843444824
49.660250663757324 1.4874967336654663 -1.3945281505584717
49.70095419883728 1.3586689233779907 -1.4901529550552368
49.73707985877991 1.3535126447677612 -1.714449405670166
49.76276254653931 1.4888639450073242 -1.8498005867004395
49.80273675918579 1.6242151260375977 -2.1205031871795654
49.82772445678711 1.714449405670166 -2.4363226890563965
49.86575770378113 1.8949177265167236 -2.3912057876586914
49.907148361206055 1.7969491481781006 -2.7173378467559814
49.942397594451904 1.6242151260375977 -2.842376470565796
49.962660789489746 1.673433780670166 -3.021477699279785
50.00301432609558 1.714449405670166 -2.88749361038208
50.03930640220642 1.9400347471237183 -3.2033133506774902
50.07733702659607 1.8046835660934448 -3.383781671524048
50.10084581375122 1.9988237619400024 -3.579288959503174
50.13520693778992 1.9284332990646362 -3.462414264678955
50.17123627662659 2.030268907546997 -4.421474456787109
50.207982778549194 2.1656203269958496 -4.015420913696289
50.242473125457764 2.4814398288726807 -4.466591835021973
50.28088998794556 2.4363226890563965 -4.827528476715088
50.30761766433716 2.510150671005249 -4.601943016052246
50.34475588798523 2.542025566101074 -4.952567100524902
50.379504680633545 2.616791009902954 -4.6921772956848145
50.41625690460205 2.616791009902954 -4.917762756347656
50.45223140716553 2.3460886478424072 -4.6921772956848145
50.47680687904358 2.5858535766601562 -4.25131893157959
50.516008377075195 2.300971508026123 -4.466591835021973
50.5506534576416 2.255854368209839 -4.1507720947265625
50.57663059234619 2.2777292728424072 -3.858194589614868
50.6124529838562 2.030268907546997 -4.060537815093994
50.65119171142578 2.059917449951172 -3.287102222442627
50.6881468296051 2.030268907546997 -3.2935473918914795
50.72392988204956 2.0753860473632812 -2.7070252895355225
50.76066780090332 2.3374948501586914 -2.6296818256378174
50.79879188537598 2.0753860473632812 -2.3460886478424072
50.825825929641724 2.2777292728424072 -2.324213743209839
50.862701177597046 2.279057502746582 -1.9722613096237183
50.899818897247314 2.300971508026123 -1.7595664262771606
50.934932708740234 2.3912057876586914 -1.579098105430603
50.959301233291626 2.1092238426208496 -1.677791714668274
50.99605107307434 1.9722613096237183 -1.5778089761734009
51.031726121902466 1.714449405670166 -1.3986297845840454
51.068899393081665 0.9474588632583618 -0.9474588632583618
51.09438610076904 0.2255854457616806 -0.1353512704372406
51.134154319763184 -0.043828029185533524 0.1753121167421341
51.170068979263306 -0.1353512704372406 0.2255854457616806
51.20761752128601 -0.09023417532444 0.09023417532444
51.243436098098755 0.0 0.0
51.26664972305298 0.0 0.0
51.29963231086731 -0.04511708766222 0.0
51.33585596084595 -0.04511708766222 0.0
51.371511936187744 0.0 0.0
51.41233944892883 -0.043828029185533524 0.0
51.43579649925232 -0.09023417532444 0.0
51.47601318359375 0.08765605837106705 0.0
51.51315259933472 0.0 0.0
51.548497438430786 0.0 0.0
51.58529543876648 0.0 0.0
51.60464286804199 0.0 0.0
51.64469075202942 0.0 0.0
51.68036365509033 0.0 0.0
51.717774629592896 0.0 0.0
51.75347685813904 0.0 0.0
51.778621196746826 0.0 0.0
51.81562781333923 0.0 0.0
51.8514609336853 0.0 0.0
51.88817119598389 0.0 0.0
51.92425537109375 0.0 0.0
51.94773292541504 0.0 0.0
51.98897075653076 0.0 0.0
52.02473592758179 0.0 0.0
52.059727907180786 0.0 0.0
52.08493113517761 0.0 0.0
52.12302827835083 0.0 0.0
52.158801317214966 0.0 0.0
52.19701671600342 0.0 0.0
52.231459617614746 0.0 0.0
52.256216287612915 0.0 0.0
52.292548418045044 0.0 0.0
52.332812786102295 0.0 0.0
52.370142698287964 0.0 0.0
52.39290452003479 0.0 0.0
52.42999339103699 0.0 0.0
52.465709924697876 0.0 0.0
52.49862217903137 0.0 0.0
52.53502631187439 0.0 0.0
52.57099747657776 0.0 0.0
52.599480867385864 0.0 0.0
52.63677930831909 0.0 0.0
52.67266249656677 0.0 0.0
52.70963430404663 0.0 0.0
52.7449369430542 0.0 0.0
52.76749038696289 0.0 0.0
52.806758642196655 0.0 0.0
52.842426776885986 0.0 0.0
52.88375282287598 0.0 0.0
52.90728163719177 0.0 0.0
52.94422245025635 0.0 0.0
52.98013210296631 0.0 0.0
53.016033411026 0.0 0.0
53.04305934906006 0.0 0.0
53.08930015563965 0.0 0.0
53.13849210739136 0.0 0.0
53.19340372085571 0.0 0.0
53.2130081653595 0.0 0.0
53.26688528060913 0.0 0.0
53.287070989608765 0.0 0.0
53.34189558029175 0.0 0.0
53.374351501464844 0.0 0.0
53.42758083343506 0.0 0.0
53.44228005409241 0.0 0.0
53.49663496017456 0.0 0.0
53.53363251686096 0.0 0.0
53.587761640548706 0.0 0.0
