15610.00, 4, 250.00, 3089.00, 3070.00, 74.58, 74.58, 1.00
10.00, 4, 250.00, 3093.00, 3071.00, 77.29, 76.16, 1.00
10.00, 4, 250.00, 3104.00, 3079.00, 77.40, 76.16, 1.00
10.00, 4, 250.00, 3120.00, 3097.00, 77.97, 76.61, 1.00
10.00, 4, 250.00, 3139.00, 3114.00, 78.76, 77.63, 1.00
10.00, 4, 250.00, 3162.00, 3140.00, 79.66, 78.42, 1.00
10.00, 4, 250.00, 3185.00, 3162.00, 80.68, 79.66, 1.00
10.00, 4, 250.00, 3212.00, 3191.00, 81.69, 80.79, 1.00
10.00, 4, 250.00, 3241.00, 3219.00, 82.60, 81.81, 1.00
10.00, 4, 250.00, 3270.00, 3249.00, 83.62, 82.94, 1.00
10.00, 4, 250.00, 3302.00, 3281.00, 84.41, 83.84, 1.00
10.00, 4, 250.00, 3332.00, 3313.00, 85.20, 84.75, 1.00
10.00, 4, 250.00, 3365.00, 3345.00, 85.88, 85.54, 1.00
10.00, 4, 250.00, 3400.00, 3381.00, 86.44, 86.21, 1.00
10.00, 4, 250.00, 3432.00, 3412.00, 87.01, 86.78, 1.00
10.00, 4, 250.00, 3465.00, 3446.00, 87.46, 87.23, 1.00
10.00, 4, 250.00, 3502.00, 3482.00, 87.68, 87.57, 1.00
10.00, 4, 250.00, 3538.00, 3517.00, 87.91, 87.91, 1.00
10.00, 4, 250.00, 3574.00, 3555.00, 88.02, 88.02, 1.00
10.00, 4, 250.00, 3610.00, 3592.00, 88.02, 88.14, 1.00
10.00, 4, 250.00, 3648.00, 3632.00, 88.02, 88.14, 1.00
10.00, 4, 250.00, 3685.00, 3670.00, 87.80, 87.91, 1.00
10.00, 4, 250.00, 3719.00, 3704.00, 87.46, 87.68, 1.00
10.00, 4, 250.00, 3755.00, 3740.00, 87.12, 87.34, 1.00
10.00, 4, 250.00, 3790.00, 3776.00, 86.55, 86.89, 1.00
10.00, 4, 250.00, 3827.00, 3814.00, 85.88, 86.21, 1.00
10.00, 4, 250.00, 3863.00, 3852.00, 84.97, 85.42, 1.00
10.00, 4, 250.00, 3902.00, 3893.00, 83.95, 84.41, 1.00
10.00, 4, 250.00, 3938.00, 3930.00, 82.60, 83.05, 1.00
10.00, 4, 250.00, 3971.00, 3963.00, 81.13, 81.58, 1.00
10.00, 4, 250.00, 4007.00, 3996.00, 79.32, 80.00, 1.00
10.00, 4, 250.00, 4041.00, 4032.00, 77.29, 78.19, 1.00
10.00, 4, 250.00, 4076.00, 4065.00, 74.80, 75.82, 1.00
10.00, 4, 250.00, 4112.00, 4101.00, 71.98, 73.11, 1.00
10.00, 4, 250.00, 4148.00, 4141.00, 68.47, 69.94, 1.00
10.00, 4, 250.00, 4180.00, 4176.00, 64.41, 65.88, 1.00
10.00, 4, 250.00, 4212.00, 4209.00, 60.00, 61.24, 1.00
10.00, 4, 250.00, 4243.00, 4237.00, 55.03, 56.27, 1.00
10.00, 4, 250.00, 4272.00, 4266.00, 49.49, 51.19, 1.00
10.00, 4, 250.00, 4301.00, 4296.00, 43.39, 45.54, 1.00
10.00, 4, 250.00, 4328.00, 4322.00, 36.72, 38.87, 1.00
10.00, 4, 250.00, 4354.00, 4349.00, 29.72, 31.75, 1.00
10.00, 4, 250.00, 4379.00, 4378.00, 22.15, 24.52, 1.00
10.00, 4, 250.00, 4401.00, 4399.00, 14.35, 16.38, 1.00
10.00, 4, 250.00, 4418.00, 4416.00, 6.55, 8.70, 1.00
10.00, 4, 250.00, 4432.00, 4431.00, -0.34, 1.69, 1.00
10.00, 4, 250.00, 4441.00, 4441.00, -7.23, -5.08, 1.00
10.00, 4, 250.00, 4449.00, 4449.00, -12.88, -11.07, 1.00
10.00, 4, 250.00, 4454.00, 4455.00, -18.53, -16.72, 1.00
10.00, 4, 250.00, 4456.00, 4460.00, -23.39, -21.81, 1.00
10.00, 4, 250.00, 4457.00, 4462.00, -27.91, -26.67, 1.00
10.00, 4, 250.00, 4454.00, 4459.00, -31.98, -31.07, 1.00
10.00, 4, 250.00, 4448.00, 4454.00, -35.48, -34.58, 1.00
10.00, 4, 250.00, 4441.00, 4447.00, -38.31, -37.63, 1.00
10.00, 4, 250.00, 4430.00, 4438.00, -40.79, -40.11, 1.00
10.00, 4, 250.00, 4419.00, 4426.00, -42.82, -42.49, 1.00
10.00, 4, 250.00, 4406.00, 4414.00, -44.52, -44.29, 1.00
10.00, 4, 250.00, 4392.00, 4400.00, -45.76, -45.76, 1.00
10.00, 4, 250.00, 4375.00, 4385.00, -46.67, -46.78, 1.00
10.00, 4, 250.00, 4359.00, 4370.00, -47.34, -47.57, 1.00
10.00, 4, 250.00, 4342.00, 4354.00, -47.57, -48.14, 1.00
10.00, 4, 250.00, 4324.00, 4336.00, -47.68, -48.36, 1.00
10.00, 4, 250.00, 4306.00, 4319.00, -47.34, -48.25, 1.00
10.00, 4, 250.00, 4288.00, 4300.00, -46.89, -47.80, 1.00
10.00, 4, 250.00, 4269.00, 4281.00, -46.21, -47.34, 1.00
10.00, 4, 250.00, 4248.00, 4262.00, -45.08, -46.44, 1.00
10.00, 4, 250.00, 4228.00, 4243.00, -43.62, -45.31, 1.00
10.00, 4, 250.00, 4209.00, 4224.00, -41.92, -43.73, 1.00
10.00, 4, 250.00, 4189.00, 4206.00, -40.11, -42.03, 1.00
10.00, 4, 250.00, 4170.00, 4187.00, -37.85, -40.23, 1.00
10.00, 4, 250.00, 4153.00, 4167.00, -35.25, -38.08, 1.00
10.00, 4, 250.00, 4134.00, 4149.00, -32.88, -35.71, 1.00
10.00, 4, 250.00, 4118.00, 4132.00, -30.17, -33.11, 1.00
10.00, 4, 250.00, 4102.00, 4114.00, -27.46, -30.40, 1.00
10.00, 4, 250.00, 4087.00, 4099.00, -24.41, -27.34, 1.00
10.00, 4, 250.00, 4071.00, 4085.00, -21.36, -24.18, 1.00
10.00, 4, 250.00, 4058.00, 4073.00, -17.97, -21.47, 1.00
10.00, 4, 250.00, 4045.00, 4061.00, -14.80, -18.53, 1.00
10.00, 4, 250.00, 4034.00, 4049.00, -11.75, -15.59, 1.00
10.00, 4, 250.00, 4025.00, 4039.00, -8.36, -12.66, 1.00
10.00, 4, 250.00, 4017.00, 4031.00, -5.65, -9.83, 1.00
10.00, 4, 250.00, 4011.00, 4023.00, -2.94, -6.89, 1.00
10.00, 4, 250.00, 4006.00, 4018.00, -0.45, -4.41, 1.00
10.00, 4, 250.00, 4003.00, 4014.00, 1.69, -2.15, 1.00
10.00, 4, 250.00, 4002.00, 4010.00, 3.50, -0.23, 1.00
10.00, 4, 250.00, 4001.00, 4008.00, 5.08, 1.69, 1.00
10.00, 4, 250.00, 4001.00, 4007.00, 6.55, 3.16, 1.00
10.00, 4, 250.00, 4001.00, 4007.00, 7.68, 4.52, 1.00
10.00, 4, 250.00, 4002.00, 4008.00, 8.59, 5.76, 1.00
10.00, 4, 250.00, 4003.00, 4008.00, 9.38, 6.55, 1.00
10.00, 4, 250.00, 4004.00, 4008.00, 9.94, 7.46, 1.00
10.00, 4, 250.00, 4006.00, 4008.00, 10.51, 8.25, 1.00
10.00, 4, 250.00, 4008.00, 4008.00, 10.62, 8.81, 1.00
10.00, 4, 250.00, 4011.00, 4009.00, 10.73, 9.27, 1.00
10.00, 4, 250.00, 4013.00, 4010.00, 10.73, 9.49, 1.00
10.00, 4, 250.00, 4016.00, 4011.00, 10.51, 9.60, 1.00
10.00, 4, 250.00, 4019.00, 4013.00, 10.17, 9.49, 1.00
10.00, 4, 250.00, 4022.00, 4015.00, 9.83, 9.27, 1.00
10.00, 4, 250.00, 4024.00, 4018.00, 9.38, 9.04, 1.00
10.00, 4, 250.00, 4028.00, 4020.00, 8.93, 8.70, 1.00
10.00, 4, 250.00, 4030.00, 4022.00, 8.47, 8.36, 1.00
10.00, 4, 250.00, 4033.00, 4024.00, 8.14, 7.91, 1.00
10.00, 4, 250.00, 4036.00, 4026.00, 7.68, 7.57, 1.00
10.00, 4, 250.00, 4038.00, 4029.00, 7.46, 7.23, 1.00
10.00, 4, 250.00, 4041.00, 4031.00, 7.12, 7.01, 1.00
10.00, 4, 250.00, 4043.00, 4033.00, 6.89, 6.67, 1.00
10.00, 4, 250.00, 4045.00, 4034.00, 6.67, 6.55, 1.00
10.00, 4, 250.00, 4046.00, 4036.00, 6.55, 6.33, 1.00
10.00, 4, 250.00, 4049.00, 4038.00, 6.44, 6.21, 1.00
10.00, 4, 250.00, 4050.00, 4039.00, 6.33, 6.21, 1.00
10.00, 4, 250.00, 4052.00, 4041.00, 6.33, 6.10, 1.00
10.00, 4, 250.00, 4053.00, 4042.00, 6.33, 5.99, 1.00
10.00, 4, 250.00, 4054.00, 4043.00, 6.21, 6.10, 1.00
10.00, 4, 250.00, 4055.00, 4044.00, 6.21, 5.99, 1.00
10.00, 4, 250.00, 4056.00, 4045.00, 6.21, 5.99, 1.00
10.00, 4, 250.00, 4058.00, 4046.00, 6.21, 6.10, 1.00
10.00, 4, 250.00, 4059.00, 4047.00, 6.21, 6.10, 1.00
10.00, 4, 250.00, 4060.00, 4048.00, 6.33, 6.10, 1.00
10.00, 4, 250.00, 4061.00, 4049.00, 6.33, 6.21, 1.00
10.00, 4, 250.00, 4063.00, 4049.00, 6.33, 6.21, 1.00
10.00, 4, 250.00, 4065.00, 4050.00, 6.44, 6.21, 1.00
10.00, 4, 250.00, 4066.00, 4051.00, 6.44, 6.21, 1.00
10.00, 4, 250.00, 4067.00, 4051.00, 6.55, 6.33, 1.00
10.00, 4, 250.00, 4069.00, 4052.00, 6.55, 6.21, 1.00
10.00, 4, 250.00, 4070.00, 4053.00, 6.44, 6.33, 1.00
10.00, 4, 250.00, 4072.00, 4054.00, 6.55, 6.44, 1.00
10.00, 4, 250.00, 4073.00, 4055.00, 6.67, 6.44, 1.00
10.00, 4, 250.00, 4075.00, 4055.00, 6.67, 6.44, 1.00
10.00, 4, 250.00, 4077.00, 4056.00, 6.67, 6.55, 1.00
10.00, 4, 250.00, 4078.00, 4057.00, 6.67, 6.55, 1.00
10.00, 4, 250.00, 4081.00, 4057.00, 6.78, 6.67, 1.00
10.00, 4, 250.00, 4083.00, 4058.00, 6.89, 6.55, 1.00
10.00, 4, 250.00, 4084.00, 4059.00, 6.89, 6.67, 1.00
10.00, 4, 250.00, 4086.00, 4059.00, 6.78, 6.67, 1.00
10.00, 4, 250.00, 4087.00, 4059.00, 6.67, 6.55, 1.00
10.00, 4, 250.00, 4089.00, 4060.00, 6.78, 6.55, 1.00
10.00, 4, 250.00, 4090.00, 4061.00, 6.78, 6.55, 1.00
10.00, 4, 250.00, 4092.00, 4062.00, 6.67, 6.67, 1.00
10.00, 4, 250.00, 4094.00, 4063.00, 6.44, 6.67, 1.00
10.00, 4, 250.00, 4095.00, 4064.00, 6.44, 6.55, 1.00
10.00, 4, 250.00, 4096.00, 4065.00, 6.44, 6.67, 1.00
10.00, 4, 250.00, 4098.00, 4065.00, 6.33, 6.67, 1.00
10.00, 4, 250.00, 4098.00, 4066.00, 6.10, 6.67, 1.00
10.00, 4, 250.00, 4099.00, 4067.00, 5.99, 6.67, 1.00
10.00, 4, 250.00, 4100.00, 4068.00, 5.88, 6.78, 1.00
10.00, 4, 250.00, 4101.00, 4069.00, 5.65, 6.78, 1.00
10.00, 4, 250.00, 4102.00, 4071.00, 5.54, 6.78, 1.00
10.00, 4, 250.00, 4103.00, 4072.00, 5.42, 6.78, 1.00
10.00, 4, 250.00, 4103.00, 4073.00, 5.20, 6.89, 1.00
10.00, 4, 250.00, 4104.00, 4074.00, 4.97, 6.78, 1.00
10.00, 4, 250.00, 4105.00, 4076.00, 4.75, 6.78, 1.00
10.00, 4, 250.00, 4105.00, 4077.00, 4.63, 6.89, 1.00
10.00, 4, 250.00, 4106.00, 4078.00, 4.41, 6.89, 1.00
10.00, 4, 250.00, 4106.00, 4080.00, 4.18, 6.78, 1.00
10.00, 4, 250.00, 4107.00, 4081.00, 3.95, 6.78, 1.00
10.00, 4, 250.00, 4107.00, 4081.00, 3.84, 6.67, 1.00
10.00, 4, 250.00, 4107.00, 4083.00, 3.62, 6.55, 1.00
10.00, 4, 250.00, 4107.00, 4084.00, 3.39, 6.55, 1.00
10.00, 4, 250.00, 4107.00, 4085.00, 3.05, 6.55, 1.00
10.00, 4, 250.00, 4108.00, 4086.00, 2.82, 6.55, 1.00
10.00, 4, 250.00, 4108.00, 4087.00, 2.82, 6.44, 1.00
10.00, 4, 250.00, 4108.00, 4088.00, 2.60, 6.33, 1.00
10.00, 4, 250.00, 4108.00, 4089.00, 2.37, 6.21, 1.00
10.00, 4, 250.00, 4108.00, 4090.00, 2.15, 6.10, 1.00
10.00, 4, 250.00, 4108.00, 4091.00, 1.92, 5.99, 1.00
10.00, 4, 250.00, 4108.00, 4091.00, 1.81, 5.88, 1.00
10.00, 4, 250.00, 4108.00, 4091.00, 1.58, 5.65, 1.00
10.00, 4, 250.00, 4108.00, 4091.00, 1.36, 5.42, 1.00
10.00, 4, 250.00, 4108.00, 4091.00, 1.24, 5.20, 1.00
10.00, 4, 250.00, 4108.00, 4091.00, 1.13, 4.97, 1.00
10.00, 4, 250.00, 4108.00, 4091.00, 0.90, 4.86, 1.00
10.00, 4, 250.00, 4108.00, 4091.00, 0.79, 4.63, 1.00
10.00, 4, 250.00, 4108.00, 4091.00, 0.68, 4.41, 1.00
10.00, 4, 250.00, 4108.00, 4091.00, 0.45, 4.29, 1.00
10.00, 4, 250.00, 4108.00, 4091.00, 0.34, 4.07, 1.00
10.00, 4, 250.00, 4108.00, 4091.00, 0.23, 3.95, 1.00
10.00, 4, 250.00, 4108.00, 4091.00, 0.11, 3.73, 1.00
10.00, 4, 250.00, 4108.00, 4091.00, 0.00, 3.62, 1.00
10.00, 4, 250.00, 4108.00, 4091.00, 0.00, 3.50, 1.00
10.00, 4, 250.00, 4108.00, 4091.00, -0.11, 3.28, 1.00
10.00, 4, 250.00, 4108.00, 4091.00, -0.23, 3.16, 1.00
10.00, 4, 250.00, 4108.00, 4091.00, -0.34, 3.05, 1.00
10.00, 4, 250.00, 4108.00, 4091.00, -0.34, 2.94, 1.00
10.00, 4, 250.00, 4108.00, 4091.00, -0.45, 2.82, 1.00
10.00, 4, 250.00, 4108.00, 4091.00, -0.56, 2.71, 1.00
10.00, 4, 250.00, 4108.00, 4091.00, -0.68, 2.60, 1.00
10.00, 4, 250.00, 4108.00, 4091.00, -0.68, 2.49, 1.00
10.00, 4, 250.00, 4108.00, 4091.00, -0.79, 2.37, 1.00
10.00, 4, 250.00, 4108.00, 4091.00, -0.90, 2.26, 1.00
10.00, 4, 250.00, 4108.00, 4091.00, -0.90, 2.15, 1.00
10.00, 4, 250.00, 4107.00, 4091.00, -1.02, 2.15, 1.00
10.00, 4, 250.00, 4107.00, 4091.00, -1.13, 2.03, 1.00
10.00, 4, 250.00, 4107.00, 4091.00, -1.24, 1.92, 1.00
10.00, 4, 250.00, 4106.00, 4091.00, -1.36, 1.81, 1.00
10.00, 4, 250.00, 4106.00, 4091.00, -1.36, 1.81, 1.00
10.00, 4, 250.00, 4106.00, 4091.00, -1.58, 1.69, 1.00
10.00, 4, 250.00, 4106.00, 4091.00, -1.58, 1.58, 1.00
10.00, 4, 250.00, 4105.00, 4091.00, -1.58, 1.58, 1.00
10.00, 4, 250.00, 4105.00, 4091.00, -1.69, 1.47, 1.00
10.00, 4, 250.00, 4105.00, 4091.00, -1.81, 1.47, 1.00
10.00, 4, 250.00, 4105.00, 4091.00, -1.81, 1.36, 1.00
10.00, 4, 250.00, 4105.00, 4091.00, -1.81, 1.36, 1.00
10.00, 4, 250.00, 4105.00, 4091.00, -1.81, 1.24, 1.00
10.00, 4, 250.00, 4105.00, 4091.00, -1.92, 1.24, 1.00
10.00, 4, 250.00, 4105.00, 4091.00, -1.92, 1.13, 1.00
10.00, 4, 250.00, 4105.00, 4091.00, -1.92, 1.13, 1.00
10.00, 4, 250.00, 4105.00, 4091.00, -1.92, 1.02, 1.00
10.00, 4, 250.00, 4105.00, 4091.00, -1.92, 1.02, 1.00
10.00, 4, 250.00, 4105.00, 4091.00, -1.92, 1.02, 1.00
10.00, 4, 250.00, 4105.00, 4091.00, -1.92, 0.90, 1.00
10.00, 4, 250.00, 4105.00, 4091.00, -1.92, 0.90, 1.00
10.00, 4, 250.00, 4105.00, 4091.00, -1.92, 0.90, 1.00
10.00, 4, 250.00, 4105.00, 4091.00, -1.92, 0.79, 1.00
10.00, 4, 250.00, 4105.00, 4091.00, -1.92, 0.79, 1.00
10.00, 4, 250.00, 4105.00, 4091.00, -2.03, 0.79, 1.00
10.00, 4, 250.00, 4105.00, 4091.00, -2.03, 0.68, 1.00
10.00, 4, 250.00, 4105.00, 4091.00, -2.03, 0.68, 1.00
10.00, 4, 250.00, 4105.00, 4091.00, -2.03, 0.68, 1.00
10.00, 4, 250.00, 4105.00, 4091.00, -2.03, 0.68, 1.00
10.00, 4, 250.00, 4105.00, 4091.00, -2.03, 0.56, 1.00
10.00, 4, 250.00, 4105.00, 4091.00, -2.03, 0.56, 1.00
10.00, 4, 250.00, 4105.00, 4091.00, -2.03, 0.56, 1.00
10.00, 4, 250.00, 4105.00, 4091.00, -2.03, 0.56, 1.00
10.00, 4, 250.00, 4105.00, 4091.00, -2.03, 0.45, 1.00
10.00, 4, 250.00, 4105.00, 4091.00, -2.03, 0.45, 1.00
10.00, 4, 250.00, 4105.00, 4091.00, -2.03, 0.45, 1.00
10.00, 4, 250.00, 4105.00, 4091.00, -2.03, 0.45, 1.00
10.00, 4, 250.00, 4105.00, 4091.00, -2.03, 0.45, 1.00
10.00, 4, 250.00, 4105.00, 4091.00, -2.03, 0.34, 1.00
10.00, 4, 250.00, 4105.00, 4091.00, -2.03, 0.34, 1.00
10.00, 4, 250.00, 4105.00, 4091.00, -2.03, 0.34, 1.00
10.00, 4, 250.00, 4105.00, 4091.00, -2.03, 0.34, 1.00
10.00, 4, 250.00, 4105.00, 4091.00, -2.03, 0.34, 1.00
10.00, 4, 250.00, 4105.00, 4091.00, -2.03, 0.34, 1.00
10.00, 4, 250.00, 4105.00, 4091.00, -2.03, 0.34, 1.00
10.00, 4, 250.00, 4105.00, 4091.00, -2.15, 0.23, 1.00
10.00, 4, 250.00, 4105.00, 4091.00, -2.15, 0.23, 1.00
10.00, 4, 250.00, 4105.00, 4091.00, -2.15, 0.23, 1.00
10.00, 4, 250.00, 4105.00, 4091.00, -2.15, 0.23, 1.00
10.00, 4, 250.00, 4105.00, 4091.00, -2.15, 0.23, 1.00
10.00, 4, 250.00, 4105.00, 4091.00, -2.15, 0.23, 1.00
10.00, 4, 250.00, 4105.00, 4091.00, -2.15, 0.23, 1.00
10.00, 4, 250.00, 4105.00, 4091.00, -2.15, 0.23, 1.00
10.00, 4, 250.00, 4105.00, 4091.00, -2.15, 0.23, 1.00
10.00, 4, 250.00, 4105.00, 4091.00, -2.15, 0.23, 1.00
10.00, 4, 250.00, 4105.00, 4091.00, -2.15, 0.11, 1.00
10.00, 4, 250.00, 4105.00, 4091.00, -2.15, 0.11, 1.00
10.00, 4, 250.00, 4105.00, 4091.00, -2.15, 0.11, 1.00
10.00, 4, 250.00, 4105.00, 4091.00, -2.15, 0.11, 1.00
10.00, 4, 250.00, 4105.00, 4091.00, -2.15, 0.11, 1.00
10.00, 4, 250.00, 4105.00, 4091.00, -2.15, 0.11, 1.00
10.00, 4, 250.00, 4105.00, 4091.00, -2.15, 0.11, 1.00
10.00, 4, 250.00, 4105.00, 4091.00, -2.15, 0.11, 1.00
10.00, 4, 250.00, 4105.00, 4091.00, -2.15, 0.11, 1.00
10.00, 4, 250.00, 4105.00, 4091.00, -2.15, 0.11, 1.00
10.00, 4, 250.00, 4105.00, 4091.00, -2.15, 0.11, 1.00
10.00, 4, 250.00, 4105.00, 4091.00, -2.15, 0.11, 1.00
10.00, 4, 250.00, 4105.00, 4091.00, -2.15, 0.11, 1.00
10.00, 4, 250.00, 4105.00, 4091.00, -2.15, 0.11, 1.00
10.00, 4, 250.00, 4105.00, 4091.00, -2.15, 0.11, 1.00
10.00, 4, 250.00, 4105.00, 4091.00, -2.15, 0.11, 1.00
10.00, 4, 250.00, 4105.00, 4091.00, -2.15, 0.00, 1.00
10.00, 4, 250.00, 4105.00, 4091.00, -2.15, 0.00, 1.00
10.00, 4, 250.00, 4105.00, 4091.00, -2.15, 0.00, 1.00
10.00, 4, 250.00, 4105.00, 4091.00, -2.15, 0.00, 1.00
10.00, 4, 250.00, 4105.00, 4091.00, -2.15, 0.00, 1.00
10.00, 4, 250.00, 4105.00, 4091.00, -2.15, 0.00, 1.00
10.00, 4, 250.00, 4105.00, 4091.00, -2.15, 0.00, 1.00
10.00, 4, 250.00, 4105.00, 4091.00, -2.15, 0.00, 1.00
10.00, 4, 250.00, 4105.00, 4091.00, -2.15, 0.00, 1.00
10.00, 4, 250.00, 4105.00, 4091.00, -2.15, 0.00, 1.00
10.00, 4, 250.00, 4105.00, 4091.00, -2.15, 0.00, 1.00
10.00, 4, 250.00, 4105.00, 4091.00, -2.15, 0.00, 1.00
10.00, 4, 250.00, 4105.00, 4091.00, -2.15, 0.00, 1.00
10.00, 4, 250.00, 4105.00, 4091.00, -2.15, 0.00, 1.00
10.00, 4, 250.00, 4105.00, 4091.00, -2.15, 0.00, 1.00
10.00, 4, 250.00, 4105.00, 4091.00, -2.15, 0.00, 1.00
10.00, 4, 250.00, 4105.00, 4091.00, -2.15, 0.00, 1.00
10.00, 4, 250.00, 4105.00, 4091.00, -2.15, 0.00, 1.00
10.00, 4, 250.00, 4105.00, 4091.00, -2.15, 0.00, 1.00
10.00, 4, 250.00, 4105.00, 4091.00, -2.15, 0.00, 1.00
10.00, 4, 250.00, 4105.00, 4091.00, -2.15, 0.00, 1.00
10.00, 4, 250.00, 4105.00, 4091.00, -2.15, 0.00, 1.00
10.00, 4, 250.00, 4105.00, 4091.00, -2.15, 0.00, 1.00
10.00, 4, 250.00, 4105.00, 4091.00, -2.15, 0.00, 1.00
10.00, 4, 250.00, 4105.00, 4091.00, -2.15, 0.00, 1.00
10.00, 4, 250.00, 4105.00, 4091.00, -2.15, 0.00, 1.00
10.00, 4, 250.00, 4105.00, 4091.00, -2.15, 0.00, 1.00
10.00, 4, 250.00, 4105.00, 4091.00, -2.15, 0.00, 1.00
10.00, 4, 250.00, 4105.00, 4091.00, -2.15, 0.00, 1.00
10.00, 4, 250.00, 4105.00, 4091.00, -2.15, 0.00, 1.00
10.00, 4, 250.00, 4105.00, 4091.00, -2.15, 0.00, 1.00
10.00, 4, 250.00, 4105.00, 4091.00, -2.15, 0.00, 1.00
10.00, 4, 250.00, 4105.00, 4091.00, -2.15, 0.00, 1.00
10.00, 4, 250.00, 4105.00, 4091.00, -2.15, 0.00, 1.00
10.00, 4, 250.00, 4105.00, 4091.00, -2.15, 0.00, 1.00
10.00, 4, 250.00, 4105.00, 4091.00, -2.15, 0.00, 1.00
10.00, 4, 250.00, 4105.00, 4091.00, -2.15, 0.00, 1.00
10.00, 4, 250.00, 4105.00, 4091.00, -2.15, 0.00, 1.00
10.00, 4, 250.00, 4105.00, 4091.00, -2.15, 0.00, 1.00
10.00, 4, 250.00, 4105.00, 4091.00, -2.15, 0.00, 1.00
10.00, 4, 250.00, 4105.00, 4091.00, -2.15, 0.00, 1.00
10.00, 4, 250.00, 4105.00, 4091.00, -2.15, 0.00, 1.00
10.00, 4, 250.00, 4105.00, 4091.00, -2.15, 0.00, 1.00
10.00, 4, 250.00, 4105.00, 4091.00, -2.15, 0.00, 1.00
10.00, 4, 250.00, 4105.00, 4091.00, -2.15, 0.00, 1.00
10.00, 4, 250.00, 4105.00, 4091.00, -2.15, 0.00, 1.00
10.00, 4, 250.00, 4105.00, 4091.00, -2.15, 0.00, 1.00
10.00, 4, 250.00, 4105.00, 4091.00, -2.15, 0.00, 1.00
10.00, 4, 250.00, 4105.00, 4091.00, -2.15, 0.00, 1.00
10.00, 4, 250.00, 4105.00, 4091.00, -2.15, 0.00, 1.00
10.00, 4, 250.00, 4105.00, 4091.00, -2.15, 0.00, 1.00
10.00, 4, 250.00, 4105.00, 4091.00, -2.15, 0.00, 1.00
10.00, 4, 250.00, 4105.00, 4091.00, -2.15, 0.00, 1.00
10.00, 4, 250.00, 4105.00, 4091.00, -2.15, 0.00, 1.00
10.00, 4, 250.00, 4105.00, 4091.00, -2.15, 0.00, 1.00
10.00, 4, 250.00, 4105.00, 4091.00, -2.15, 0.00, 1.00
10.00, 4, 250.00, 4105.00, 4091.00, -2.15, 0.00, 1.00
10.00, 4, 250.00, 4105.00, 4091.00, -2.15, 0.00, 1.00
10.00, 4, 250.00, 4105.00, 4091.00, -2.15, 0.00, 1.00
10.00, 4, 250.00, 4105.00, 4091.00, -2.15, 0.00, 1.00
10.00, 4, 250.00, 4105.00, 4091.00, -2.15, 0.00, 1.00
10.00, 4, 250.00, 4105.00, 4091.00, -2.15, 0.00, 1.00
10.00, 4, 250.00, 4105.00, 4091.00, -2.15, 0.00, 1.00
10.00, 4, 250.00, 4105.00, 4091.00, -2.15, 0.00, 1.00
10.00, 4, 250.00, 4105.00, 4091.00, -2.15, 0.00, 1.00
10.00, 4, 250.00, 4105.00, 4091.00, -2.15, 0.00, 1.00
10.00, 4, 250.00, 4105.00, 4091.00, -2.15, 0.00, 1.00
10.00, 4, 250.00, 4105.00, 4091.00, -2.15, 0.00, 1.00
10.00, 4, 250.00, 4105.00, 4091.00, -2.15, 0.00, 1.00
10.00, 4, 250.00, 4105.00, 4091.00, -2.15, 0.00, 1.00
10.00, 4, 250.00, 4105.00, 4091.00, -2.15, 0.00, 1.00
10.00, 4, 250.00, 4105.00, 4091.00, -2.15, 0.00, 1.00
10.00, 4, 250.00, 4105.00, 4091.00, -2.15, 0.00, 1.00
10.00, 4, 250.00, 4105.00, 4091.00, -2.15, 0.00, 1.00
10.00, 4, 250.00, 4105.00, 4091.00, -2.15, 0.00, 1.00
10.00, 4, 250.00, 4105.00, 4091.00, -2.15, 0.00, 1.00
10.00, 4, 250.00, 4105.00, 4091.00, -2.15, 0.00, 1.00
10.00, 4, 250.00, 4105.00, 4091.00, -2.15, 0.00, 1.00
10.00, 4, 250.00, 4105.00, 4091.00, -2.15, 0.00, 1.00
10.00, 4, 250.00, 4105.00, 4091.00, -2.15, 0.00, 1.00
10.00, 4, 250.00, 4105.00, 4091.00, -2.15, 0.00, 1.00
10.00, 4, 250.00, 4105.00, 4091.00, -2.15, 0.00, 1.00
10.00, 4, 250.00, 4105.00, 4091.00, -2.15, 0.00, 1.00
10.00, 4, 250.00, 4105.00, 4091.00, -2.15, 0.00, 1.00
10.00, 4, 250.00, 4105.00, 4091.00, -2.15, 0.00, 1.00
10.00, 4, 250.00, 4105.00, 4091.00, -2.15, 0.00, 1.00
10.00, 4, 250.00, 4105.00, 4091.00, -2.15, 0.00, 1.00
10.00, 4, 250.00, 4105.00, 4091.00, -2.15, 0.00, 1.00
10.00, 4, 250.00, 4105.00, 4091.00, -2.15, 0.00, 1.00
10.00, 4, 250.00, 4105.00, 4091.00, -2.15, 0.00, 1.00
10.00, 4, 250.00, 4105.00, 4091.00, -2.15, 0.00, 1.00
10.00, 4, 250.00, 4105.00, 4091.00, -2.15, 0.00, 1.00
10.00, 4, 250.00, 4105.00, 4091.00, -2.15, 0.00, 1.00
10.00, 4, 250.00, 4105.00, 4091.00, -2.15, 0.00, 1.00
10.00, 4, 250.00, 4105.00, 4091.00, -2.15, 0.00, 1.00
10.00, 4, 250.00, 4105.00, 4091.00, -2.15, 0.00, 1.00
10.00, 4, 250.00, 4105.00, 4091.00, -2.15, 0.00, 1.00
10.00, 4, 250.00, 4105.00, 4091.00, -2.15, 0.00, 1.00
10.00, 4, 250.00, 4105.00, 4091.00, -2.15, 0.00, 1.00
10.00, 4, 250.00, 4105.00, 4091.00, -2.15, 0.00, 1.00
10.00, 4, 250.00, 4105.00, 4091.00, -2.15, 0.00, 1.00
10.00, 4, 250.00, 4105.00, 4091.00, -2.15, 0.00, 1.00
10.00, 4, 250.00, 4105.00, 4091.00, -2.15, 0.00, 1.00
10.00, 4, 250.00, 4105.00, 4091.00, -2.15, 0.00, 1.00
10.00, 4, 250.00, 4105.00, 4091.00, -2.15, 0.00, 1.00
10.00, 4, 250.00, 4105.00, 4091.00, -2.15, 0.00, 1.00
10.00, 4, 250.00, 4105.00, 4091.00, -2.15, 0.00, 1.00
10.00, 4, 250.00, 4105.00, 4091.00, -2.15, 0.00, 1.00
10.00, 4, 250.00, 4105.00, 4091.00, -2.15, 0.00, 1.00
10.00, 4, 250.00, 4105.00, 4091.00, -2.15, 0.00, 1.00
10.00, 4, 250.00, 4105.00, 4091.00, -2.15, 0.00, 1.00
10.00, 4, 250.00, 4105.00, 4091.00, -2.15, 0.00, 1.00
10.00, 4, 250.00, 4105.00, 4091.00, -2.15, 0.00, 1.00
10.00, 4, 250.00, 4105.00, 4091.00, -2.15, 0.00, 1.00
10.00, 4, 250.00, 4105.00, 4091.00, -2.15, 0.00, 1.00
10.00, 4, 250.00, 4105.00, 4091.00, -2.15, 0.00, 1.00
10.00, 4, 250.00, 4105.00, 4091.00, -2.15, 0.00, 1.00
10.00, 4, 250.00, 4105.00, 4091.00, -2.15, 0.00, 1.00
10.00, 4, 250.00, 4105.00, 4091.00, -2.15, 0.00, 1.00
10.00, 4, 250.00, 4105.00, 4091.00, -2.15, 0.00, 1.00
10.00, 4, 250.00, 4105.00, 4091.00, -2.15, 0.00, 1.00
10.00, 4, 250.00, 4105.00, 4091.00, -2.15, 0.00, 1.00
10.00, 4, 250.00, 4105.00, 4091.00, -2.15, 0.00, 1.00
10.00, 4, 250.00, 4105.00, 4091.00, -2.15, 0.00, 1.00
10.00, 4, 250.00, 4105.00, 4091.00, -2.15, 0.00, 1.00
10.00, 4, 250.00, 4105.00, 4091.00, -2.15, 0.00, 1.00
10.00, 4, 250.00, 4105.00, 4091.00, -2.15, 0.00, 1.00
10.00, 4, 250.00, 4105.00, 4091.00, -2.15, 0.00, 1.00
10.00, 4, 250.00, 4105.00, 4091.00, -2.15, 0.00, 1.00
10.00, 4, 250.00, 4105.00, 4091.00, -2.15, 0.00, 1.00
10.00, 4, 250.00, 4105.00, 4091.00, -2.15, 0.00, 1.00
10.00, 4, 250.00, 4105.00, 4091.00, -2.15, 0.00, 1.00
10.00, 4, 250.00, 4105.00, 4091.00, -2.15, 0.00, 1.00
10.00, 4, 250.00, 4105.00, 4091.00, -2.15, 0.00, 1.00
10.00, 4, 250.00, 4105.00, 4091.00, -2.15, 0.00, 1.00
10.00, 4, 250.00, 4105.00, 4091.00, -2.15, 0.00, 1.00
10.00, 4, 250.00, 4105.00, 4091.00, -2.15, 0.00, 1.00
10.00, 4, 250.00, 4105.00, 4091.00, -2.15, 0.00, 1.00
10.00, 4, 250.00, 4105.00, 4091.00, -2.15, 0.00, 1.00
10.00, 4, 250.00, 4105.00, 4091.00, -2.15, 0.00, 1.00
10.00, 4, 250.00, 4105.00, 4091.00, -2.15, 0.00, 1.00
10.00, 4, 250.00, 4105.00, 4091.00, -2.15, 0.00, 1.00
10.00, 4, 250.00, 4105.00, 4091.00, -2.15, 0.00, 1.00
10.00, 4, 250.00, 4105.00, 4091.00, -2.15, 0.00, 1.00
10.00, 4, 250.00, 4105.00, 4091.00, -2.15, 0.00, 1.00
10.00, 4, 250.00, 4105.00, 4091.00, -2.15, 0.00, 1.00
10.00, 4, 250.00, 4105.00, 4091.00, -2.15, 0.00, 1.00
10.00, 4, 250.00, 4105.00, 4091.00, -2.15, 0.00, 1.00
10.00, 4, 250.00, 4105.00, 4091.00, -2.15, 0.00, 1.00
10.00, 4, 250.00, 4105.00, 4091.00, -2.15, 0.00, 1.00
10.00, 4, 250.00, 4105.00, 4091.00, -2.15, 0.00, 1.00
10.00, 4, 250.00, 4105.00, 4091.00, -2.15, 0.00, 1.00
10.00, 4, 250.00, 4105.00, 4091.00, -2.15, 0.00, 1.00
10.00, 4, 250.00, 4105.00, 4091.00, -2.15, 0.00, 1.00
10.00, 4, 250.00, 4105.00, 4091.00, -2.15, 0.00, 1.00
10.00, 4, 250.00, 4105.00, 4091.00, -2.15, 0.00, 1.00
10.00, 4, 250.00, 4105.00, 4091.00, -2.15, 0.00, 1.00
10.00, 4, 250.00, 4105.00, 4091.00, -2.15, 0.00, 1.00
10.00, 4, 250.00, 4105.00, 4091.00, -2.15, 0.00, 1.00
10.00, 4, 250.00, 4105.00, 4091.00, -2.15, 0.00, 1.00
10.00, 4, 250.00, 4105.00, 4091.00, -2.15, 0.00, 1.00
10.00, 4, 250.00, 4105.00, 4091.00, -2.15, 0.00, 1.00
10.00, 4, 250.00, 4105.00, 4091.00, -2.15, 0.00, 1.00
10.00, 4, 250.00, 4105.00, 4091.00, -2.15, 0.00, 1.00
10.00, 4, 250.00, 4105.00, 4091.00, -2.15, 0.00, 1.00
10.00, 4, 250.00, 4105.00, 4091.00, -2.15, 0.00, 1.00
10.00, 4, 250.00, 4105.00, 4091.00, -2.15, 0.00, 1.00
10.00, 4, 250.00, 4105.00, 4091.00, -2.15, 0.00, 1.00
10.00, 4, 250.00, 4105.00, 4091.00, -2.15, 0.00, 1.00
10.00, 4, 250.00, 4105.00, 4091.00, -2.15, 0.00, 1.00
10.00, 4, 250.00, 4105.00, 4091.00, -2.15, 0.00, 1.00
10.00, 4, 250.00, 4105.00, 4091.00, -2.15, 0.00, 1.00
10.00, 4, 250.00, 4105.00, 4091.00, -2.15, 0.00, 1.00
10.00, 4, 250.00, 4105.00, 4091.00, -2.15, 0.00, 1.00
10.00, 4, 250.00, 4105.00, 4091.00, -2.15, 0.00, 1.00
10.00, 4, 250.00, 4105.00, 4091.00, -2.15, 0.00, 1.00
10.00, 4, 250.00, 4105.00, 4091.00, -2.15, 0.00, 1.00
10.00, 4, 250.00, 4105.00, 4091.00, -2.15, 0.00, 1.00
10.00, 4, 250.00, 4105.00, 4091.00, -2.15, 0.00, 1.00
10.00, 4, 250.00, 4105.00, 4091.00, -2.15, 0.00, 1.00
10.00, 4, 250.00, 4105.00, 4091.00, -2.15, 0.00, 1.00
10.00, 4, 250.00, 4105.00, 4091.00, -2.15, 0.00, 1.00
10.00, 4, 250.00, 4105.00, 4091.00, -2.15, 0.00, 1.00
10.00, 4, 250.00, 4105.00, 4091.00, -2.15, 0.00, 1.00
10.00, 4, 250.00, 4105.00, 4091.00, -2.15, 0.00, 1.00
10.00, 4, 250.00, 4105.00, 4091.00, -2.15, 0.00, 1.00
10.00, 4, 250.00, 4105.00, 4091.00, -2.15, 0.00, 1.00
10.00, 4, 250.00, 4105.00, 4091.00, -2.15, 0.00, 1.00
10.00, 4, 250.00, 4105.00, 4091.00, -2.15, 0.00, 1.00
10.00, 4, 250.00, 4105.00, 4091.00, -2.15, 0.00, 1.00
10.00, 4, 250.00, 4105.00, 4091.00, -2.15, 0.00, 1.00
10.00, 4, 250.00, 4105.00, 4091.00, -2.15, 0.00, 1.00
10.00, 4, 250.00, 4105.00, 4091.00, -2.15, 0.00, 1.00
10.00, 4, 250.00, 4105.00, 4091.00, -2.15, 0.00, 1.00
10.00, 4, 250.00, 4105.00, 4091.00, -2.15, 0.00, 1.00
10.00, 4, 250.00, 4105.00, 4091.00, -2.15, 0.00, 1.00
10.00, 4, 250.00, 4105.00, 4091.00, -2.15, 0.00, 1.00
10.00, 4, 250.00, 4105.00, 4091.00, -2.15, 0.00, 1.00
10.00, 4, 250.00, 4105.00, 4091.00, -2.15, 0.00, 1.00
10.00, 4, 250.00, 4105.00, 4091.00, -2.15, 0.00, 1.00
10.00, 4, 250.00, 4105.00, 4091.00, -2.15, 0.00, 1.00
10.00, 4, 250.00, 4105.00, 4091.00, -2.15, 0.00, 1.00
10.00, 4, 250.00, 4105.00, 4091.00, -2.15, 0.00, 1.00
10.00, 4, 250.00, 4105.00, 4091.00, -2.15, 0.00, 1.00
10.00, 4, 250.00, 4105.00, 4091.00, -2.15, 0.00, 1.00
10.00, 4, 250.00, 4105.00, 4091.00, -2.15, 0.00, 1.00
10.00, 4, 250.00, 4105.00, 4091.00, -2.15, 0.00, 1.00
10.00, 4, 250.00, 4105.00, 4091.00, -2.15, 0.00, 1.00
10.00, 4, 250.00, 4105.00, 4091.00, -2.15, 0.00, 1.00
10.00, 4, 250.00, 4105.00, 4091.00, -2.15, 0.00, 1.00
10.00, 4, 250.00, 4105.00, 4091.00, -2.15, 0.00, 1.00
10.00, 4, 250.00, 4105.00, 4091.00, -2.15, 0.00, 1.00
10.00, 4, 250.00, 4105.00, 4091.00, -2.15, 0.00, 1.00
10.00, 4, 250.00, 4105.00, 4091.00, -2.15, 0.00, 1.00
10.00, 4, 250.00, 4105.00, 4091.00, -2.15, 0.00, 1.00
10.00, 4, 250.00, 4105.00, 4091.00, -2.15, 0.00, 1.00
10.00, 4, 250.00, 4105.00, 4091.00, -2.15, 0.00, 1.00
10.00, 4, 250.00, 4105.00, 4091.00, -2.15, 0.00, 1.00
10.00, 4, 250.00, 4105.00, 4091.00, -2.15, 0.00, 1.00
10.00, 4, 250.00, 4105.00, 4091.00, -2.15, 0.00, 1.00
10.00, 4, 250.00, 4105.00, 4091.00, -2.15, 0.00, 1.00
10.00, 4, 250.00, 4105.00, 4091.00, -2.15, 0.00, 1.00
10.00, 4, 250.00, 4105.00, 4091.00, -2.15, 0.00, 1.00
10.00, 4, 250.00, 4105.00, 4091.00, -2.15, 0.00, 1.00
10.00, 4, 250.00, 4105.00, 4091.00, -2.15, 0.00, 1.00
10.00, 4, 250.00, 4105.00, 4091.00, -2.15, 0.00, 1.00
10.00, 4, 250.00, 4105.00, 4091.00, -2.15, 0.00, 1.00
10.00, 4, 250.00, 4105.00, 4091.00, -2.15, 0.00, 1.00
10.00, 4, 250.00, 4105.00, 4091.00, -2.15, 0.00, 1.00
10.00, 4, 250.00, 4105.00, 4091.00, -2.15, 0.00, 1.00
10.00, 4, 250.00, 4105.00, 4091.00, -2.15, 0.00, 1.00
10.00, 4, 250.00, 4105.00, 4091.00, -2.15, 0.00, 1.00
10.00, 4, 250.00, 4105.00, 4091.00, -2.15, 0.00, 1.00
10.00, 4, 250.00, 4105.00, 4091.00, -2.15, 0.00, 1.00
10.00, 4, 250.00, 4105.00, 4091.00, -2.15, 0.00, 1.00
10.00, 4, 250.00, 4105.00, 4091.00, -2.15, 0.00, 1.00
10.00, 4, 250.00, 4105.00, 4091.00, -2.15, 0.00, 1.00
10.00, 4, 250.00, 4105.00, 4091.00, -2.15, 0.00, 1.00
10.00, 4, 250.00, 4105.00, 4091.00, -2.15, 0.00, 1.00
10.00, 4, 250.00, 4105.00, 4091.00, -2.15, 0.00, 1.00
10.00, 4, 250.00, 4105.00, 4091.00, -2.15, 0.00, 1.00
10.00, 4, 250.00, 4105.00, 4091.00, -2.15, 0.00, 1.00
10.00, 4, 250.00, 4105.00, 4091.00, -2.15, 0.00, 1.00
10.00, 4, 250.00, 4105.00, 4091.00, -2.15, 0.00, 1.00
10.00, 4, 250.00, 4105.00, 4091.00, -2.15, 0.00, 1.00
10.00, 4, 250.00, 4105.00, 4091.00, -2.15, 0.00, 1.00
10.00, 4, 250.00, 4105.00, 4091.00, -2.15, 0.00, 1.00
10.00, 4, 250.00, 4105.00, 4091.00, -2.15, 0.00, 1.00
10.00, 4, 250.00, 4105.00, 4091.00, -2.15, 0.00, 1.00
10.00, 4, 250.00, 4105.00, 4091.00, -2.15, 0.00, 1.00
10.00, 4, 250.00, 4105.00, 4091.00, -2.15, 0.00, 1.00
10.00, 4, 250.00, 4105.00, 4091.00, -2.15, 0.00, 1.00
10.00, 4, 250.00, 4105.00, 4091.00, -2.15, 0.00, 1.00
10.00, 4, 250.00, 4105.00, 4091.00, -2.15, 0.00, 1.00
10.00, 4, 250.00, 4105.00, 4091.00, -2.15, 0.00, 1.00
10.00, 4, 250.00, 4105.00, 4091.00, -2.15, 0.00, 1.00
10.00, 4, 250.00, 4105.00, 4091.00, -2.15, 0.00, 1.00
10.00, 4, 250.00, 4105.00, 4091.00, -2.15, 0.00, 1.00
10.00, 4, 250.00, 4105.00, 4091.00, -2.15, 0.00, 1.00
10.00, 4, 250.00, 4105.00, 4091.00, -2.15, 0.00, 1.00
11.00, 4, 250.00, 4105.00, 4091.00, -2.15, 0.00, 1.00
10.00, 4, 250.00, 4105.00, 4091.00, -2.15, 0.00, 1.00
10.00, 4, 250.00, 4105.00, 4091.00, -2.15, 0.00, 1.00
10.00, 4, 250.00, 4105.00, 4091.00, -2.15, 0.00, 1.00
10.00, 4, 250.00, 4105.00, 4091.00, -2.15, 0.00, 1.00
10.00, 4, 250.00, 4105.00, 4091.00, -2.15, 0.00, 1.00
10.00, 4, 250.00, 4105.00, 4091.00, -2.15, 0.00, 1.00
10.00, 4, 250.00, 4105.00, 4091.00, -2.15, 0.00, 1.00
10.00, 4, 250.00, 4105.00, 4091.00, -2.15, 0.00, 1.00
10.00, 4, 250.00, 4105.00, 4091.00, -2.15, 0.00, 1.00
10.00, 4, 250.00, 4105.00, 4091.00, -2.15, 0.00, 1.00
10.00, 4, 250.00, 4105.00, 4091.00, -2.15, 0.00, 1.00
10.00, 4, 250.00, 4105.00, 4091.00, -2.15, 0.00, 1.00
10.00, 4, 250.00, 4105.00, 4091.00, -2.15, 0.00, 1.00
10.00, 4, 250.00, 4105.00, 4091.00, -2.15, 0.00, 1.00
10.00, 4, 250.00, 4105.00, 4091.00, -2.15, 0.00, 1.00
10.00, 4, 250.00, 4105.00, 4091.00, -2.15, 0.00, 1.00
10.00, 4, 250.00, 4105.00, 4091.00, -2.15, 0.00, 1.00
10.00, 4, 250.00, 4105.00, 4091.00, -2.15, 0.00, 1.00
10.00, 4, 250.00, 4105.00, 4091.00, -2.15, 0.00, 1.00
10.00, 4, 250.00, 4105.00, 4091.00, -2.15, 0.00, 1.00
10.00, 4, 250.00, 4105.00, 4091.00, -2.15, 0.00, 1.00
10.00, 4, 250.00, 4105.00, 4091.00, -2.15, 0.00, 1.00
10.00, 4, 250.00, 4105.00, 4091.00, -2.15, 0.00, 1.00
10.00, 4, 250.00, 4105.00, 4091.00, -2.15, 0.00, 1.00
10.00, 4, 250.00, 4105.00, 4091.00, -2.15, 0.00, 1.00
10.00, 4, 250.00, 4105.00, 4091.00, -2.15, 0.00, 1.00
10.00, 4, 250.00, 4105.00, 4091.00, -2.15, 0.00, 1.00
10.00, 4, 250.00, 4105.00, 4091.00, -2.15, 0.00, 1.00
10.00, 4, 250.00, 4105.00, 4091.00, -2.15, 0.00, 1.00
10.00, 4, 250.00, 4105.00, 4091.00, -2.15, 0.00, 1.00
10.00, 4, 250.00, 4105.00, 4091.00, -2.15, 0.00, 1.00
10.00, 4, 250.00, 4105.00, 4091.00, -2.15, 0.00, 1.00
10.00, 4, 250.00, 4105.00, 4091.00, -2.15, 0.00, 1.00
10.00, 4, 250.00, 4105.00, 4091.00, -2.15, 0.00, 1.00
10.00, 4, 250.00, 4105.00, 4091.00, -2.15, 0.00, 1.00
10.00, 4, 250.00, 4105.00, 4091.00, -2.15, 0.00, 1.00
10.00, 4, 250.00, 4105.00, 4091.00, -2.15, 0.00, 1.00
10.00, 4, 250.00, 4105.00, 4091.00, -2.15, 0.00, 1.00
10.00, 4, 250.00, 4105.00, 4091.00, -2.15, 0.00, 1.00
10.00, 4, 250.00, 4105.00, 4091.00, -2.15, 0.00, 1.00
10.00, 4, 250.00, 4105.00, 4091.00, -2.15, 0.00, 1.00
10.00, 4, 250.00, 4105.00, 4091.00, -2.15, 0.00, 1.00
10.00, 4, 250.00, 4105.00, 4091.00, -2.15, 0.00, 1.00
10.00, 4, 250.00, 4105.00, 4091.00, -2.15, 0.00, 1.00
10.00, 4, 250.00, 4105.00, 4091.00, -2.15, 0.00, 1.00
10.00, 4, 250.00, 4105.00, 4091.00, -2.15, 0.00, 1.00
10.00, 4, 250.00, 4105.00, 4091.00, -2.15, 0.00, 1.00
10.00, 4, 250.00, 4105.00, 4091.00, -2.15, 0.00, 1.00
10.00, 4, 250.00, 4105.00, 4091.00, -2.15, 0.00, 1.00
10.00, 4, 250.00, 4105.00, 4091.00, -2.15, 0.00, 1.00
10.00, 4, 250.00, 4105.00, 4091.00, -2.15, 0.00, 1.00
10.00, 4, 250.00, 4105.00, 4091.00, -2.15, 0.00, 1.00
10.00, 4, 250.00, 4105.00, 4091.00, -2.15, 0.00, 1.00
10.00, 4, 250.00, 4105.00, 4091.00, -2.15, 0.00, 1.00
10.00, 4, 250.00, 4105.00, 4091.00, -2.15, 0.00, 1.00
10.00, 4, 250.00, 4105.00, 4091.00, -2.15, 0.00, 1.00
10.00, 4, 250.00, 4105.00, 4091.00, -2.15, 0.00, 1.00
10.00, 4, 250.00, 4105.00, 4091.00, -2.15, 0.00, 1.00
10.00, 4, 250.00, 4105.00, 4091.00, -2.15, 0.00, 1.00
10.00, 4, 250.00, 4105.00, 4091.00, -2.15, 0.00, 1.00
10.00, 4, 250.00, 4105.00, 4091.00, -2.15, 0.00, 1.00
10.00, 4, 250.00, 4105.00, 4091.00, -2.15, 0.00, 1.00
10.00, 4, 250.00, 4105.00, 4091.00, -2.15, 0.00, 1.00
10.00, 4, 250.00, 4105.00, 4091.00, -2.15, 0.00, 1.00
10.00, 4, 250.00, 4105.00, 4091.00, -2.15, 0.00, 1.00
10.00, 4, 250.00, 4105.00, 4091.00, -2.15, 0.00, 1.00
10.00, 4, 250.00, 4105.00, 4091.00, -2.15, 0.00, 1.00
10.00, 4, 250.00, 4105.00, 4091.00, -2.15, 0.00, 1.00
10.00, 4, 250.00, 4105.00, 4091.00, -2.15, 0.00, 1.00
10.00, 4, 250.00, 4105.00, 4091.00, -2.15, 0.00, 1.00
10.00, 4, 250.00, 4105.00, 4091.00, -2.15, 0.00, 1.00
10.00, 4, 250.00, 4105.00, 4091.00, -2.15, 0.00, 1.00
10.00, 4, 250.00, 4105.00, 4091.00, -2.15, 0.00, 1.00
10.00, 4, 250.00, 4105.00, 4091.00, -2.15, 0.00, 1.00
10.00, 4, 250.00, 4105.00, 4091.00, -2.15, 0.00, 1.00
10.00, 4, 250.00, 4105.00, 4091.00, -2.15, 0.00, 1.00
10.00, 4, 250.00, 4105.00, 4091.00, -2.15, 0.00, 1.00
10.00, 4, 250.00, 4105.00, 4091.00, -2.15, 0.00, 1.00
10.00, 4, 250.00, 4105.00, 4091.00, -2.15, 0.00, 1.00
10.00, 4, 250.00, 4105.00, 4091.00, -2.15, 0.00, 1.00
10.00, 4, 250.00, 4105.00, 4091.00, -2.15, 0.00, 1.00
10.00, 4, 250.00, 4105.00, 4091.00, -2.15, 0.00, 1.00
10.00, 4, 250.00, 4105.00, 4091.00, -2.15, 0.00, 1.00
10.00, 4, 250.00, 4105.00, 4091.00, -2.15, 0.00, 1.00
10.00, 4, 250.00, 4105.00, 4091.00, -2.15, 0.00, 1.00
10.00, 4, 250.00, 4105.00, 4091.00, -2.15, 0.00, 1.00
10.00, 4, 250.00, 4105.00, 4091.00, -2.15, 0.00, 1.00
10.00, 4, 250.00, 4105.00, 4091.00, -2.15, 0.00, 1.00
10.00, 4, 250.00, 4105.00, 4091.00, -2.15, 0.00, 1.00
10.00, 4, 250.00, 4105.00, 4091.00, -2.15, 0.00, 1.00
10.00, 4, 250.00, 4105.00, 4091.00, -2.15, 0.00, 1.00
10.00, 4, 250.00, 4105.00, 4091.00, -2.15, 0.00, 1.00
10.00, 4, 250.00, 4105.00, 4091.00, -2.15, 0.00, 1.00
10.00, 4, 250.00, 4105.00, 4091.00, -2.15, 0.00, 1.00
10.00, 4, 250.00, 4105.00, 4091.00, -2.15, 0.00, 1.00
10.00, 4, 250.00, 4105.00, 4091.00, -2.15, 0.00, 1.00
10.00, 4, 250.00, 4105.00, 4091.00, -2.15, 0.00, 1.00
10.00, 4, 250.00, 4105.00, 4091.00, -2.15, 0.00, 1.00
10.00, 4, 250.00, 4105.00, 4091.00, -2.15, 0.00, 1.00
10.00, 4, 250.00, 4105.00, 4091.00, -2.15, 0.00, 1.00
10.00, 4, 250.00, 4105.00, 4091.00, -2.15, 0.00, 1.00
10.00, 4, 250.00, 4105.00, 4091.00, -2.15, 0.00, 1.00
10.00, 4, 250.00, 4105.00, 4091.00, -2.15, 0.00, 1.00
10.00, 4, 250.00, 4105.00, 4091.00, -2.15, 0.00, 1.00
10.00, 4, 250.00, 4105.00, 4091.00, -2.15, 0.00, 1.00
10.00, 4, 250.00, 4105.00, 4091.00, -2.15, 0.00, 1.00
10.00, 4, 250.00, 4105.00, 4091.00, -2.15, 0.00, 1.00
10.00, 4, 250.00, 4105.00, 4091.00, -2.15, 0.00, 1.00
10.00, 4, 250.00, 4105.00, 4091.00, -2.15, 0.00, 1.00
10.00, 4, 250.00, 4105.00, 4091.00, -2.15, 0.00, 1.00
10.00, 4, 250.00, 4105.00, 4091.00, -2.15, 0.00, 1.00
10.00, 4, 250.00, 4105.00, 4091.00, -2.15, 0.00, 1.00
10.00, 4, 250.00, 4105.00, 4091.00, -2.15, 0.00, 1.00
10.00, 4, 250.00, 4105.00, 4091.00, -2.15, 0.00, 1.00
10.00, 4, 250.00, 4105.00, 4091.00, -2.15, 0.00, 1.00
10.00, 4, 250.00, 4105.00, 4091.00, -2.15, 0.00, 1.00
10.00, 4, 250.00, 4105.00, 4091.00, -2.15, 0.00, 1.00
10.00, 4, 250.00, 4105.00, 4091.00, -2.15, 0.00, 1.00
10.00, 4, 250.00, 4105.00, 4091.00, -2.15, 0.00, 1.00
10.00, 4, 250.00, 4105.00, 4091.00, -2.15, 0.00, 1.00
10.00, 4, 250.00, 4105.00, 4091.00, -2.15, 0.00, 1.00
10.00, 4, 250.00, 4105.00, 4091.00, -2.15, 0.00, 1.00
10.00, 4, 250.00, 4105.00, 4091.00, -2.15, 0.00, 1.00
10.00, 4, 250.00, 4105.00, 4091.00, -2.15, 0.00, 1.00
10.00, 4, 250.00, 4105.00, 4091.00, -2.15, 0.00, 1.00
10.00, 4, 250.00, 4105.00, 4091.00, -2.15, 0.00, 1.00
10.00, 4, 250.00, 4105.00, 4091.00, -2.15, 0.00, 1.00
10.00, 4, 250.00, 4105.00, 4091.00, -2.15, 0.00, 1.00
10.00, 4, 250.00, 4105.00, 4091.00, -2.15, 0.00, 1.00
10.00, 4, 250.00, 4105.00, 4091.00, -2.15, 0.00, 1.00
10.00, 4, 250.00, 4105.00, 4091.00, -2.15, 0.00, 1.00
10.00, 4, 250.00, 4105.00, 4091.00, -2.15, 0.00, 1.00
10.00, 4, 250.00, 4105.00, 4091.00, -2.15, 0.00, 1.00
10.00, 4, 250.00, 4105.00, 4091.00, -2.15, 0.00, 1.00
10.00, 4, 250.00, 4105.00, 4091.00, -2.15, 0.00, 1.00
10.00, 4, 250.00, 4105.00, 4091.00, -2.15, 0.00, 1.00
10.00, 4, 250.00, 4105.00, 4091.00, -2.15, 0.00, 1.00
10.00, 4, 250.00, 4105.00, 4091.00, -2.15, 0.00, 1.00
10.00, 4, 250.00, 4105.00, 4091.00, -2.15, 0.00, 1.00
10.00, 4, 250.00, 4105.00, 4091.00, -2.15, 0.00, 1.00
10.00, 4, 250.00, 4105.00, 4091.00, -2.15, 0.00, 1.00
10.00, 4, 250.00, 4105.00, 4091.00, -2.15, 0.00, 1.00
10.00, 4, 250.00, 4105.00, 4091.00, -2.15, 0.00, 1.00
10.00, 4, 250.00, 4105.00, 4091.00, -2.15, 0.00, 1.00
10.00, 4, 250.00, 4105.00, 4091.00, -2.15, 0.00, 1.00
10.00, 4, 250.00, 4105.00, 4091.00, -2.15, 0.00, 1.00
10.00, 4, 250.00, 4105.00, 4091.00, -2.15, 0.00, 1.00
10.00, 4, 250.00, 4105.00, 4091.00, -2.15, 0.00, 1.00
10.00, 4, 250.00, 4105.00, 4091.00, -2.15, 0.00, 1.00
10.00, 4, 250.00, 4105.00, 4091.00, -2.15, 0.00, 1.00
10.00, 4, 250.00, 4105.00, 4091.00, -2.15, 0.00, 1.00
10.00, 4, 250.00, 4105.00, 4091.00, -2.15, 0.00, 1.00
10.00, 4, 250.00, 4105.00, 4091.00, -2.15, 0.00, 1.00
10.00, 4, 250.00, 4105.00, 4091.00, -2.15, 0.00, 1.00
10.00, 4, 250.00, 4105.00, 4091.00, -2.15, 0.00, 1.00
10.00, 4, 250.00, 4105.00, 4091.00, -2.15, 0.00, 1.00
10.00, 4, 250.00, 4105.00, 4091.00, -2.15, 0.00, 1.00
10.00, 4, 250.00, 4105.00, 4091.00, -2.15, 0.00, 1.00
10.00, 4, 250.00, 4105.00, 4091.00, -2.15, 0.00, 1.00
10.00, 4, 250.00, 4105.00, 4091.00, -2.15, 0.00, 1.00
10.00, 4, 250.00, 4105.00, 4091.00, -2.15, 0.00, 1.00
10.00, 4, 250.00, 4105.00, 4091.00, -2.15, 0.00, 1.00
10.00, 4, 250.00, 4105.00, 4091.00, -2.15, 0.00, 1.00
10.00, 4, 250.00, 4105.00, 4091.00, -2.15, 0.00, 1.00
10.00, 4, 250.00, 4105.00, 4091.00, -2.15, 0.00, 1.00
10.00, 4, 250.00, 4105.00, 4091.00, -2.15, 0.00, 1.00
10.00, 4, 250.00, 4105.00, 4091.00, -2.15, 0.00, 1.00
10.00, 4, 250.00, 4105.00, 4091.00, -2.15, 0.00, 1.00
10.00, 4, 250.00, 4105.00, 4091.00, -2.15, 0.00, 1.00
10.00, 4, 250.00, 4105.00, 4091.00, -2.15, 0.00, 1.00
10.00, 4, 250.00, 4105.00, 4091.00, -2.15, 0.00, 1.00
10.00, 4, 250.00, 4105.00, 4091.00, -2.15, 0.00, 1.00
10.00, 4, 250.00, 4105.00, 4091.00, -2.15, 0.00, 1.00
10.00, 4, 250.00, 4105.00, 4091.00, -2.15, 0.00, 1.00
10.00, 4, 250.00, 4105.00, 4091.00, -2.15, 0.00, 1.00
10.00, 4, 250.00, 4105.00, 4091.00, -2.15, 0.00, 1.00
10.00, 4, 250.00, 4105.00, 4091.00, -2.15, 0.00, 1.00
10.00, 4, 250.00, 4105.00, 4091.00, -2.15, 0.00, 1.00
10.00, 4, 250.00, 4105.00, 4091.00, -2.15, 0.00, 1.00
10.00, 4, 250.00, 4105.00, 4091.00, -2.15, 0.00, 1.00
10.00, 4, 250.00, 4105.00, 4091.00, -2.15, 0.00, 1.00
10.00, 4, 250.00, 4105.00, 4091.00, -2.15, 0.00, 1.00
10.00, 4, 250.00, 4105.00, 4091.00, -2.15, 0.00, 1.00
10.00, 4, 250.00, 4105.00, 4091.00, -2.15, 0.00, 1.00
10.00, 4, 250.00, 4105.00, 4091.00, -2.15, 0.00, 1.00
10.00, 4, 250.00, 4105.00, 4091.00, -2.15, 0.00, 1.00
10.00, 4, 250.00, 4105.00, 4091.00, -2.15, 0.00, 1.00
10.00, 4, 250.00, 4105.00, 4091.00, -2.15, 0.00, 1.00
10.00, 4, 250.00, 4105.00, 4091.00, -2.15, 0.00, 1.00
10.00, 4, 250.00, 4105.00, 4091.00, -2.15, 0.00, 1.00
10.00, 4, 250.00, 4105.00, 4091.00, -2.15, 0.00, 1.00
10.00, 4, 250.00, 4105.00, 4091.00, -2.15, 0.00, 1.00
10.00, 4, 250.00, 4105.00, 4091.00, -2.15, 0.00, 1.00
10.00, 4, 250.00, 4105.00, 4091.00, -2.15, 0.00, 1.00
10.00, 4, 250.00, 4105.00, 4091.00, -2.15, 0.00, 1.00
10.00, 4, 250.00, 4105.00, 4091.00, -2.15, 0.00, 1.00
10.00, 4, 250.00, 4105.00, 4091.00, -2.15, 0.00, 1.00
10.00, 4, 250.00, 4105.00, 4091.00, -2.15, 0.00, 1.00
10.00, 4, 250.00, 4105.00, 4091.00, -2.15, 0.00, 1.00
10.00, 4, 250.00, 4105.00, 4091.00, -2.15, 0.00, 1.00
10.00, 4, 250.00, 4105.00, 4091.00, -2.15, 0.00, 1.00
10.00, 4, 250.00, 4105.00, 4091.00, -2.15, 0.00, 1.00
10.00, 4, 250.00, 4105.00, 4091.00, -2.15, 0.00, 1.00
10.00, 4, 250.00, 4105.00, 4091.00, -2.15, 0.00, 1.00
10.00, 4, 250.00, 4105.00, 4091.00, -2.15, 0.00, 1.00
10.00, 4, 250.00, 4105.00, 4091.00, -2.15, 0.00, 1.00
10.00, 4, 250.00, 4105.00, 4091.00, -2.15, 0.00, 1.00
10.00, 4, 250.00, 4105.00, 4091.00, -2.15, 0.00, 1.00
10.00, 4, 250.00, 4105.00, 4091.00, -2.15, 0.00, 1.00
10.00, 4, 250.00, 4105.00, 4091.00, -2.15, 0.00, 1.00
10.00, 4, 250.00, 4105.00, 4091.00, -2.15, 0.00, 1.00
10.00, 4, 250.00, 4105.00, 4091.00, -2.15, 0.00, 1.00
10.00, 4, 250.00, 4105.00, 4091.00, -2.15, 0.00, 1.00
10.00, 4, 250.00, 4105.00, 4091.00, -2.15, 0.00, 1.00
10.00, 4, 250.00, 4105.00, 4091.00, -2.15, 0.00, 1.00
10.00, 4, 250.00, 4105.00, 4091.00, -2.15, 0.00, 1.00
10.00, 4, 250.00, 4105.00, 4091.00, -2.15, 0.00, 1.00
10.00, 4, 250.00, 4105.00, 4091.00, -2.15, 0.00, 1.00
10.00, 4, 250.00, 4105.00, 4091.00, -2.15, 0.00, 1.00
10.00, 4, 250.00, 4105.00, 4091.00, -2.15, 0.00, 1.00
10.00, 4, 250.00, 4105.00, 4091.00, -2.15, 0.00, 1.00
10.00, 4, 250.00, 4105.00, 4091.00, -2.15, 0.00, 1.00
10.00, 4, 250.00, 4105.00, 4091.00, -2.15, 0.00, 1.00
10.00, 4, 250.00, 4105.00, 4091.00, -2.15, 0.00, 1.00
10.00, 4, 250.00, 4105.00, 4091.00, -2.15, 0.00, 1.00
10.00, 4, 250.00, 4105.00, 4091.00, -2.15, 0.00, 1.00
10.00, 4, 250.00, 4105.00, 4091.00, -2.15, 0.00, 1.00
10.00, 4, 250.00, 4105.00, 4091.00, -2.15, 0.00, 1.00
10.00, 4, 250.00, 4105.00, 4091.00, -2.15, 0.00, 1.00
10.00, 4, 250.00, 4105.00, 4091.00, -2.15, 0.00, 1.00
10.00, 4, 250.00, 4105.00, 4091.00, -2.15, 0.00, 1.00
10.00, 4, 250.00, 4105.00, 4091.00, -2.15, 0.00, 1.00
10.00, 4, 250.00, 4105.00, 4091.00, -2.15, 0.00, 1.00
10.00, 4, 250.00, 4105.00, 4091.00, -2.15, 0.00, 1.00
10.00, 4, 250.00, 4105.00, 4091.00, -2.15, 0.00, 1.00
10.00, 4, 250.00, 4105.00, 4091.00, -2.15, 0.00, 1.00
10.00, 4, 250.00, 4105.00, 4091.00, -2.15, 0.00, 1.00
10.00, 4, 250.00, 4105.00, 4091.00, -2.15, 0.00, 1.00
10.00, 4, 250.00, 4105.00, 4091.00, -2.15, 0.00, 1.00
10.00, 4, 250.00, 4105.00, 4091.00, -2.15, 0.00, 1.00
10.00, 4, 250.00, 4105.00, 4091.00, -2.15, 0.00, 1.00
10.00, 4, 250.00, 4105.00, 4091.00, -2.15, 0.00, 1.00
10.00, 4, 250.00, 4105.00, 4091.00, -2.15, 0.00, 1.00
10.00, 4, 250.00, 4105.00, 4091.00, -2.15, 0.00, 1.00
10.00, 4, 250.00, 4105.00, 4091.00, -2.15, 0.00, 1.00
10.00, 4, 250.00, 4105.00, 4091.00, -2.15, 0.00, 1.00
10.00, 4, 250.00, 4105.00, 4091.00, -2.15, 0.00, 1.00
10.00, 4, 250.00, 4105.00, 4091.00, -2.15, 0.00, 1.00
10.00, 4, 250.00, 4105.00, 4091.00, -2.15, 0.00, 1.00
10.00, 4, 250.00, 4105.00, 4091.00, -2.15, 0.00, 1.00
10.00, 4, 250.00, 4105.00, 4091.00, -2.15, 0.00, 1.00
10.00, 4, 250.00, 4105.00, 4091.00, -2.15, 0.00, 1.00
10.00, 4, 250.00, 4105.00, 4091.00, -2.15, 0.00, 1.00
10.00, 4, 250.00, 4105.00, 4091.00, -2.15, 0.00, 1.00
10.00, 4, 250.00, 4105.00, 4091.00, -2.15, 0.00, 1.00
10.00, 4, 250.00, 4105.00, 4091.00, -2.15, 0.00, 1.00
10.00, 4, 250.00, 4105.00, 4091.00, -2.15, 0.00, 1.00
10.00, 4, 250.00, 4105.00, 4091.00, -2.15, 0.00, 1.00
10.00, 4, 250.00, 4105.00, 4091.00, -2.15, 0.00, 1.00
10.00, 4, 250.00, 4105.00, 4091.00, -2.15, 0.00, 1.00
10.00, 4, 250.00, 4105.00, 4091.00, -2.15, 0.00, 1.00
10.00, 4, 250.00, 4105.00, 4091.00, -2.15, 0.00, 1.00
10.00, 4, 250.00, 4105.00, 4091.00, -2.15, 0.00, 1.00
10.00, 4, 250.00, 4105.00, 4091.00, -2.15, 0.00, 1.00
10.00, 4, 250.00, 4105.00, 4091.00, -2.15, 0.00, 1.00
10.00, 4, 250.00, 4105.00, 4091.00, -2.15, 0.00, 1.00
10.00, 4, 250.00, 4105.00, 4091.00, -2.15, 0.00, 1.00
10.00, 4, 250.00, 4105.00, 4091.00, -2.15, 0.00, 1.00
10.00, 4, 250.00, 4105.00, 4091.00, -2.15, 0.00, 1.00
10.00, 4, 250.00, 4105.00, 4091.00, -2.15, 0.00, 1.00
10.00, 4, 250.00, 4105.00, 4091.00, -2.15, 0.00, 1.00
10.00, 4, 250.00, 4105.00, 4091.00, -2.15, 0.00, 1.00
10.00, 4, 250.00, 4105.00, 4091.00, -2.15, 0.00, 1.00
10.00, 4, 250.00, 4105.00, 4091.00, -2.15, 0.00, 1.00
10.00, 4, 250.00, 4105.00, 4091.00, -2.15, 0.00, 1.00
10.00, 4, 250.00, 4105.00, 4091.00, -2.15, 0.00, 1.00
10.00, 4, 250.00, 4105.00, 4091.00, -2.15, 0.00, 1.00
10.00, 4, 250.00, 4105.00, 4091.00, -2.15, 0.00, 1.00
10.00, 4, 250.00, 4105.00, 4091.00, -2.15, 0.00, 1.00
10.00, 4, 250.00, 4105.00, 4091.00, -2.15, 0.00, 1.00
10.00, 4, 250.00, 4105.00, 4091.00, -2.15, 0.00, 1.00
10.00, 4, 250.00, 4105.00, 4091.00, -2.15, 0.00, 1.00
10.00, 4, 250.00, 4105.00, 4091.00, -2.15, 0.00, 1.00
10.00, 4, 250.00, 4105.00, 4091.00, -2.15, 0.00, 1.00
10.00, 4, 250.00, 4105.00, 4091.00, -2.15, 0.00, 1.00
10.00, 4, 250.00, 4105.00, 4091.00, -2.15, 0.00, 1.00
10.00, 4, 250.00, 4105.00, 4091.00, -2.15, 0.00, 1.00
10.00, 4, 250.00, 4105.00, 4091.00, -2.15, 0.00, 1.00
10.00, 4, 250.00, 4105.00, 4091.00, -2.15, 0.00, 1.00
10.00, 4, 250.00, 4105.00, 4091.00, -2.15, 0.00, 1.00
10.00, 4, 250.00, 4105.00, 4091.00, -2.15, 0.00, 1.00
10.00, 4, 250.00, 4105.00, 4091.00, -2.15, 0.00, 1.00
10.00, 4, 250.00, 4105.00, 4091.00, -2.15, 0.00, 1.00
10.00, 4, 250.00, 4105.00, 4091.00, -2.15, 0.00, 1.00
10.00, 4, 250.00, 4105.00, 4091.00, -2.15, 0.00, 1.00
10.00, 4, 250.00, 4105.00, 4091.00, -2.15, 0.00, 1.00
10.00, 4, 250.00, 4105.00, 4091.00, -2.15, 0.00, 1.00
10.00, 4, 250.00, 4105.00, 4091.00, -2.15, 0.00, 1.00
10.00, 4, 250.00, 4105.00, 4091.00, -2.15, 0.00, 1.00
10.00, 4, 250.00, 4105.00, 4091.00, -2.15, 0.00, 1.00
10.00, 4, 250.00, 4105.00, 4091.00, -2.15, 0.00, 1.00
10.00, 4, 250.00, 4105.00, 4091.00, -2.15, 0.00, 1.00
10.00, 4, 250.00, 4105.00, 4091.00, -2.15, 0.00, 1.00
10.00, 4, 250.00, 4105.00, 4091.00, -2.15, 0.00, 1.00
10.00, 4, 250.00, 4105.00, 4091.00, -2.15, 0.00, 1.00
10.00, 4, 250.00, 4105.00, 4091.00, -2.15, 0.00, 1.00
10.00, 4, 250.00, 4105.00, 4091.00, -2.15, 0.00, 1.00
10.00, 4, 250.00, 4105.00, 4091.00, -2.15, 0.00, 1.00
10.00, 4, 250.00, 4105.00, 4091.00, -2.15, 0.00, 1.00
10.00, 4, 250.00, 4105.00, 4091.00, -2.15, 0.00, 1.00
10.00, 4, 250.00, 4105.00, 4091.00, -2.15, 0.00, 1.00
10.00, 4, 250.00, 4105.00, 4091.00, -2.15, 0.00, 1.00
10.00, 4, 250.00, 4105.00, 4091.00, -2.15, 0.00, 1.00
10.00, 4, 250.00, 4105.00, 4091.00, -2.15, 0.00, 1.00
10.00, 4, 250.00, 4105.00, 4091.00, -2.15, 0.00, 1.00
10.00, 4, 250.00, 4105.00, 4091.00, -2.15, 0.00, 1.00
10.00, 4, 250.00, 4105.00, 4091.00, -2.15, 0.00, 1.00
10.00, 4, 250.00, 4105.00, 4091.00, -2.15, 0.00, 1.00
10.00, 4, 250.00, 4105.00, 4091.00, -2.15, 0.00, 1.00
10.00, 4, 250.00, 4105.00, 4091.00, -2.15, 0.00, 1.00
10.00, 4, 250.00, 4105.00, 4091.00, -2.15, 0.00, 1.00
10.00, 4, 250.00, 4105.00, 4091.00, -2.15, 0.00, 1.00
10.00, 4, 250.00, 4105.00, 4091.00, -2.15, 0.00, 1.00
10.00, 4, 250.00, 4105.00, 4091.00, -2.15, 0.00, 1.00
10.00, 4, 250.00, 4105.00, 4091.00, -2.15, 0.00, 1.00
10.00, 4, 250.00, 4105.00, 4091.00, -2.15, 0.00, 1.00
10.00, 4, 250.00, 4105.00, 4091.00, -2.15, 0.00, 1.00
10.00, 4, 250.00, 4105.00, 4091.00, -2.15, 0.00, 1.00
10.00, 4, 250.00, 4105.00, 4091.00, -2.15, 0.00, 1.00
10.00, 4, 250.00, 4105.00, 4091.00, -2.15, 0.00, 1.00
10.00, 4, 250.00, 4105.00, 4091.00, -2.15, 0.00, 1.00
10.00, 4, 250.00, 4105.00, 4091.00, -2.15, 0.00, 1.00
10.00, 4, 250.00, 4105.00, 4091.00, -2.15, 0.00, 1.00
10.00, 4, 250.00, 4105.00, 4091.00, -2.15, 0.00, 1.00
10.00, 4, 250.00, 4105.00, 4091.00, -2.15, 0.00, 1.00
10.00, 4, 250.00, 4105.00, 4091.00, -2.15, 0.00, 1.00
10.00, 4, 250.00, 4105.00, 4091.00, -2.15, 0.00, 1.00
10.00, 4, 250.00, 4105.00, 4091.00, -2.15, 0.00, 1.00
10.00, 4, 250.00, 4105.00, 4091.00, -2.15, 0.00, 1.00
10.00, 4, 250.00, 4105.00, 4091.00, -2.15, 0.00, 1.00
10.00, 4, 250.00, 4105.00, 4091.00, -2.15, 0.00, 1.00
10.00, 4, 250.00, 4105.00, 4091.00, -2.15, 0.00, 1.00
10.00, 4, 250.00, 4105.00, 4091.00, -2.15, 0.00, 1.00
10.00, 4, 250.00, 4105.00, 4091.00, -2.15, 0.00, 1.00
10.00, 4, 250.00, 4105.00, 4091.00, -2.15, 0.00, 1.00
10.00, 4, 250.00, 4105.00, 4091.00, -2.15, 0.00, 1.00
10.00, 4, 250.00, 4105.00, 4091.00, -2.15, 0.00, 1.00
10.00, 4, 250.00, 4105.00, 4091.00, -2.15, 0.00, 1.00
10.00, 4, 250.00, 4105.00, 4091.00, -2.15, 0.00, 1.00
10.00, 4, 250.00, 4105.00, 4091.00, -2.15, 0.00, 1.00
10.00, 4, 250.00, 4105.00, 4091.00, -2.15, 0.00, 1.00
10.00, 4, 250.00, 4105.00, 4091.00, -2.15, 0.00, 1.00
10.00, 4, 250.00, 4105.00, 4091.00, -2.15, 0.00, 1.00
10.00, 4, 250.00, 4105.00, 4091.00, -2.15, 0.00, 1.00
10.00, 4, 250.00, 4105.00, 4091.00, -2.15, 0.00, 1.00
10.00, 4, 250.00, 4105.00, 4091.00, -2.15, 0.00, 1.00
10.00, 4, 250.00, 4105.00, 4091.00, -2.15, 0.00, 1.00
10.00, 4, 250.00, 4105.00, 4091.00, -2.15, 0.00, 1.00
10.00, 4, 250.00, 4105.00, 4091.00, -2.15, 0.00, 1.00
10.00, 4, 250.00, 4105.00, 4091.00, -2.15, 0.00, 1.00
10.00, 4, 250.00, 4105.00, 4091.00, -2.15, 0.00, 1.00
10.00, 4, 250.00, 4105.00, 4091.00, -2.15, 0.00, 1.00
10.00, 4, 250.00, 4105.00, 4091.00, -2.15, 0.00, 1.00
10.00, 4, 250.00, 4105.00, 4091.00, -2.15, 0.00, 1.00
10.00, 4, 250.00, 4105.00, 4091.00, -2.15, 0.00, 1.00
10.00, 4, 250.00, 4105.00, 4091.00, -2.15, 0.00, 1.00
10.00, 4, 250.00, 4105.00, 4091.00, -2.15, 0.00, 1.00
10.00, 4, 250.00, 4105.00, 4091.00, -2.15, 0.00, 1.00
10.00, 4, 250.00, 4105.00, 4091.00, -2.15, 0.00, 1.00
10.00, 4, 250.00, 4105.00, 4091.00, -2.15, 0.00, 1.00
10.00, 4, 250.00, 4105.00, 4091.00, -2.15, 0.00, 1.00
10.00, 4, 250.00, 4105.00, 4091.00, -2.15, 0.00, 1.00
10.00, 4, 250.00, 4105.00, 4091.00, -2.15, 0.00, 1.00
10.00, 4, 250.00, 4105.00, 4091.00, -2.15, 0.00, 1.00
10.00, 4, 250.00, 4105.00, 4091.00, -2.15, 0.00, 1.00
10.00, 4, 250.00, 4105.00, 4091.00, -2.15, 0.00, 1.00
10.00, 4, 250.00, 4105.00, 4091.00, -2.15, 0.00, 1.00
10.00, 4, 250.00, 4105.00, 4091.00, -2.15, 0.00, 1.00
10.00, 4, 250.00, 4105.00, 4091.00, -2.15, 0.00, 1.00
10.00, 4, 250.00, 4105.00, 4091.00, -2.15, 0.00, 1.00
10.00, 4, 250.00, 4105.00, 4091.00, -2.15, 0.00, 1.00
10.00, 4, 250.00, 4105.00, 4091.00, -2.15, 0.00, 1.00
10.00, 4, 250.00, 4105.00, 4091.00, -2.15, 0.00, 1.00
10.00, 4, 250.00, 4105.00, 4091.00, -2.15, 0.00, 1.00
10.00, 4, 250.00, 4105.00, 4091.00, -2.15, 0.00, 1.00
10.00, 4, 250.00, 4105.00, 4091.00, -2.15, 0.00, 1.00
10.00, 4, 250.00, 4105.00, 4091.00, -2.15, 0.00, 1.00
10.00, 4, 250.00, 4105.00, 4091.00, -2.15, 0.00, 1.00
10.00, 4, 250.00, 4105.00, 4091.00, -2.15, 0.00, 1.00
10.00, 4, 250.00, 4105.00, 4091.00, -2.15, 0.00, 1.00
10.00, 4, 250.00, 4105.00, 4091.00, -2.15, 0.00, 1.00
10.00, 4, 250.00, 4105.00, 4091.00, -2.15, 0.00, 1.00
10.00, 4, 250.00, 4105.00, 4091.00, -2.15, 0.00, 1.00
10.00, 4, 250.00, 4105.00, 4091.00, -2.15, 0.00, 1.00
10.00, 4, 250.00, 4105.00, 4091.00, -2.15, 0.00, 1.00
10.00, 4, 250.00, 4105.00, 4091.00, -2.15, 0.00, 1.00
10.00, 4, 250.00, 4105.00, 4091.00, -2.15, 0.00, 1.00
10.00, 4, 250.00, 4105.00, 4091.00, -2.15, 0.00, 1.00
10.00, 4, 250.00, 4105.00, 4091.00, -2.15, 0.00, 1.00
10.00, 4, 250.00, 4105.00, 4091.00, -2.15, 0.00, 1.00
10.00, 4, 250.00, 4105.00, 4091.00, -2.15, 0.00, 1.00
10.00, 4, 250.00, 4105.00, 4091.00, -2.15, 0.00, 1.00
10.00, 4, 250.00, 4105.00, 4091.00, -2.15, 0.00, 1.00
10.00, 4, 250.00, 4105.00, 4091.00, -2.15, 0.00, 1.00
10.00, 4, 250.00, 4105.00, 4091.00, -2.15, 0.00, 1.00
10.00, 4, 250.00, 4105.00, 4091.00, -2.15, 0.00, 1.00
10.00, 4, 250.00, 4105.00, 4091.00, -2.15, 0.00, 1.00
10.00, 4, 250.00, 4105.00, 4091.00, -2.15, 0.00, 1.00
10.00, 4, 250.00, 4105.00, 4091.00, -2.15, 0.00, 1.00
10.00, 4, 250.00, 4105.00, 4091.00, -2.15, 0.00, 1.00
10.00, 4, 250.00, 4105.00, 4091.00, -2.15, 0.00, 1.00
10.00, 4, 250.00, 4105.00, 4091.00, -2.15, 0.00, 1.00
10.00, 4, 250.00, 4105.00, 4091.00, -2.15, 0.00, 1.00
10.00, 4, 250.00, 4105.00, 4091.00, -2.15, 0.00, 1.00
10.00, 4, 250.00, 4105.00, 4091.00, -2.15, 0.00, 1.00
10.00, 4, 250.00, 4105.00, 4091.00, -2.15, 0.00, 1.00
10.00, 4, 250.00, 4105.00, 4091.00, -2.15, 0.00, 1.00
10.00, 4, 250.00, 4105.00, 4091.00, -2.15, 0.00, 1.00
10.00, 4, 250.00, 4105.00, 4091.00, -2.15, 0.00, 1.00
10.00, 4, 250.00, 4105.00, 4091.00, -2.15, 0.00, 1.00
10.00, 4, 250.00, 4105.00, 4091.00, -2.15, 0.00, 1.00
10.00, 4, 250.00, 4105.00, 4091.00, -2.15, 0.00, 1.00
10.00, 4, 250.00, 4105.00, 4091.00, -2.15, 0.00, 1.00
10.00, 4, 250.00, 4105.00, 4091.00, -2.15, 0.00, 1.00
10.00, 4, 250.00, 4105.00, 4091.00, -2.15, 0.00, 1.00
10.00, 4, 250.00, 4105.00, 4091.00, -2.15, 0.00, 1.00
10.00, 4, 250.00, 4105.00, 4091.00, -2.15, 0.00, 1.00
10.00, 4, 250.00, 4105.00, 4091.00, -2.15, 0.00, 1.00
10.00, 4, 250.00, 4105.00, 4091.00, -2.15, 0.00, 1.00
10.00, 4, 250.00, 4105.00, 4091.00, -2.15, 0.00, 1.00
10.00, 4, 250.00, 4105.00, 4091.00, -2.15, 0.00, 1.00
10.00, 4, 250.00, 4105.00, 4091.00, -2.15, 0.00, 1.00
10.00, 4, 250.00, 4105.00, 4091.00, -2.15, 0.00, 1.00
10.00, 4, 250.00, 4105.00, 4091.00, -2.15, 0.00, 1.00
10.00, 4, 250.00, 4105.00, 4091.00, -2.15, 0.00, 1.00
10.00, 4, 250.00, 4105.00, 4091.00, -2.15, 0.00, 1.00
10.00, 4, 250.00, 4105.00, 4091.00, -2.15, 0.00, 1.00
10.00, 4, 250.00, 4105.00, 4091.00, -2.15, 0.00, 1.00
10.00, 4, 250.00, 4105.00, 4091.00, -2.15, 0.00, 1.00
10.00, 4, 250.00, 4105.00, 4091.00, -2.15, 0.00, 1.00
10.00, 4, 250.00, 4105.00, 4091.00, -2.15, 0.00, 1.00
10.00, 4, 250.00, 4105.00, 4091.00, -2.15, 0.00, 1.00
10.00, 4, 250.00, 4105.00, 4091.00, -2.15, 0.00, 1.00
10.00, 4, 250.00, 4105.00, 4091.00, -2.15, 0.00, 1.00
10.00, 4, 250.00, 4105.00, 4091.00, -2.15, 0.00, 1.00
10.00, 4, 250.00, 4105.00, 4091.00, -2.15, 0.00, 1.00
10.00, 4, 250.00, 4105.00, 4091.00, -2.15, 0.00, 1.00
10.00, 4, 250.00, 4105.00, 4091.00, -2.15, 0.00, 1.00
10.00, 4, 250.00, 4105.00, 4091.00, -2.15, 0.00, 1.00
10.00, 4, 250.00, 4105.00, 4091.00, -2.15, 0.00, 1.00
10.00, 4, 250.00, 4105.00, 4091.00, -2.15, 0.00, 1.00
10.00, 4, 250.00, 4105.00, 4091.00, -2.15, 0.00, 1.00
10.00, 4, 250.00, 4105.00, 4091.00, -2.15, 0.00, 1.00
10.00, 4, 250.00, 4105.00, 4091.00, -2.15, 0.00, 1.00
10.00, 4, 250.00, 4105.00, 4091.00, -2.15, 0.00, 1.00
10.00, 4, 250.00, 4105.00, 4091.00, -2.15, 0.00, 1.00
10.00, 4, 250.00, 4105.00, 4091.00, -2.15, 0.00, 1.00
10.00, 4, 250.00, 4105.00, 4091.00, -2.15, 0.00, 1.00
10.00, 4, 250.00, 4105.00, 4091.00, -2.15, 0.00, 1.00
10.00, 4, 250.00, 4105.00, 4091.00, -2.15, 0.00, 1.00
10.00, 4, 250.00, 4105.00, 4091.00, -2.15, 0.00, 1.00
10.00, 4, 250.00, 4105.00, 4091.00, -2.15, 0.00, 1.00
10.00, 4, 250.00, 4105.00, 4091.00, -2.15, 0.00, 1.00
10.00, 4, 250.00, 4105.00, 4091.00, -2.15, 0.00, 1.00
10.00, 4, 250.00, 4105.00, 4091.00, -2.15, 0.00, 1.00
10.00, 4, 250.00, 4105.00, 4091.00, -2.15, 0.00, 1.00
10.00, 4, 250.00, 4105.00, 4091.00, -2.15, 0.00, 1.00
10.00, 4, 250.00, 4105.00, 4091.00, -2.15, 0.00, 1.00
10.00, 4, 250.00, 4105.00, 4091.00, -2.15, 0.00, 1.00
10.00, 4, 250.00, 4105.00, 4091.00, -2.15, 0.00, 1.00
10.00, 4, 250.00, 4105.00, 4091.00, -2.15, 0.00, 1.00
10.00, 4, 250.00, 4105.00, 4091.00, -2.15, 0.00, 1.00
10.00, 4, 250.00, 4105.00, 4091.00, -2.15, 0.00, 1.00
10.00, 4, 250.00, 4105.00, 4091.00, -2.15, 0.00, 1.00
10.00, 4, 250.00, 4105.00, 4091.00, -2.15, 0.00, 1.00
10.00, 4, 250.00, 4105.00, 4091.00, -2.15, 0.00, 1.00
10.00, 4, 250.00, 4105.00, 4091.00, -2.15, 0.00, 1.00
10.00, 4, 250.00, 4105.00, 4091.00, -2.15, 0.00, 1.00
10.00, 4, 250.00, 4105.00, 4091.00, -2.15, 0.00, 1.00
10.00, 4, 250.00, 4105.00, 4091.00, -2.15, 0.00, 1.00
10.00, 4, 250.00, 4105.00, 4091.00, -2.15, 0.00, 1.00
10.00, 4, 250.00, 4105.00, 4091.00, -2.15, 0.00, 1.00
10.00, 4, 250.00, 4105.00, 4091.00, -2.15, 0.00, 1.00
10.00, 4, 250.00, 4105.00, 4091.00, -2.15, 0.00, 1.00
10.00, 4, 250.00, 4105.00, 4091.00, -2.15, 0.00, 1.00
10.00, 4, 250.00, 4105.00, 4091.00, -2.15, 0.00, 1.00
10.00, 4, 250.00, 4105.00, 4091.00, -2.15, 0.00, 1.00
10.00, 4, 250.00, 4105.00, 4091.00, -2.15, 0.00, 1.00
10.00, 4, 250.00, 4105.00, 4091.00, -2.15, 0.00, 1.00
10.00, 4, 250.00, 4105.00, 4091.00, -2.15, 0.00, 1.00
10.00, 4, 250.00, 4105.00, 4091.00, -2.15, 0.00, 1.00
10.00, 4, 250.00, 4105.00, 4091.00, -2.15, 0.00, 1.00
10.00, 4, 250.00, 4105.00, 4091.00, -2.15, 0.00, 1.00
10.00, 4, 250.00, 4105.00, 4091.00, -2.15, 0.00, 1.00
10.00, 4, 250.00, 4105.00, 4091.00, -2.15, 0.00, 1.00
10.00, 4, 250.00, 4105.00, 4091.00, -2.15, 0.00, 1.00
10.00, 4, 250.00, 4105.00, 4091.00, -2.15, 0.00, 1.00
10.00, 4, 250.00, 4105.00, 4091.00, -2.15, 0.00, 1.00
10.00, 4, 250.00, 4105.00, 4091.00, -2.15, 0.00, 1.00
10.00, 4, 250.00, 4105.00, 4091.00, -2.15, 0.00, 1.00
10.00, 4, 250.00, 4105.00, 4091.00, -2.15, 0.00, 1.00
10.00, 4, 250.00, 4105.00, 4091.00, -2.15, 0.00, 1.00
10.00, 4, 250.00, 4105.00, 4091.00, -2.15, 0.00, 1.00
10.00, 4, 250.00, 4105.00, 4091.00, -2.15, 0.00, 1.00
10.00, 4, 250.00, 4105.00, 4091.00, -2.15, 0.00, 1.00
10.00, 4, 250.00, 4105.00, 4091.00, -2.15, 0.00, 1.00
10.00, 4, 250.00, 4105.00, 4091.00, -2.15, 0.00, 1.00
10.00, 4, 250.00, 4105.00, 4091.00, -2.15, 0.00, 1.00
10.00, 4, 250.00, 4105.00, 4091.00, -2.15, 0.00, 1.00
10.00, 4, 250.00, 4105.00, 4091.00, -2.15, 0.00, 1.00
10.00, 4, 250.00, 4105.00, 4091.00, -2.15, 0.00, 1.00
10.00, 4, 250.00, 4105.00, 4091.00, -2.15, 0.00, 1.00
10.00, 4, 250.00, 4105.00, 4091.00, -2.15, 0.00, 1.00
10.00, 4, 250.00, 4105.00, 4091.00, -2.15, 0.00, 1.00
10.00, 4, 250.00, 4105.00, 4091.00, -2.15, 0.00, 1.00
10.00, 4, 250.00, 4105.00, 4091.00, -2.15, 0.00, 1.00
10.00, 4, 250.00, 4105.00, 4091.00, -2.15, 0.00, 1.00
10.00, 4, 250.00, 4105.00, 4091.00, -2.15, 0.00, 1.00
10.00, 4, 250.00, 4105.00, 4091.00, -2.15, 0.00, 1.00
10.00, 4, 250.00, 4105.00, 4091.00, -2.15, 0.00, 1.00
10.00, 4, 250.00, 4105.00, 4091.00, -2.15, 0.00, 1.00
10.00, 4, 250.00, 4105.00, 4091.00, -2.15, 0.00, 1.00
10.00, 4, 250.00, 4105.00, 4091.00, -2.15, 0.00, 1.00
10.00, 4, 250.00, 4105.00, 4091.00, -2.15, 0.00, 1.00
10.00, 4, 250.00, 4105.00, 4091.00, -2.15, 0.00, 1.00
10.00, 4, 250.00, 4105.00, 4091.00, -2.15, 0.00, 1.00
10.00, 4, 250.00, 4105.00, 4091.00, -2.15, 0.00, 1.00
10.00, 4, 250.00, 4105.00, 4091.00, -2.15, 0.00, 1.00
10.00, 4, 250.00, 4105.00, 4091.00, -2.15, 0.00, 1.00
10.00, 4, 250.00, 4105.00, 4091.00, -2.15, 0.00, 1.00
10.00, 4, 250.00, 4105.00, 4091.00, -2.15, 0.00, 1.00
10.00, 4, 250.00, 4105.00, 4091.00, -2.15, 0.00, 1.00
10.00, 4, 250.00, 4105.00, 4091.00, -2.15, 0.00, 1.00
10.00, 4, 250.00, 4105.00, 4091.00, -2.15, 0.00, 1.00
10.00, 4, 250.00, 4105.00, 4091.00, -2.15, 0.00, 1.00
10.00, 4, 250.00, 4105.00, 4091.00, -2.15, 0.00, 1.00
10.00, 4, 250.00, 4105.00, 4091.00, -2.15, 0.00, 1.00
10.00, 4, 250.00, 4105.00, 4091.00, -2.15, 0.00, 1.00
10.00, 4, 250.00, 4105.00, 4091.00, -2.15, 0.00, 1.00
10.00, 4, 250.00, 4105.00, 4091.00, -2.15, 0.00, 1.00
10.00, 4, 250.00, 4105.00, 4091.00, -2.15, 0.00, 1.00
10.00, 4, 250.00, 4105.00, 4091.00, -2.15, 0.00, 1.00
10.00, 4, 250.00, 4105.00, 4091.00, -2.15, 0.00, 1.00
10.00, 4, 250.00, 4105.00, 4091.00, -2.15, 0.00, 1.00
10.00, 4, 250.00, 4105.00, 4091.00, -2.15, 0.00, 1.00
10.00, 4, 250.00, 4105.00, 4091.00, -2.15, 0.00, 1.00
10.00, 4, 250.00, 4105.00, 4091.00, -2.15, 0.00, 1.00
10.00, 4, 250.00, 4105.00, 4091.00, -2.15, 0.00, 1.00
10.00, 4, 250.00, 4105.00, 4091.00, -2.15, 0.00, 1.00
10.00, 4, 250.00, 4105.00, 4091.00, -2.15, 0.00, 1.00
10.00, 4, 250.00, 4105.00, 4091.00, -2.15, 0.00, 1.00
10.00, 4, 250.00, 4105.00, 4091.00, -2.15, 0.00, 1.00
10.00, 4, 250.00, 4105.00, 4091.00, -2.15, 0.00, 1.00
10.00, 4, 250.00, 4105.00, 4091.00, -2.15, 0.00, 1.00
10.00, 4, 250.00, 4105.00, 4091.00, -2.15, 0.00, 1.00
10.00, 4, 250.00, 4105.00, 4091.00, -2.15, 0.00, 1.00
10.00, 4, 250.00, 4105.00, 4091.00, -2.15, 0.00, 1.00
10.00, 4, 250.00, 4105.00, 4091.00, -2.15, 0.00, 1.00
10.00, 4, 250.00, 4105.00, 4091.00, -2.15, 0.00, 1.00
10.00, 4, 250.00, 4105.00, 4091.00, -2.15, 0.00, 1.00
10.00, 4, 250.00, 4105.00, 4091.00, -2.15, 0.00, 1.00
10.00, 4, 250.00, 4105.00, 4091.00, -2.15, 0.00, 1.00
10.00, 4, 250.00, 4105.00, 4091.00, -2.15, 0.00, 1.00
10.00, 4, 250.00, 4105.00, 4091.00, -2.15, 0.00, 1.00
10.00, 4, 250.00, 4105.00, 4091.00, -2.15, 0.00, 1.00
10.00, 4, 250.00, 4105.00, 4091.00, -2.15, 0.00, 1.00
10.00, 4, 250.00, 4105.00, 4091.00, -2.15, 0.00, 1.00
10.00, 4, 250.00, 4105.00, 4091.00, -2.15, 0.00, 1.00
10.00, 4, 250.00, 4105.00, 4091.00, -2.15, 0.00, 1.00
10.00, 4, 250.00, 4105.00, 4091.00, -2.15, 0.00, 1.00
10.00, 4, 250.00, 4105.00, 4091.00, -2.15, 0.00, 1.00
10.00, 4, 250.00, 4105.00, 4091.00, -2.15, 0.00, 1.00
10.00, 4, 250.00, 4105.00, 4091.00, -2.15, 0.00, 1.00
10.00, 4, 250.00, 4105.00, 4091.00, -2.15, 0.00, 1.00
10.00, 4, 250.00, 4105.00, 4091.00, -2.15, 0.00, 1.00
10.00, 4, 250.00, 4105.00, 4091.00, -2.15, 0.00, 1.00
10.00, 4, 250.00, 4105.00, 4091.00, -2.15, 0.00, 1.00
10.00, 4, 250.00, 4105.00, 4091.00, -2.15, 0.00, 1.00
10.00, 4, 250.00, 4105.00, 4091.00, -2.15, 0.00, 1.00
10.00, 4, 250.00, 4105.00, 4091.00, -2.15, 0.00, 1.00
10.00, 4, 250.00, 4105.00, 4091.00, -2.15, 0.00, 1.00
10.00, 4, 250.00, 4105.00, 4091.00, -2.15, 0.00, 1.00
10.00, 4, 250.00, 4105.00, 4091.00, -2.15, 0.00, 1.00
10.00, 4, 250.00, 4105.00, 4091.00, -2.15, 0.00, 1.00
10.00, 4, 250.00, 4105.00, 4091.00, -2.15, 0.00, 1.00
10.00, 4, 250.00, 4105.00, 4091.00, -2.15, 0.00, 1.00
10.00, 4, 250.00, 4105.00, 4091.00, -2.15, 0.00, 1.00
10.00, 4, 250.00, 4105.00, 4091.00, -2.15, 0.00, 1.00
10.00, 4, 250.00, 4105.00, 4091.00, -2.15, 0.00, 1.00
10.00, 4, 250.00, 4105.00, 4091.00, -2.15, 0.00, 1.00
10.00, 4, 250.00, 4105.00, 4091.00, -2.15, 0.00, 1.00
10.00, 4, 250.00, 4105.00, 4091.00, -2.15, 0.00, 1.00
10.00, 4, 250.00, 4105.00, 4091.00, -2.15, 0.00, 1.00
10.00, 4, 250.00, 4105.00, 4091.00, -2.15, 0.00, 1.00
10.00, 4, 250.00, 4105.00, 4091.00, -2.15, 0.00, 1.00
10.00, 4, 250.00, 4105.00, 4091.00, -2.15, 0.00, 1.00
10.00, 4, 250.00, 4105.00, 4091.00, -2.15, 0.00, 1.00
10.00, 4, 250.00, 4105.00, 4091.00, -2.15, 0.00, 1.00
10.00, 4, 250.00, 4105.00, 4091.00, -2.15, 0.00, 1.00
10.00, 4, 250.00, 4105.00, 4091.00, -2.15, 0.00, 1.00
10.00, 4, 250.00, 4105.00, 4091.00, -2.15, 0.00, 1.00
10.00, 4, 250.00, 4105.00, 4091.00, -2.15, 0.00, 1.00
10.00, 4, 250.00, 4105.00, 4091.00, -2.15, 0.00, 1.00
10.00, 4, 250.00, 4105.00, 4091.00, -2.15, 0.00, 1.00
10.00, 4, 250.00, 4105.00, 4091.00, -2.15, 0.00, 1.00
10.00, 4, 250.00, 4105.00, 4091.00, -2.15, 0.00, 1.00
10.00, 4, 250.00, 4105.00, 4091.00, -2.15, 0.00, 1.00
10.00, 4, 250.00, 4105.00, 4091.00, -2.15, 0.00, 1.00
10.00, 4, 250.00, 4105.00, 4091.00, -2.15, 0.00, 1.00
10.00, 4, 250.00, 4105.00, 4091.00, -2.15, 0.00, 1.00
10.00, 4, 250.00, 4105.00, 4091.00, -2.15, 0.00, 1.00
10.00, 4, 250.00, 4105.00, 4091.00, -2.15, 0.00, 1.00
10.00, 4, 250.00, 4105.00, 4091.00, -2.15, 0.00, 1.00
10.00, 4, 250.00, 4105.00, 4091.00, -2.15, 0.00, 1.00
10.00, 4, 250.00, 4105.00, 4091.00, -2.15, 0.00, 1.00
10.00, 4, 250.00, 4105.00, 4091.00, -2.15, 0.00, 1.00
10.00, 4, 250.00, 4105.00, 4091.00, -2.15, 0.00, 1.00
10.00, 4, 250.00, 4105.00, 4091.00, -2.15, 0.00, 1.00
10.00, 4, 250.00, 4105.00, 4091.00, -2.15, 0.00, 1.00
10.00, 4, 250.00, 4105.00, 4091.00, -2.15, 0.00, 1.00
10.00, 4, 250.00, 4105.00, 4091.00, -2.15, 0.00, 1.00
10.00, 4, 250.00, 4105.00, 4091.00, -2.15, 0.00, 1.00
10.00, 4, 250.00, 4105.00, 4091.00, -2.15, 0.00, 1.00
10.00, 4, 250.00, 4105.00, 4091.00, -2.15, 0.00, 1.00
10.00, 4, 250.00, 4105.00, 4091.00, -2.15, 0.00, 1.00
10.00, 4, 250.00, 4105.00, 4091.00, -2.15, 0.00, 1.00
10.00, 4, 250.00, 4105.00, 4091.00, -2.15, 0.00, 1.00
10.00, 4, 250.00, 4105.00, 4091.00, -2.15, 0.00, 1.00
10.00, 4, 250.00, 4105.00, 4091.00, -2.15, 0.00, 1.00
10.00, 4, 250.00, 4105.00, 4091.00, -2.15, 0.00, 1.00
10.00, 4, 250.00, 4105.00, 4091.00, -2.15, 0.00, 1.00
10.00, 4, 250.00, 4105.00, 4091.00, -2.15, 0.00, 1.00
10.00, 4, 250.00, 4105.00, 4091.00, -2.15, 0.00, 1.00
10.00, 4, 250.00, 4105.00, 4091.00, -2.15, 0.00, 1.00
10.00, 4, 250.00, 4105.00, 4091.00, -2.15, 0.00, 1.00
10.00, 4, 250.00, 4105.00, 4091.00, -2.15, 0.00, 1.00
10.00, 4, 250.00, 4105.00, 4091.00, -2.15, 0.00, 1.00
10.00, 4, 250.00, 4105.00, 4091.00, -2.15, 0.00, 1.00
10.00, 4, 250.00, 4105.00, 4091.00, -2.15, 0.00, 1.00
10.00, 4, 250.00, 4105.00, 4091.00, -2.15, 0.00, 1.00
10.00, 4, 250.00, 4105.00, 4091.00, -2.15, 0.00, 1.00
10.00, 4, 250.00, 4105.00, 4091.00, -2.15, 0.00, 1.00
10.00, 4, 250.00, 4105.00, 4091.00, -2.15, 0.00, 1.00
10.00, 4, 250.00, 4105.00, 4091.00, -2.15, 0.00, 1.00
10.00, 4, 250.00, 4105.00, 4091.00, -2.15, 0.00, 1.00
10.00, 4, 250.00, 4105.00, 4091.00, -2.15, 0.00, 1.00
10.00, 4, 250.00, 4105.00, 4091.00, -2.15, 0.00, 1.00
10.00, 4, 250.00, 4105.00, 4091.00, -2.15, 0.00, 1.00
10.00, 4, 250.00, 4105.00, 4091.00, -2.15, 0.00, 1.00
10.00, 4, 250.00, 4105.00, 4091.00, -2.15, 0.00, 1.00
10.00, 4, 250.00, 4105.00, 4091.00, -2.15, 0.00, 1.00
10.00, 4, 250.00, 4105.00, 4091.00, -2.15, 0.00, 1.00
10.00, 4, 250.00, 4105.00, 4091.00, -2.15, 0.00, 1.00
10.00, 4, 250.00, 4105.00, 4091.00, -2.15, 0.00, 1.00
10.00, 4, 250.00, 4105.00, 4091.00, -2.15, 0.00, 1.00
10.00, 4, 250.00, 4105.00, 4091.00, -2.15, 0.00, 1.00
10.00, 4, 250.00, 4105.00, 4091.00, -2.15, 0.00, 1.00
10.00, 4, 250.00, 4105.00, 4091.00, -2.15, 0.00, 1.00
10.00, 4, 250.00, 4105.00, 4091.00, -2.15, 0.00, 1.00
10.00, 4, 250.00, 4105.00, 4091.00, -2.15, 0.00, 1.00
10.00, 4, 250.00, 4105.00, 4091.00, -2.15, 0.00, 1.00
10.00, 4, 250.00, 4105.00, 4091.00, -2.15, 0.00, 1.00
10.00, 4, 250.00, 4105.00, 4091.00, -2.15, 0.00, 1.00
10.00, 4, 250.00, 4105.00, 4091.00, -2.15, 0.00, 1.00
10.00, 4, 250.00, 4105.00, 4091.00, -2.15, 0.00, 1.00
10.00, 4, 250.00, 4105.00, 4091.00, -2.15, 0.00, 1.00
10.00, 4, 250.00, 4105.00, 4091.00, -2.15, 0.00, 1.00
10.00, 4, 250.00, 4105.00, 4091.00, -2.15, 0.00, 1.00
10.00, 4, 250.00, 4105.00, 4091.00, -2.15, 0.00, 1.00
10.00, 4, 250.00, 4105.00, 4091.00, -2.15, 0.00, 1.00
10.00, 4, 250.00, 4105.00, 4091.00, -2.15, 0.00, 1.00
10.00, 4, 250.00, 4105.00, 4091.00, -2.15, 0.00, 1.00
10.00, 4, 250.00, 4105.00, 4091.00, -2.15, 0.00, 1.00
10.00, 4, 250.00, 4105.00, 4091.00, -2.15, 0.00, 1.00
10.00, 4, 250.00, 4105.00, 4091.00, -2.15, 0.00, 1.00
10.00, 4, 250.00, 4105.00, 4091.00, -2.15, 0.00, 1.00
10.00, 4, 250.00, 4105.00, 4091.00, -2.15, 0.00, 1.00
10.00, 4, 250.00, 4105.00, 4091.00, -2.15, 0.00, 1.00
10.00, 4, 250.00, 4105.00, 4091.00, -2.15, 0.00, 1.00
10.00, 4, 250.00, 4105.00, 4091.00, -2.15, 0.00, 1.00
10.00, 4, 250.00, 4105.00, 4091.00, -2.15, 0.00, 1.00
10.00, 4, 250.00, 4105.00, 4091.00, -2.15, 0.00, 1.00
10.00, 4, 250.00, 4105.00, 4091.00, -2.15, 0.00, 1.00
10.00, 4, 250.00, 4105.00, 4091.00, -2.15, 0.00, 1.00
10.00, 4, 250.00, 4105.00, 4091.00, -2.15, 0.00, 1.00
10.00, 4, 250.00, 4105.00, 4091.00, -2.15, 0.00, 1.00
10.00, 4, 250.00, 4105.00, 4091.00, -2.15, 0.00, 1.00
10.00, 4, 250.00, 4105.00, 4091.00, -2.15, 0.00, 1.00
10.00, 4, 250.00, 4105.00, 4091.00, -2.15, 0.00, 1.00
10.00, 4, 250.00, 4105.00, 4091.00, -2.15, 0.00, 1.00
10.00, 4, 250.00, 4105.00, 4091.00, -2.15, 0.00, 1.00
10.00, 4, 250.00, 4105.00, 4091.00, -2.15, 0.00, 1.00
10.00, 4, 250.00, 4105.00, 4091.00, -2.15, 0.00, 1.00
10.00, 4, 250.00, 4105.00, 4091.00, -2.15, 0.00, 1.00
10.00, 4, 250.00, 4105.00, 4091.00, -2.15, 0.00, 1.00
10.00, 4, 250.00, 4105.00, 4091.00, -2.15, 0.00, 1.00
10.00, 4, 250.00, 4105.00, 4091.00, -2.15, 0.00, 1.00
10.00, 4, 250.00, 4105.00, 4091.00, -2.15, 0.00, 1.00
10.00, 4, 250.00, 4105.00, 4091.00, -2.15, 0.00, 1.00
10.00, 4, 250.00, 4105.00, 4091.00, -2.15, 0.00, 1.00
10.00, 4, 250.00, 4105.00, 4091.00, -2.15, 0.00, 1.00
10.00, 4, 250.00, 4105.00, 4091.00, -2.15, 0.00, 1.00
10.00, 4, 250.00, 4105.00, 4091.00, -2.15, 0.00, 1.00
10.00, 4, 250.00, 4105.00, 4091.00, -2.15, 0.00, 1.00
10.00, 4, 250.00, 4105.00, 4091.00, -2.15, 0.00, 1.00
10.00, 4, 250.00, 4105.00, 4091.00, -2.15, 0.00, 1.00
10.00, 4, 250.00, 4105.00, 4091.00, -2.15, 0.00, 1.00
10.00, 4, 250.00, 4105.00, 4091.00, -2.15, 0.00, 1.00
10.00, 4, 250.00, 4105.00, 4091.00, -2.15, 0.00, 1.00
10.00, 4, 250.00, 4105.00, 4091.00, -2.15, 0.00, 1.00
10.00, 4, 250.00, 4105.00, 4091.00, -2.15, 0.00, 1.00
10.00, 4, 250.00, 4105.00, 4091.00, -2.15, 0.00, 1.00
10.00, 4, 250.00, 4105.00, 4091.00, -2.15, 0.00, 1.00
10.00, 4, 250.00, 4105.00, 4091.00, -2.15, 0.00, 1.00
10.00, 4, 250.00, 4105.00, 4091.00, -2.15, 0.00, 1.00
10.00, 4, 250.00, 4105.00, 4091.00, -2.15, 0.00, 1.00
10.00, 4, 250.00, 4105.00, 4091.00, -2.15, 0.00, 1.00
10.00, 4, 250.00, 4105.00, 4091.00, -2.15, 0.00, 1.00
10.00, 4, 250.00, 4105.00, 4091.00, -2.15, 0.00, 1.00
10.00, 4, 250.00, 4105.00, 4091.00, -2.15, 0.00, 1.00
10.00, 4, 250.00, 4105.00, 4091.00, -2.15, 0.00, 1.00
10.00, 4, 250.00, 4105.00, 4091.00, -2.15, 0.00, 1.00
10.00, 4, 250.00, 4105.00, 4091.00, -2.15, 0.00, 1.00
10.00, 4, 250.00, 4105.00, 4091.00, -2.15, 0.00, 1.00
10.00, 4, 250.00, 4105.00, 4091.00, -2.15, 0.00, 1.00
10.00, 4, 250.00, 4105.00, 4091.00, -2.15, 0.00, 1.00
10.00, 4, 250.00, 4105.00, 4091.00, -2.15, 0.00, 1.00
10.00, 4, 250.00, 4105.00, 4091.00, -2.15, 0.00, 1.00
10.00, 4, 250.00, 4105.00, 4091.00, -2.15, 0.00, 1.00
10.00, 4, 250.00, 4105.00, 4091.00, -2.15, 0.00, 1.00
10.00, 4, 250.00, 4105.00, 4091.00, -2.15, 0.00, 1.00
10.00, 4, 250.00, 4105.00, 4091.00, -2.15, 0.00, 1.00
10.00, 4, 250.00, 4105.00, 4091.00, -2.15, 0.00, 1.00
10.00, 4, 250.00, 4105.00, 4091.00, -2.15, 0.00, 1.00
10.00, 4, 250.00, 4105.00, 4091.00, -2.15, 0.00, 1.00
10.00, 4, 250.00, 4105.00, 4091.00, -2.15, 0.00, 1.00
10.00, 4, 250.00, 4105.00, 4091.00, -2.15, 0.00, 1.00
10.00, 4, 250.00, 4105.00, 4091.00, -2.15, 0.00, 1.00
10.00, 4, 250.00, 4105.00, 4091.00, -2.15, 0.00, 1.00
10.00, 4, 250.00, 4105.00, 4091.00, -2.15, 0.00, 1.00
10.00, 4, 250.00, 4105.00, 4091.00, -2.15, 0.00, 1.00
10.00, 4, 250.00, 4105.00, 4091.00, -2.15, 0.00, 1.00
10.00, 4, 250.00, 4105.00, 4091.00, -2.15, 0.00, 1.00
10.00, 4, 250.00, 4105.00, 4091.00, -2.15, 0.00, 1.00
10.00, 4, 250.00, 4105.00, 4091.00, -2.15, 0.00, 1.00
10.00, 4, 250.00, 4105.00, 4091.00, -2.15, 0.00, 1.00
10.00, 4, 250.00, 4105.00, 4091.00, -2.15, 0.00, 1.00
10.00, 4, 250.00, 4105.00, 4091.00, -2.15, 0.00, 1.00
10.00, 4, 250.00, 4105.00, 4091.00, -2.15, 0.00, 1.00
10.00, 4, 250.00, 4105.00, 4091.00, -2.15, 0.00, 1.00
10.00, 4, 250.00, 4105.00, 4091.00, -2.15, 0.00, 1.00
10.00, 4, 250.00, 4105.00, 4091.00, -2.15, 0.00, 1.00
10.00, 4, 250.00, 4105.00, 4091.00, -2.15, 0.00, 1.00
10.00, 4, 250.00, 4105.00, 4091.00, -2.15, 0.00, 1.00
10.00, 4, 250.00, 4105.00, 4091.00, -2.15, 0.00, 1.00
10.00, 4, 250.00, 4105.00, 4091.00, -2.15, 0.00, 1.00
10.00, 4, 250.00, 4105.00, 4091.00, -2.15, 0.00, 1.00
10.00, 4, 250.00, 4105.00, 4091.00, -2.15, 0.00, 1.00
10.00, 4, 250.00, 4105.00, 4091.00, -2.15, 0.00, 1.00
10.00, 4, 250.00, 4105.00, 4091.00, -2.15, 0.00, 1.00
10.00, 4, 250.00, 4105.00, 4091.00, -2.15, 0.00, 1.00
10.00, 4, 250.00, 4105.00, 4091.00, -2.15, 0.00, 1.00
10.00, 4, 250.00, 4105.00, 4091.00, -2.15, 0.00, 1.00
10.00, 4, 250.00, 4105.00, 4091.00, -2.15, 0.00, 1.00
10.00, 4, 250.00, 4105.00, 4091.00, -2.15, 0.00, 1.00
10.00, 4, 250.00, 4105.00, 4091.00, -2.15, 0.00, 1.00
10.00, 4, 250.00, 4105.00, 4091.00, -2.15, 0.00, 1.00
10.00, 4, 250.00, 4105.00, 4091.00, -2.15, 0.00, 1.00
10.00, 4, 250.00, 4105.00, 4091.00, -2.15, 0.00, 1.00
10.00, 4, 250.00, 4105.00, 4091.00, -2.15, 0.00, 1.00
10.00, 4, 250.00, 4105.00, 4091.00, -2.15, 0.00, 1.00
10.00, 4, 250.00, 4105.00, 4091.00, -2.15, 0.00, 1.00
10.00, 4, 250.00, 4105.00, 4091.00, -2.15, 0.00, 1.00
10.00, 4, 250.00, 4105.00, 4091.00, -2.15, 0.00, 1.00
10.00, 4, 250.00, 4105.00, 4091.00, -2.15, 0.00, 1.00
10.00, 4, 250.00, 4105.00, 4091.00, -2.15, 0.00, 1.00
10.00, 4, 250.00, 4105.00, 4091.00, -2.15, 0.00, 1.00
10.00, 4, 250.00, 4105.00, 4091.00, -2.15, 0.00, 1.00
10.00, 4, 250.00, 4105.00, 4091.00, -2.15, 0.00, 1.00
10.00, 4, 250.00, 4105.00, 4091.00, -2.15, 0.00, 1.00
10.00, 4, 250.00, 4105.00, 4091.00, -2.15, 0.00, 1.00
10.00, 4, 250.00, 4105.00, 4091.00, -2.15, 0.00, 1.00
10.00, 4, 250.00, 4105.00, 4091.00, -2.15, 0.00, 1.00
10.00, 4, 250.00, 4105.00, 4091.00, -2.15, 0.00, 1.00
10.00, 4, 250.00, 4105.00, 4091.00, -2.15, 0.00, 1.00
10.00, 4, 250.00, 4105.00, 4091.00, -2.15, 0.00, 1.00
10.00, 4, 250.00, 4105.00, 4091.00, -2.15, 0.00, 1.00
10.00, 4, 250.00, 4105.00, 4091.00, -2.15, 0.00, 1.00
10.00, 4, 250.00, 4105.00, 4091.00, -2.15, 0.00, 1.00
10.00, 4, 250.00, 4105.00, 4091.00, -2.15, 0.00, 1.00
10.00, 4, 250.00, 4105.00, 4091.00, -2.15, 0.00, 1.00
10.00, 4, 250.00, 4105.00, 4091.00, -2.15, 0.00, 1.00
10.00, 4, 250.00, 4105.00, 4091.00, -2.15, 0.00, 1.00
10.00, 4, 250.00, 4105.00, 4091.00, -2.15, 0.00, 1.00
10.00, 4, 250.00, 4105.00, 4091.00, -2.15, 0.00, 1.00
10.00, 4, 250.00, 4105.00, 4091.00, -2.15, 0.00, 1.00
10.00, 4, 250.00, 4105.00, 4091.00, -2.15, 0.00, 1.00
10.00, 4, 250.00, 4105.00, 4091.00, -2.15, 0.00, 1.00
10.00, 4, 250.00, 4105.00, 4091.00, -2.15, 0.00, 1.00
10.00, 4, 250.00, 4105.00, 4091.00, -2.15, 0.00, 1.00
10.00, 4, 250.00, 4105.00, 4091.00, -2.15, 0.00, 1.00
10.00, 4, 250.00, 4105.00, 4091.00, -2.15, 0.00, 1.00
10.00, 4, 250.00, 4105.00, 4091.00, -2.15, 0.00, 1.00
10.00, 4, 250.00, 4105.00, 4091.00, -2.15, 0.00, 1.00
10.00, 4, 250.00, 4105.00, 4091.00, -2.15, 0.00, 1.00
10.00, 4, 250.00, 4105.00, 4091.00, -2.15, 0.00, 1.00
10.00, 4, 250.00, 4105.00, 4091.00, -2.15, 0.00, 1.00
10.00, 4, 250.00, 4105.00, 4091.00, -2.15, 0.00, 1.00
10.00, 4, 250.00, 4105.00, 4091.00, -2.15, 0.00, 1.00
10.00, 4, 250.00, 4105.00, 4091.00, -2.15, 0.00, 1.00
10.00, 4, 250.00, 4105.00, 4091.00, -2.15, 0.00, 1.00
10.00, 4, 250.00, 4105.00, 4091.00, -2.15, 0.00, 1.00
10.00, 4, 250.00, 4105.00, 4091.00, -2.15, 0.00, 1.00
10.00, 4, 250.00, 4105.00, 4091.00, -2.15, 0.00, 1.00
10.00, 4, 250.00, 4105.00, 4091.00, -2.15, 0.00, 1.00
10.00, 4, 250.00, 4105.00, 4091.00, -2.15, 0.00, 1.00
10.00, 4, 250.00, 4105.00, 4091.00, -2.15, 0.00, 1.00
10.00, 4, 250.00, 4105.00, 4091.00, -2.15, 0.00, 1.00
10.00, 4, 250.00, 4105.00, 4091.00, -2.15, 0.00, 1.00
10.00, 4, 250.00, 4105.00, 4091.00, -2.15, 0.00, 1.00
10.00, 4, 250.00, 4105.00, 4091.00, -2.15, 0.00, 1.00
10.00, 4, 250.00, 4105.00, 4091.00, -2.15, 0.00, 1.00
10.00, 4, 250.00, 4105.00, 4091.00, -2.15, 0.00, 1.00
10.00, 4, 250.00, 4105.00, 4091.00, -2.15, 0.00, 1.00
10.00, 4, 250.00, 4105.00, 4091.00, -2.15, 0.00, 1.00
10.00, 4, 250.00, 4105.00, 4091.00, -2.15, 0.00, 1.00
10.00, 4, 250.00, 4105.00, 4091.00, -2.15, 0.00, 1.00
10.00, 4, 250.00, 4105.00, 4091.00, -2.15, 0.00, 1.00
10.00, 4, 250.00, 4105.00, 4091.00, -2.15, 0.00, 1.00
10.00, 4, 250.00, 4105.00, 4091.00, -2.15, 0.00, 1.00
10.00, 4, 250.00, 4105.00, 4091.00, -2.15, 0.00, 1.00
10.00, 4, 250.00, 4105.00, 4091.00, -2.15, 0.00, 1.00
10.00, 4, 250.00, 4105.00, 4091.00, -2.15, 0.00, 1.00
10.00, 4, 250.00, 4105.00, 4091.00, -2.15, 0.00, 1.00
10.00, 4, 250.00, 4105.00, 4091.00, -2.15, 0.00, 1.00
10.00, 4, 250.00, 4105.00, 4091.00, -2.15, 0.00, 1.00
10.00, 4, 250.00, 4105.00, 4091.00, -2.15, 0.00, 1.00
10.00, 4, 250.00, 4105.00, 4091.00, -2.15, 0.00, 1.00
10.00, 4, 250.00, 4105.00, 4091.00, -2.15, 0.00, 1.00
10.00, 4, 250.00, 4105.00, 4091.00, -2.15, 0.00, 1.00
10.00, 4, 250.00, 4105.00, 4091.00, -2.15, 0.00, 1.00
10.00, 4, 250.00, 4105.00, 4091.00, -2.15, 0.00, 1.00
10.00, 4, 250.00, 4105.00, 4091.00, -2.15, 0.00, 1.00
10.00, 4, 250.00, 4105.00, 4091.00, -2.15, 0.00, 1.00
10.00, 4, 250.00, 4105.00, 4091.00, -2.15, 0.00, 1.00
10.00, 4, 250.00, 4105.00, 4091.00, -2.15, 0.00, 1.00
10.00, 4, 250.00, 4105.00, 4091.00, -2.15, 0.00, 1.00
10.00, 4, 250.00, 4105.00, 4091.00, -2.15, 0.00, 1.00
11.00, 4, 250.00, 4105.00, 4091.00, -2.15, 0.00, 1.00
9.00, 4, 250.00, 4105.00, 4091.00, -2.15, 0.00, 1.00
10.00, 4, 250.00, 4105.00, 4091.00, -2.15, 0.00, 1.00
10.00, 4, 250.00, 4105.00, 4091.00, -2.15, 0.00, 1.00
10.00, 4, 250.00, 4105.00, 4091.00, -2.15, 0.00, 1.00
11.00, 4, 250.00, 4105.00, 4091.00, -2.15, 0.00, 1.00
10.00, 4, 250.00, 4105.00, 4091.00, -2.15, 0.00, 1.00
10.00, 4, 250.00, 4105.00, 4091.00, -2.15, 0.00, 1.00
10.00, 4, 250.00, 4105.00, 4091.00, -2.15, 0.00, 1.00
10.00, 4, 250.00, 4105.00, 4091.00, -2.15, 0.00, 1.00
10.00, 4, 250.00, 4105.00, 4091.00, -2.15, 0.00, 1.00
10.00, 4, 250.00, 4105.00, 4091.00, -2.15, 0.00, 1.00
10.00, 4, 250.00, 4105.00, 4091.00, -2.15, 0.00, 1.00
10.00, 4, 250.00, 4105.00, 4091.00, -2.15, 0.00, 1.00
10.00, 4, 250.00, 4105.00, 4091.00, -2.15, 0.00, 1.00
10.00, 4, 250.00, 4105.00, 4091.00, -2.15, 0.00, 1.00
10.00, 4, 250.00, 4105.00, 4091.00, -2.15, 0.00, 1.00
10.00, 4, 250.00, 4105.00, 4091.00, -2.15, 0.00, 1.00
10.00, 4, 250.00, 4105.00, 4091.00, -2.15, 0.00, 1.00
10.00, 4, 250.00, 4105.00, 4091.00, -2.15, 0.00, 1.00
10.00, 4, 250.00, 4105.00, 4091.00, -2.15, 0.00, 1.00
10.00, 4, 250.00, 4105.00, 4091.00, -2.15, 0.00, 1.00
10.00, 4, 250.00, 4105.00, 4091.00, -2.15, 0.00, 1.00
10.00, 4, 250.00, 4105.00, 4091.00, -2.15, 0.00, 1.00
10.00, 4, 250.00, 4105.00, 4091.00, -2.15, 0.00, 1.00
10.00, 4, 250.00, 4105.00, 4091.00, -2.15, 0.00, 1.00
10.00, 4, 250.00, 4105.00, 4091.00, -2.15, 0.00, 1.00
10.00, 4, 250.00, 4105.00, 4091.00, -2.15, 0.00, 1.00
10.00, 4, 250.00, 4105.00, 4091.00, -2.15, 0.00, 1.00
10.00, 4, 250.00, 4105.00, 4091.00, -2.15, 0.00, 1.00
10.00, 4, 250.00, 4105.00, 4091.00, -2.15, 0.00, 1.00
10.00, 4, 250.00, 4105.00, 4091.00, -2.15, 0.00, 1.00
10.00, 4, 250.00, 4105.00, 4091.00, -2.15, 0.00, 1.00
10.00, 4, 250.00, 4105.00, 4091.00, -2.15, 0.00, 1.00
10.00, 4, 250.00, 4105.00, 4091.00, -2.15, 0.00, 1.00
10.00, 4, 250.00, 4105.00, 4091.00, -2.15, 0.00, 1.00
10.00, 4, 250.00, 4105.00, 4091.00, -2.15, 0.00, 1.00
10.00, 4, 250.00, 4105.00, 4091.00, -2.15, 0.00, 1.00
10.00, 4, 250.00, 4105.00, 4091.00, -2.15, 0.00, 1.00
10.00, 4, 250.00, 4105.00, 4091.00, -2.15, 0.00, 1.00
10.00, 4, 250.00, 4105.00, 4091.00, -2.15, 0.00, 1.00
10.00, 4, 250.00, 4105.00, 4091.00, -2.15, 0.00, 1.00
10.00, 4, 250.00, 4105.00, 4091.00, -2.15, 0.00, 1.00
10.00, 4, 250.00, 4105.00, 4091.00, -2.15, 0.00, 1.00
10.00, 4, 250.00, 4105.00, 4091.00, -2.15, 0.00, 1.00
10.00, 4, 250.00, 4105.00, 4091.00, -2.15, 0.00, 1.00
10.00, 4, 250.00, 4105.00, 4091.00, -2.15, 0.00, 1.00
10.00, 4, 250.00, 4105.00, 4091.00, -2.15, 0.00, 1.00
10.00, 4, 250.00, 4105.00, 4091.00, -2.15, 0.00, 1.00
10.00, 4, 250.00, 4105.00, 4091.00, -2.15, 0.00, 1.00
10.00, 4, 250.00, 4105.00, 4091.00, -2.15, 0.00, 1.00
10.00, 4, 250.00, 4105.00, 4091.00, -2.15, 0.00, 1.00
10.00, 4, 250.00, 4105.00, 4091.00, -2.15, 0.00, 1.00
10.00, 4, 250.00, 4105.00, 4091.00, -2.15, 0.00, 1.00
10.00, 4, 250.00, 4105.00, 4091.00, -2.15, 0.00, 1.00
10.00, 4, 250.00, 4105.00, 4091.00, -2.15, 0.00, 1.00
10.00, 4, 250.00, 4105.00, 4091.00, -2.15, 0.00, 1.00
10.00, 4, 250.00, 4105.00, 4091.00, -2.15, 0.00, 1.00
10.00, 4, 250.00, 4105.00, 4091.00, -2.15, 0.00, 1.00
10.00, 4, 250.00, 4105.00, 4091.00, -2.15, 0.00, 1.00
10.00, 4, 250.00, 4105.00, 4091.00, -2.15, 0.00, 1.00
10.00, 4, 250.00, 4105.00, 4091.00, -2.15, 0.00, 1.00
10.00, 4, 250.00, 4105.00, 4091.00, -2.15, 0.00, 1.00
10.00, 4, 250.00, 4105.00, 4091.00, -2.15, 0.00, 1.00
10.00, 4, 250.00, 4105.00, 4091.00, -2.15, 0.00, 1.00
10.00, 4, 250.00, 4105.00, 4091.00, -2.15, 0.00, 1.00
10.00, 4, 250.00, 4105.00, 4091.00, -2.15, 0.00, 1.00
10.00, 4, 250.00, 4105.00, 4091.00, -2.15, 0.00, 1.00
10.00, 4, 250.00, 4105.00, 4091.00, -2.15, 0.00, 1.00
10.00, 4, 250.00, 4105.00, 4091.00, -2.15, 0.00, 1.00
10.00, 4, 250.00, 4105.00, 4091.00, -2.15, 0.00, 1.00
10.00, 4, 250.00, 4105.00, 4091.00, -2.15, 0.00, 1.00
10.00, 4, 250.00, 4105.00, 4091.00, -2.15, 0.00, 1.00
10.00, 4, 250.00, 4105.00, 4091.00, -2.15, 0.00, 1.00
10.00, 4, 250.00, 4105.00, 4091.00, -2.15, 0.00, 1.00
10.00, 4, 250.00, 4105.00, 4091.00, -2.15, 0.00, 1.00
10.00, 4, 250.00, 4105.00, 4091.00, -2.15, 0.00, 1.00
10.00, 4, 250.00, 4105.00, 4091.00, -2.15, 0.00, 1.00
10.00, 4, 250.00, 4105.00, 4091.00, -2.15, 0.00, 1.00
10.00, 4, 250.00, 4105.00, 4091.00, -2.15, 0.00, 1.00
10.00, 4, 250.00, 4105.00, 4091.00, -2.15, 0.00, 1.00
10.00, 4, 250.00, 4105.00, 4091.00, -2.15, 0.00, 1.00
10.00, 4, 250.00, 4105.00, 4091.00, -2.15, 0.00, 1.00
10.00, 4, 250.00, 4105.00, 4091.00, -2.15, 0.00, 1.00
10.00, 4, 250.00, 4105.00, 4091.00, -2.15, 0.00, 1.00
10.00, 4, 250.00, 4105.00, 4091.00, -2.15, 0.00, 1.00
10.00, 4, 250.00, 4105.00, 4091.00, -2.15, 0.00, 1.00
10.00, 4, 250.00, 4105.00, 4091.00, -2.15, 0.00, 1.00
10.00, 4, 250.00, 4105.00, 4091.00, -2.15, 0.00, 1.00
10.00, 4, 250.00, 4105.00, 4091.00, -2.15, 0.00, 1.00
10.00, 4, 250.00, 4105.00, 4091.00, -2.15, 0.00, 1.00
10.00, 4, 250.00, 4105.00, 4091.00, -2.15, 0.00, 1.00
10.00, 4, 250.00, 4105.00, 4091.00, -2.15, 0.00, 1.00
10.00, 4, 250.00, 4105.00, 4091.00, -2.15, 0.00, 1.00
10.00, 4, 250.00, 4105.00, 4091.00, -2.15, 0.00, 1.00
10.00, 4, 250.00, 4105.00, 4091.00, -2.15, 0.00, 1.00
10.00, 4, 250.00, 4105.00, 4091.00, -2.15, 0.00, 1.00
10.00, 4, 250.00, 4105.00, 4091.00, -2.15, 0.00, 1.00
10.00, 4, 250.00, 4105.00, 4091.00, -2.15, 0.00, 1.00
10.00, 4, 250.00, 4105.00, 4091.00, -2.15, 0.00, 1.00
10.00, 4, 250.00, 4105.00, 4091.00, -2.15, 0.00, 1.00
10.00, 4, 250.00, 4105.00, 4091.00, -2.15, 0.00, 1.00
10.00, 4, 250.00, 4105.00, 4091.00, -2.15, 0.00, 1.00
10.00, 4, 250.00, 4105.00, 4091.00, -2.15, 0.00, 1.00
10.00, 4, 250.00, 4105.00, 4091.00, -2.15, 0.00, 1.00
10.00, 4, 250.00, 4105.00, 4091.00, -2.15, 0.00, 1.00
10.00, 4, 250.00, 4105.00, 4091.00, -2.15, 0.00, 1.00
10.00, 4, 250.00, 4105.00, 4091.00, -2.15, 0.00, 1.00
10.00, 4, 250.00, 4105.00, 4091.00, -2.15, 0.00, 1.00
10.00, 4, 250.00, 4105.00, 4091.00, -2.15, 0.00, 1.00
10.00, 4, 250.00, 4105.00, 4091.00, -2.15, 0.00, 1.00
10.00, 4, 250.00, 4105.00, 4091.00, -2.15, 0.00, 1.00
10.00, 4, 250.00, 4105.00, 4091.00, -2.15, 0.00, 1.00
10.00, 4, 250.00, 4105.00, 4091.00, -2.15, 0.00, 1.00
10.00, 4, 250.00, 4105.00, 4091.00, -2.15, 0.00, 1.00
10.00, 4, 250.00, 4105.00, 4091.00, -2.15, 0.00, 1.00
10.00, 4, 250.00, 4105.00, 4091.00, -2.15, 0.00, 1.00
10.00, 4, 250.00, 4105.00, 4091.00, -2.15, 0.00, 1.00
10.00, 4, 250.00, 4105.00, 4091.00, -2.15, 0.00, 1.00
10.00, 4, 250.00, 4105.00, 4091.00, -2.15, 0.00, 1.00
10.00, 4, 250.00, 4105.00, 4091.00, -2.15, 0.00, 1.00
10.00, 4, 250.00, 4105.00, 4091.00, -2.15, 0.00, 1.00
10.00, 4, 250.00, 4105.00, 4091.00, -2.15, 0.00, 1.00
10.00, 4, 250.00, 4105.00, 4091.00, -2.15, 0.00, 1.00
10.00, 4, 250.00, 4105.00, 4091.00, -2.15, 0.00, 1.00
10.00, 4, 250.00, 4105.00, 4091.00, -2.15, 0.00, 1.00
10.00, 4, 250.00, 4105.00, 4091.00, -2.15, 0.00, 1.00
10.00, 4, 250.00, 4105.00, 4091.00, -2.15, 0.00, 1.00
10.00, 4, 250.00, 4105.00, 4091.00, -2.15, 0.00, 1.00
10.00, 4, 250.00, 4105.00, 4091.00, -2.15, 0.00, 1.00
10.00, 4, 250.00, 4105.00, 4091.00, -2.15, 0.00, 1.00
10.00, 4, 250.00, 4105.00, 4091.00, -2.15, 0.00, 1.00
10.00, 4, 250.00, 4105.00, 4091.00, -2.15, 0.00, 1.00
10.00, 4, 250.00, 4105.00, 4091.00, -2.15, 0.00, 1.00
10.00, 4, 250.00, 4105.00, 4091.00, -2.15, 0.00, 1.00
10.00, 4, 250.00, 4105.00, 4091.00, -2.15, 0.00, 1.00
10.00, 4, 250.00, 4105.00, 4091.00, -2.15, 0.00, 1.00
10.00, 4, 250.00, 4105.00, 4091.00, -2.15, 0.00, 1.00
10.00, 4, 250.00, 4105.00, 4091.00, -2.15, 0.00, 1.00
10.00, 4, 250.00, 4105.00, 4091.00, -2.15, 0.00, 1.00
10.00, 4, 250.00, 4105.00, 4091.00, -2.15, 0.00, 1.00
10.00, 4, 250.00, 4105.00, 4091.00, -2.15, 0.00, 1.00
10.00, 4, 250.00, 4105.00, 4091.00, -2.15, 0.00, 1.00
10.00, 4, 250.00, 4105.00, 4091.00, -2.15, 0.00, 1.00
10.00, 4, 250.00, 4105.00, 4091.00, -2.15, 0.00, 1.00
10.00, 4, 250.00, 4105.00, 4091.00, -2.15, 0.00, 1.00
10.00, 4, 250.00, 4105.00, 4091.00, -2.15, 0.00, 1.00
10.00, 4, 250.00, 4105.00, 4091.00, -2.15, 0.00, 1.00
10.00, 4, 250.00, 4105.00, 4091.00, -2.15, 0.00, 1.00
10.00, 4, 250.00, 4105.00, 4091.00, -2.15, 0.00, 1.00
10.00, 4, 250.00, 4105.00, 4091.00, -2.15, 0.00, 1.00
10.00, 4, 250.00, 4105.00, 4091.00, -2.15, 0.00, 1.00
10.00, 4, 250.00, 4105.00, 4091.00, -2.15, 0.00, 1.00
10.00, 4, 250.00, 4105.00, 4091.00, -2.15, 0.00, 1.00
10.00, 4, 250.00, 4105.00, 4091.00, -2.15, 0.00, 1.00
10.00, 4, 250.00, 4105.00, 4091.00, -2.15, 0.00, 1.00
10.00, 4, 250.00, 4105.00, 4091.00, -2.15, 0.00, 1.00
10.00, 4, 250.00, 4105.00, 4091.00, -2.15, 0.00, 1.00
10.00, 4, 250.00, 4105.00, 4091.00, -2.15, 0.00, 1.00
10.00, 4, 250.00, 4105.00, 4091.00, -2.15, 0.00, 1.00
10.00, 4, 250.00, 4105.00, 4091.00, -2.15, 0.00, 1.00
10.00, 4, 250.00, 4105.00, 4091.00, -2.15, 0.00, 1.00
10.00, 4, 250.00, 4105.00, 4091.00, -2.15, 0.00, 1.00
10.00, 4, 250.00, 4105.00, 4091.00, -2.15, 0.00, 1.00
10.00, 4, 250.00, 4105.00, 4091.00, -2.15, 0.00, 1.00
10.00, 4, 250.00, 4105.00, 4091.00, -2.15, 0.00, 1.00
10.00, 4, 250.00, 4105.00, 4091.00, -2.15, 0.00, 1.00
10.00, 4, 250.00, 4105.00, 4091.00, -2.15, 0.00, 1.00
10.00, 4, 250.00, 4105.00, 4091.00, -2.15, 0.00, 1.00
10.00, 4, 250.00, 4105.00, 4091.00, -2.15, 0.00, 1.00
10.00, 4, 250.00, 4105.00, 4091.00, -2.15, 0.00, 1.00
10.00, 4, 250.00, 4105.00, 4091.00, -2.15, 0.00, 1.00
10.00, 4, 250.00, 4105.00, 4091.00, -2.15, 0.00, 1.00
10.00, 4, 250.00, 4105.00, 4091.00, -2.15, 0.00, 1.00
10.00, 4, 250.00, 4105.00, 4091.00, -2.15, 0.00, 1.00
10.00, 4, 250.00, 4105.00, 4091.00, -2.15, 0.00, 1.00
10.00, 4, 250.00, 4105.00, 4091.00, -2.15, 0.00, 1.00
10.00, 4, 250.00, 4105.00, 4091.00, -2.15, 0.00, 1.00
10.00, 4, 250.00, 4105.00, 4091.00, -2.15, 0.00, 1.00
10.00, 4, 250.00, 4105.00, 4091.00, -2.15, 0.00, 1.00
10.00, 4, 250.00, 4105.00, 4091.00, -2.15, 0.00, 1.00
10.00, 4, 250.00, 4105.00, 4091.00, -2.15, 0.00, 1.00
10.00, 4, 250.00, 4105.00, 4091.00, -2.15, 0.00, 1.00
10.00, 4, 250.00, 4105.00, 4091.00, -2.15, 0.00, 1.00
10.00, 4, 250.00, 4105.00, 4091.00, -2.15, 0.00, 1.00
10.00, 4, 250.00, 4105.00, 4091.00, -2.15, 0.00, 1.00
10.00, 4, 250.00, 4105.00, 4091.00, -2.15, 0.00, 1.00
10.00, 4, 250.00, 4105.00, 4091.00, -2.15, 0.00, 1.00
10.00, 4, 250.00, 4105.00, 4091.00, -2.15, 0.00, 1.00
10.00, 4, 250.00, 4105.00, 4091.00, -2.15, 0.00, 1.00
10.00, 4, 250.00, 4105.00, 4091.00, -2.15, 0.00, 1.00
10.00, 4, 250.00, 4105.00, 4091.00, -2.15, 0.00, 1.00
10.00, 4, 250.00, 4105.00, 4091.00, -2.15, 0.00, 1.00
10.00, 4, 250.00, 4105.00, 4091.00, -2.15, 0.00, 1.00
10.00, 4, 250.00, 4105.00, 4091.00, -2.15, 0.00, 1.00
10.00, 4, 250.00, 4105.00, 4091.00, -2.15, 0.00, 1.00
10.00, 4, 250.00, 4105.00, 4091.00, -2.15, 0.00, 1.00
10.00, 4, 250.00, 4105.00, 4091.00, -2.15, 0.00, 1.00
10.00, 4, 250.00, 4105.00, 4091.00, -2.15, 0.00, 1.00
10.00, 4, 250.00, 4105.00, 4091.00, -2.15, 0.00, 1.00
10.00, 4, 250.00, 4105.00, 4091.00, -2.15, 0.00, 1.00
10.00, 4, 250.00, 4105.00, 4091.00, -2.15, 0.00, 1.00
10.00, 4, 250.00, 4105.00, 4091.00, -2.15, 0.00, 1.00
10.00, 4, 250.00, 4105.00, 4091.00, -2.15, 0.00, 1.00
10.00, 4, 250.00, 4105.00, 4091.00, -2.15, 0.00, 1.00
10.00, 4, 250.00, 4105.00, 4091.00, -2.15, 0.00, 1.00
10.00, 4, 250.00, 4105.00, 4091.00, -2.15, 0.00, 1.00
10.00, 4, 250.00, 4105.00, 4091.00, -2.15, 0.00, 1.00
10.00, 4, 250.00, 4105.00, 4091.00, -2.15, 0.00, 1.00
10.00, 4, 250.00, 4105.00, 4091.00, -2.15, 0.00, 1.00
10.00, 4, 250.00, 4105.00, 4091.00, -2.15, 0.00, 1.00
10.00, 4, 250.00, 4105.00, 4091.00, -2.15, 0.00, 1.00
10.00, 4, 250.00, 4105.00, 4091.00, -2.15, 0.00, 1.00
10.00, 4, 250.00, 4105.00, 4091.00, -2.15, 0.00, 1.00
10.00, 4, 250.00, 4105.00, 4091.00, -2.15, 0.00, 1.00
10.00, 4, 250.00, 4105.00, 4091.00, -2.15, 0.00, 1.00
10.00, 4, 250.00, 4105.00, 4091.00, -2.15, 0.00, 1.00
10.00, 4, 250.00, 4105.00, 4091.00, -2.15, 0.00, 1.00
10.00, 4, 250.00, 4105.00, 4091.00, -2.15, 0.00, 1.00
10.00, 4, 250.00, 4105.00, 4091.00, -2.15, 0.00, 1.00
10.00, 4, 250.00, 4105.00, 4091.00, -2.15, 0.00, 1.00
10.00, 4, 250.00, 4105.00, 4091.00, -2.15, 0.00, 1.00
10.00, 4, 250.00, 4105.00, 4091.00, -2.15, 0.00, 1.00
10.00, 4, 250.00, 4105.00, 4091.00, -2.15, 0.00, 1.00
10.00, 4, 250.00, 4105.00, 4091.00, -2.15, 0.00, 1.00
10.00, 4, 250.00, 4105.00, 4091.00, -2.15, 0.00, 1.00
10.00, 4, 250.00, 4105.00, 4091.00, -2.15, 0.00, 1.00
10.00, 4, 250.00, 4105.00, 4091.00, -2.15, 0.00, 1.00
10.00, 4, 250.00, 4105.00, 4091.00, -2.15, 0.00, 1.00
10.00, 4, 250.00, 4105.00, 4091.00, -2.15, 0.00, 1.00
10.00, 4, 250.00, 4105.00, 4091.00, -2.15, 0.00, 1.00
10.00, 4, 250.00, 4105.00, 4091.00, -2.15, 0.00, 1.00
10.00, 4, 250.00, 4105.00, 4091.00, -2.15, 0.00, 1.00
10.00, 4, 250.00, 4105.00, 4091.00, -2.15, 0.00, 1.00
10.00, 4, 250.00, 4105.00, 4091.00, -2.15, 0.00, 1.00
10.00, 4, 250.00, 4105.00, 4091.00, -2.15, 0.00, 1.00
10.00, 4, 250.00, 4105.00, 4091.00, -2.15, 0.00, 1.00
10.00, 4, 250.00, 4105.00, 4091.00, -2.15, 0.00, 1.00
10.00, 4, 250.00, 4105.00, 4091.00, -2.15, 0.00, 1.00
10.00, 4, 250.00, 4105.00, 4091.00, -2.15, 0.00, 1.00
10.00, 4, 250.00, 4105.00, 4091.00, -2.15, 0.00, 1.00
10.00, 4, 250.00, 4105.00, 4091.00, -2.15, 0.00, 1.00
10.00, 4, 250.00, 4105.00, 4091.00, -2.15, 0.00, 1.00
10.00, 4, 250.00, 4105.00, 4091.00, -2.15, 0.00, 1.00
10.00, 4, 250.00, 4105.00, 4091.00, -2.15, 0.00, 1.00
10.00, 4, 250.00, 4105.00, 4091.00, -2.15, 0.00, 1.00
10.00, 4, 250.00, 4105.00, 4091.00, -2.15, 0.00, 1.00
10.00, 4, 250.00, 4105.00, 4091.00, -2.15, 0.00, 1.00
10.00, 4, 250.00, 4105.00, 4091.00, -2.15, 0.00, 1.00
10.00, 4, 250.00, 4105.00, 4091.00, -2.15, 0.00, 1.00
10.00, 4, 250.00, 4105.00, 4091.00, -2.15, 0.00, 1.00
10.00, 4, 250.00, 4105.00, 4091.00, -2.15, 0.00, 1.00
10.00, 4, 250.00, 4105.00, 4091.00, -2.15, 0.00, 1.00
10.00, 4, 250.00, 4105.00, 4091.00, -2.15, 0.00, 1.00
10.00, 4, 250.00, 4105.00, 4091.00, -2.15, 0.00, 1.00
10.00, 4, 250.00, 4105.00, 4091.00, -2.15, 0.00, 1.00
10.00, 4, 250.00, 4105.00, 4091.00, -2.15, 0.00, 1.00
10.00, 4, 250.00, 4105.00, 4091.00, -2.15, 0.00, 1.00
10.00, 4, 250.00, 4105.00, 4091.00, -2.15, 0.00, 1.00
10.00, 4, 250.00, 4105.00, 4091.00, -2.15, 0.00, 1.00
10.00, 4, 250.00, 4105.00, 4091.00, -2.15, 0.00, 1.00
10.00, 4, 250.00, 4105.00, 4091.00, -2.15, 0.00, 1.00
10.00, 4, 250.00, 4105.00, 4091.00, -2.15, 0.00, 1.00
10.00, 4, 250.00, 4105.00, 4091.00, -2.15, 0.00, 1.00
10.00, 4, 250.00, 4105.00, 4091.00, -2.15, 0.00, 1.00
10.00, 4, 250.00, 4105.00, 4091.00, -2.15, 0.00, 1.00
10.00, 4, 250.00, 4105.00, 4091.00, -2.15, 0.00, 1.00
10.00, 4, 250.00, 4105.00, 4091.00, -2.15, 0.00, 1.00
10.00, 4, 250.00, 4105.00, 4091.00, -2.15, 0.00, 1.00
10.00, 4, 250.00, 4105.00, 4091.00, -2.15, 0.00, 1.00
10.00, 4, 250.00, 4105.00, 4091.00, -2.15, 0.00, 1.00
10.00, 4, 250.00, 4105.00, 4091.00, -2.15, 0.00, 1.00
10.00, 4, 250.00, 4105.00, 4091.00, -2.15, 0.00, 1.00
10.00, 4, 250.00, 4105.00, 4091.00, -2.15, 0.00, 1.00
10.00, 4, 250.00, 4105.00, 4091.00, -2.15, 0.00, 1.00
10.00, 4, 250.00, 4105.00, 4091.00, -2.15, 0.00, 1.00
10.00, 4, 250.00, 4105.00, 4091.00, -2.15, 0.00, 1.00
10.00, 4, 250.00, 4105.00, 4091.00, -2.15, 0.00, 1.00
10.00, 4, 250.00, 4105.00, 4091.00, -2.15, 0.00, 1.00
10.00, 4, 250.00, 4105.00, 4091.00, -2.15, 0.00, 1.00
10.00, 4, 250.00, 4105.00, 4091.00, -2.15, 0.00, 1.00
10.00, 4, 250.00, 4105.00, 4091.00, -2.15, 0.00, 1.00
10.00, 4, 250.00, 4105.00, 4091.00, -2.15, 0.00, 1.00
10.00, 4, 250.00, 4105.00, 4091.00, -2.15, 0.00, 1.00
10.00, 4, 250.00, 4105.00, 4091.00, -2.15, 0.00, 1.00
10.00, 4, 250.00, 4105.00, 4091.00, -2.15, 0.00, 1.00
10.00, 4, 250.00, 4105.00, 4091.00, -2.15, 0.00, 1.00
10.00, 4, 250.00, 4105.00, 4091.00, -2.15, 0.00, 1.00
10.00, 4, 250.00, 4105.00, 4091.00, -2.15, 0.00, 1.00
10.00, 4, 250.00, 4105.00, 4091.00, -2.15, 0.00, 1.00
10.00, 4, 250.00, 4105.00, 4091.00, -2.15, 0.00, 1.00
10.00, 4, 250.00, 4105.00, 4091.00, -2.15, 0.00, 1.00
10.00, 4, 250.00, 4105.00, 4091.00, -2.15, 0.00, 1.00
10.00, 4, 250.00, 4105.00, 4091.00, -2.15, 0.00, 1.00
10.00, 4, 250.00, 4105.00, 4091.00, -2.15, 0.00, 1.00
10.00, 4, 250.00, 4105.00, 4091.00, -2.15, 0.00, 1.00
10.00, 4, 250.00, 4105.00, 4091.00, -2.15, 0.00, 1.00
10.00, 4, 250.00, 4105.00, 4091.00, -2.15, 0.00, 1.00
10.00, 4, 250.00, 4105.00, 4091.00, -2.15, 0.00, 1.00
10.00, 4, 250.00, 4105.00, 4091.00, -2.15, 0.00, 1.00
10.00, 4, 250.00, 4105.00, 4091.00, -2.15, 0.00, 1.00
10.00, 4, 250.00, 4105.00, 4091.00, -2.15, 0.00, 1.00
10.00, 4, 250.00, 4105.00, 4091.00, -2.15, 0.00, 1.00
10.00, 4, 250.00, 4105.00, 4091.00, -2.15, 0.00, 1.00
10.00, 4, 250.00, 4105.00, 4091.00, -2.15, 0.00, 1.00
10.00, 4, 250.00, 4105.00, 4091.00, -2.15, 0.00, 1.00
10.00, 4, 250.00, 4105.00, 4091.00, -2.15, 0.00, 1.00
10.00, 4, 250.00, 4105.00, 4091.00, -2.15, 0.00, 1.00
10.00, 4, 250.00, 4105.00, 4091.00, -2.15, 0.00, 1.00
10.00, 4, 250.00, 4105.00, 4091.00, -2.15, 0.00, 1.00
10.00, 4, 250.00, 4105.00, 4091.00, -2.15, 0.00, 1.00
10.00, 4, 250.00, 4105.00, 4091.00, -2.15, 0.00, 1.00
10.00, 4, 250.00, 4105.00, 4091.00, -2.15, 0.00, 1.00
10.00, 4, 250.00, 4105.00, 4091.00, -2.15, 0.00, 1.00
10.00, 4, 250.00, 4105.00, 4091.00, -2.15, 0.00, 1.00
10.00, 4, 250.00, 4105.00, 4091.00, -2.15, 0.00, 1.00
10.00, 4, 250.00, 4105.00, 4091.00, -2.15, 0.00, 1.00
10.00, 4, 250.00, 4105.00, 4091.00, -2.15, 0.00, 1.00
10.00, 4, 250.00, 4105.00, 4091.00, -2.15, 0.00, 1.00
10.00, 4, 250.00, 4105.00, 4091.00, -2.15, 0.00, 1.00
10.00, 4, 250.00, 4105.00, 4091.00, -2.15, 0.00, 1.00
10.00, 4, 250.00, 4105.00, 4091.00, -2.15, 0.00, 1.00
10.00, 4, 250.00, 4105.00, 4091.00, -2.15, 0.00, 1.00
10.00, 4, 250.00, 4105.00, 4091.00, -2.15, 0.00, 1.00
10.00, 4, 250.00, 4105.00, 4091.00, -2.15, 0.00, 1.00
10.00, 4, 250.00, 4105.00, 4091.00, -2.15, 0.00, 1.00
10.00, 4, 250.00, 4105.00, 4091.00, -2.15, 0.00, 1.00
10.00, 4, 250.00, 4105.00, 4091.00, -2.15, 0.00, 1.00
10.00, 4, 250.00, 4105.00, 4091.00, -2.15, 0.00, 1.00
10.00, 4, 250.00, 4105.00, 4091.00, -2.15, 0.00, 1.00
10.00, 4, 250.00, 4105.00, 4091.00, -2.15, 0.00, 1.00
10.00, 4, 250.00, 4105.00, 4091.00, -2.15, 0.00, 1.00
10.00, 4, 250.00, 4105.00, 4091.00, -2.15, 0.00, 1.00
10.00, 4, 250.00, 4105.00, 4091.00, -2.15, 0.00, 1.00
10.00, 4, 250.00, 4105.00, 4091.00, -2.15, 0.00, 1.00
10.00, 4, 250.00, 4105.00, 4091.00, -2.15, 0.00, 1.00
10.00, 4, 250.00, 4105.00, 4091.00, -2.15, 0.00, 1.00
10.00, 4, 250.00, 4105.00, 4091.00, -2.15, 0.00, 1.00
10.00, 4, 250.00, 4105.00, 4091.00, -2.15, 0.00, 1.00
10.00, 4, 250.00, 4105.00, 4091.00, -2.15, 0.00, 1.00
10.00, 4, 250.00, 4105.00, 4091.00, -2.15, 0.00, 1.00
10.00, 4, 250.00, 4105.00, 4091.00, -2.15, 0.00, 1.00
10.00, 4, 250.00, 4105.00, 4091.00, -2.15, 0.00, 1.00
10.00, 4, 250.00, 4105.00, 4091.00, -2.15, 0.00, 1.00
10.00, 4, 250.00, 4105.00, 4091.00, -2.15, 0.00, 1.00
10.00, 4, 250.00, 4105.00, 4091.00, -2.15, 0.00, 1.00
10.00, 4, 250.00, 4105.00, 4091.00, -2.15, 0.00, 1.00
10.00, 4, 250.00, 4105.00, 4091.00, -2.15, 0.00, 1.00
10.00, 4, 250.00, 4105.00, 4091.00, -2.15, 0.00, 1.00
10.00, 4, 250.00, 4105.00, 4091.00, -2.15, 0.00, 1.00
10.00, 4, 250.00, 4105.00, 4091.00, -2.15, 0.00, 1.00
10.00, 4, 250.00, 4105.00, 4091.00, -2.15, 0.00, 1.00
10.00, 4, 250.00, 4105.00, 4091.00, -2.15, 0.00, 1.00
10.00, 4, 250.00, 4105.00, 4091.00, -2.15, 0.00, 1.00
10.00, 4, 250.00, 4105.00, 4091.00, -2.15, 0.00, 1.00
10.00, 4, 250.00, 4105.00, 4091.00, -2.15, 0.00, 1.00
10.00, 4, 250.00, 4105.00, 4091.00, -2.15, 0.00, 1.00
10.00, 4, 250.00, 4105.00, 4091.00, -2.15, 0.00, 1.00
10.00, 4, 250.00, 4105.00, 4091.00, -2.15, 0.00, 1.00
10.00, 4, 250.00, 4105.00, 4091.00, -2.15, 0.00, 1.00
10.00, 4, 250.00, 4105.00, 4091.00, -2.15, 0.00, 1.00
10.00, 4, 250.00, 4105.00, 4091.00, -2.15, 0.00, 1.00
10.00, 4, 250.00, 4105.00, 4091.00, -2.15, 0.00, 1.00
10.00, 4, 250.00, 4105.00, 4091.00, -2.15, 0.00, 1.00
10.00, 4, 250.00, 4105.00, 4091.00, -2.15, 0.00, 1.00
10.00, 4, 250.00, 4105.00, 4091.00, -2.15, 0.00, 1.00
10.00, 4, 250.00, 4105.00, 4091.00, -2.15, 0.00, 1.00
10.00, 4, 250.00, 4105.00, 4091.00, -2.15, 0.00, 1.00
10.00, 4, 250.00, 4105.00, 4091.00, -2.15, 0.00, 1.00
10.00, 4, 250.00, 4105.00, 4091.00, -2.15, 0.00, 1.00
10.00, 4, 250.00, 4105.00, 4091.00, -2.15, 0.00, 1.00
10.00, 4, 250.00, 4105.00, 4091.00, -2.15, 0.00, 1.00
10.00, 4, 250.00, 4105.00, 4091.00, -2.15, 0.00, 1.00
10.00, 4, 250.00, 4105.00, 4091.00, -2.15, 0.00, 1.00
10.00, 4, 250.00, 4105.00, 4091.00, -2.15, 0.00, 1.00
10.00, 4, 250.00, 4105.00, 4091.00, -2.15, 0.00, 1.00
10.00, 4, 250.00, 4105.00, 4091.00, -2.15, 0.00, 1.00
10.00, 4, 250.00, 4105.00, 4091.00, -2.15, 0.00, 1.00
10.00, 4, 250.00, 4105.00, 4091.00, -2.15, 0.00, 1.00
10.00, 4, 250.00, 4105.00, 4091.00, -2.15, 0.00, 1.00
10.00, 4, 250.00, 4105.00, 4091.00, -2.15, 0.00, 1.00
10.00, 4, 250.00, 4105.00, 4091.00, -2.15, 0.00, 1.00
10.00, 4, 250.00, 4105.00, 4091.00, -2.15, 0.00, 1.00
10.00, 4, 250.00, 4105.00, 4091.00, -2.15, 0.00, 1.00
10.00, 4, 250.00, 4105.00, 4091.00, -2.15, 0.00, 1.00
10.00, 4, 250.00, 4105.00, 4091.00, -2.15, 0.00, 1.00
10.00, 4, 250.00, 4105.00, 4091.00, -2.15, 0.00, 1.00
10.00, 4, 250.00, 4105.00, 4091.00, -2.15, 0.00, 1.00
10.00, 4, 250.00, 4105.00, 4091.00, -2.15, 0.00, 1.00
10.00, 4, 250.00, 4105.00, 4091.00, -2.15, 0.00, 1.00
10.00, 4, 250.00, 4105.00, 4091.00, -2.15, 0.00, 1.00
10.00, 4, 250.00, 4105.00, 4091.00, -2.15, 0.00, 1.00
10.00, 4, 250.00, 4105.00, 4091.00, -2.15, 0.00, 1.00
10.00, 4, 250.00, 4105.00, 4091.00, -2.15, 0.00, 1.00
10.00, 4, 250.00, 4105.00, 4091.00, -2.15, 0.00, 1.00
10.00, 4, 250.00, 4105.00, 4091.00, -2.15, 0.00, 1.00
10.00, 4, 250.00, 4105.00, 4091.00, -2.15, 0.00, 1.00
10.00, 4, 250.00, 4105.00, 4091.00, -2.15, 0.00, 1.00
10.00, 4, 250.00, 4105.00, 4091.00, -2.15, 0.00, 1.00
10.00, 4, 250.00, 4105.00, 4091.00, -2.15, 0.00, 1.00
10.00, 4, 250.00, 4105.00, 4091.00, -2.15, 0.00, 1.00
10.00, 4, 250.00, 4105.00, 4091.00, -2.15, 0.00, 1.00
10.00, 4, 250.00, 4105.00, 4091.00, -2.15, 0.00, 1.00
10.00, 4, 250.00, 4105.00, 4091.00, -2.15, 0.00, 1.00
10.00, 4, 250.00, 4105.00, 4091.00, -2.15, 0.00, 1.00
10.00, 4, 250.00, 4105.00, 4091.00, -2.15, 0.00, 1.00
10.00, 4, 250.00, 4105.00, 4091.00, -2.15, 0.00, 1.00
10.00, 4, 250.00, 4105.00, 4091.00, -2.15, 0.00, 1.00
10.00, 4, 250.00, 4105.00, 4091.00, -2.15, 0.00, 1.00
10.00, 4, 250.00, 4105.00, 4091.00, -2.15, 0.00, 1.00
10.00, 4, 250.00, 4105.00, 4091.00, -2.15, 0.00, 1.00
10.00, 4, 250.00, 4105.00, 4091.00, -2.15, 0.00, 1.00
10.00, 4, 250.00, 4105.00, 4091.00, -2.15, 0.00, 1.00
10.00, 4, 250.00, 4105.00, 4091.00, -2.15, 0.00, 1.00
10.00, 4, 250.00, 4105.00, 4091.00, -2.15, 0.00, 1.00
10.00, 4, 250.00, 4105.00, 4091.00, -2.15, 0.00, 1.00
10.00, 4, 250.00, 4105.00, 4091.00, -2.15, 0.00, 1.00
10.00, 4, 250.00, 4105.00, 4091.00, -2.15, 0.00, 1.00
10.00, 4, 250.00, 4105.00, 4091.00, -2.15, 0.00, 1.00
10.00, 4, 250.00, 4105.00, 4091.00, -2.15, 0.00, 1.00
10.00, 4, 250.00, 4105.00, 4091.00, -2.15, 0.00, 1.00
10.00, 4, 250.00, 4105.00, 4091.00, -2.15, 0.00, 1.00
10.00, 4, 250.00, 4105.00, 4091.00, -2.15, 0.00, 1.00
10.00, 4, 250.00, 4105.00, 4091.00, -2.15, 0.00, 1.00
10.00, 4, 250.00, 4105.00, 4091.00, -2.15, 0.00, 1.00
10.00, 4, 250.00, 4105.00, 4091.00, -2.15, 0.00, 1.00
10.00, 4, 250.00, 4105.00, 4091.00, -2.15, 0.00, 1.00
10.00, 4, 250.00, 4105.00, 4091.00, -2.15, 0.00, 1.00
10.00, 4, 250.00, 4105.00, 4091.00, -2.15, 0.00, 1.00
10.00, 4, 250.00, 4105.00, 4091.00, -2.15, 0.00, 1.00
10.00, 4, 250.00, 4105.00, 4091.00, -2.15, 0.00, 1.00
10.00, 4, 250.00, 4105.00, 4091.00, -2.15, 0.00, 1.00
10.00, 4, 250.00, 4105.00, 4091.00, -2.15, 0.00, 1.00
10.00, 4, 250.00, 4105.00, 4091.00, -2.15, 0.00, 1.00
10.00, 4, 250.00, 4105.00, 4091.00, -2.15, 0.00, 1.00
10.00, 4, 250.00, 4105.00, 4091.00, -2.15, 0.00, 1.00
10.00, 4, 250.00, 4105.00, 4091.00, -2.15, 0.00, 1.00
10.00, 4, 250.00, 4105.00, 4091.00, -2.15, 0.00, 1.00
10.00, 4, 250.00, 4105.00, 4091.00, -2.15, 0.00, 1.00
10.00, 4, 250.00, 4105.00, 4091.00, -2.15, 0.00, 1.00
10.00, 4, 250.00, 4105.00, 4091.00, -2.15, 0.00, 1.00
10.00, 4, 250.00, 4105.00, 4091.00, -2.15, 0.00, 1.00
10.00, 4, 250.00, 4105.00, 4091.00, -2.15, 0.00, 1.00
10.00, 4, 250.00, 4105.00, 4091.00, -2.15, 0.00, 1.00
10.00, 4, 250.00, 4105.00, 4091.00, -2.15, 0.00, 1.00
10.00, 4, 250.00, 4105.00, 4091.00, -2.15, 0.00, 1.00
10.00, 4, 250.00, 4105.00, 4091.00, -2.15, 0.00, 1.00
