30109.00, 4, 250.00, 3026.00, 1037.00, 100.00, 100.00, 10.00
10.00, 4, 250.00, 3030.00, 1040.00, 100.00, -100.00, 10.00
10.00, 4, 250.00, 3044.00, 1042.00, 100.00, -100.00, 10.00
10.00, 4, 250.00, 3062.00, 1039.00, 100.00, -100.00, 10.00
10.00, 4, 250.00, 3087.00, 1024.00, 100.00, -100.00, 10.00
10.00, 4, 250.00, 3115.00, 1003.00, 100.00, -100.00, 10.00
10.00, 4, 250.00, 3147.00, 977.00, 100.00, -100.00, 10.00
10.00, 4, 250.00, 3179.00, 948.00, 100.00, -100.00, 10.00
10.00, 4, 250.00, 3214.00, 916.00, 100.00, -100.00, 10.00
10.00, 4, 250.00, 3251.00, 883.00, 100.00, -100.00, 10.00
10.00, 4, 250.00, 3288.00, 848.00, 100.00, -100.00, 10.00
10.00, 4, 250.00, 3326.00, 813.00, 100.00, -100.00, 10.00
10.00, 4, 250.00, 3364.00, 775.00, 100.00, -100.00, 10.00
10.00, 4, 250.00, 3404.00, 739.00, 100.00, -100.00, 10.00
10.00, 4, 250.00, 3444.00, 701.00, 100.00, -100.00, 10.00
10.00, 4, 250.00, 3484.00, 662.00, 100.00, -100.00, 10.00
10.00, 4, 250.00, 3524.00, 623.00, 100.00, -100.00, 10.00
10.00, 4, 250.00, 3564.00, 583.00, 100.00, -100.00, 10.00
10.00, 4, 250.00, 3605.00, 543.00, 100.00, -100.00, 10.00
10.00, 4, 250.00, 3647.00, 503.00, 100.00, -100.00, 10.00
10.00, 4, 250.00, 3688.00, 465.00, 100.00, -100.00, 10.00
10.00, 4, 250.00, 3729.00, 426.00, 100.00, -100.00, 10.00
10.00, 4, 250.00, 3769.00, 386.00, 100.00, -100.00, 10.00
10.00, 4, 250.00, 3810.00, 345.00, 100.00, -100.00, 10.00
10.00, 4, 250.00, 3850.00, 304.00, 100.00, -100.00, 10.00
10.00, 4, 250.00, 3891.00, 265.00, 100.00, -100.00, 10.00
10.00, 4, 250.00, 3930.00, 224.00, 100.00, -100.00, 10.00
10.00, 4, 250.00, 3972.00, 184.00, 100.00, -100.00, 10.00
10.00, 4, 250.00, 4014.00, 145.00, 100.00, -100.00, 10.00
10.00, 4, 250.00, 4054.00, 102.00, 100.00, -100.00, 10.00
10.00, 4, 250.00, 4096.00, 60.00, 100.00, -100.00, 10.00
10.00, 4, 250.00, 4135.00, 19.00, 100.00, -100.00, 10.00
10.00, 4, 250.00, 4177.00, -20.00, 99.89, -100.00, 10.00
10.00, 4, 250.00, 4218.00, -61.00, 99.89, -100.00, 10.00
10.00, 4, 250.00, 4261.00, -103.00, 99.89, -100.00, 10.00
10.00, 4, 250.00, 4301.00, -145.00, 99.89, -99.89, 10.00
10.00, 4, 250.00, 4341.00, -186.00, 99.89, -99.89, 10.00
10.00, 4, 250.00, 4380.00, -228.00, 99.44, -99.89, 10.00
10.00, 4, 250.00, 4423.00, -267.00, 96.05, -99.89, 10.00
10.00, 4, 250.00, 4462.00, -307.00, 67.23, -99.89, 10.00
10.00, 4, 250.00, 4502.00, -349.00, -26.89, -99.89, 10.00
10.00, 4, 250.00, 4537.00, -389.00, -88.36, -99.77, 10.00
10.00, 4, 250.00, 4563.00, -432.00, -98.53, -99.32, 10.00
10.00, 4, 250.00, 4575.00, -470.00, -99.66, -95.82, 10.00
10.00, 4, 250.00, 4576.00, -509.00, -99.89, -79.77, 10.00
10.00, 4, 250.00, 4569.00, -547.00, -99.89, -24.18, 10.00
10.00, 4, 250.00, 4553.00, -582.00, -99.89, 48.81, 10.00
10.00, 4, 250.00, 4531.00, -614.00, -99.89, 87.57, 10.00
10.00, 4, 250.00, 4505.00, -635.00, -99.89, 96.84, 10.00
10.00, 4, 250.00, 4474.00, -640.00, -99.89, 98.87, 10.00
10.00, 4, 250.00, 4445.00, -636.00, -99.89, 99.10, 10.00
10.00, 4, 250.00, 4413.00, -622.00, -99.89, 99.10, 10.00
10.00, 4, 250.00, 4377.00, -604.00, -99.89, 98.64, 10.00
10.00, 4, 250.00, 4339.00, -579.00, -99.89, 96.95, 10.00
10.00, 4, 250.00, 4303.00, -551.00, -99.89, 92.32, 10.00
10.00, 4, 250.00, 4264.00, -522.00, -99.89, 77.51, 10.00
10.00, 4, 250.00, 4222.00, -493.00, -99.89, 36.50, 10.00
10.00, 4, 250.00, 4181.00, -464.00, -99.89, -24.18, 10.00
10.00, 4, 250.00, 4141.00, -442.00, -99.66, -70.40, 10.00
10.00, 4, 250.00, 4102.00, -427.00, -98.98, -88.36, 10.00
10.00, 4, 250.00, 4062.00, -419.00, -96.38, -94.24, 10.00
10.00, 4, 250.00, 4021.00, -420.00, -85.99, -96.16, 10.00
10.00, 4, 250.00, 3979.00, -433.00, -48.36, -96.38, 10.00
10.00, 4, 250.00, 3942.00, -452.00, 27.57, -94.46, 10.00
10.00, 4, 250.00, 3908.00, -476.00, 80.00, -87.91, 10.00
10.00, 4, 250.00, 3889.00, -506.00, 95.37, -72.54, 10.00
10.00, 4, 250.00, 3878.00, -532.00, 98.64, -26.21, 10.00
10.00, 4, 250.00, 3878.00, -557.00, 99.44, 30.73, 10.00
10.00, 4, 250.00, 3887.00, -578.00, 99.66, 69.60, 10.00
10.00, 4, 250.00, 3901.00, -590.00, 99.66, 87.01, 10.00
10.00, 4, 250.00, 3921.00, -591.00, 99.77, 93.22, 10.00
10.00, 4, 250.00, 3947.00, -583.00, 99.66, 93.79, 10.00
10.00, 4, 250.00, 3973.00, -567.00, 99.55, 92.32, 10.00
10.00, 4, 250.00, 4004.00, -547.00, 99.21, 85.99, 10.00
10.00, 4, 250.00, 4036.00, -523.00, 98.53, 70.73, 10.00
10.00, 4, 250.00, 4070.00, -499.00, 96.50, 34.58, 10.00
10.00, 4, 250.00, 4105.00, -474.00, 90.51, -11.53, 10.00
10.00, 4, 250.00, 4139.00, -455.00, 73.11, -57.74, 10.00
10.00, 4, 250.00, 4173.00, -444.00, 32.43, -80.56, 10.00
10.00, 4, 250.00, 4205.00, -438.00, -33.11, -88.36, 10.00
10.00, 4, 250.00, 4230.00, -440.00, -76.61, -91.64, 10.00
10.00, 4, 250.00, 4250.00, -451.00, -91.98, -91.98, 10.00
10.00, 4, 250.00, 4255.00, -467.00, -97.18, -87.91, 10.00
10.00, 4, 250.00, 4250.00, -490.00, -98.53, -78.08, 10.00
10.00, 4, 250.00, 4236.00, -513.00, -98.87, -53.22, 10.00
10.00, 4, 250.00, 4217.00, -536.00, -98.87, -7.23, 10.00
10.00, 4, 250.00, 4193.00, -558.00, -98.53, 38.31, 10.00
10.00, 4, 250.00, 4165.00, -577.00, -97.74, 72.77, 10.00
10.00, 4, 250.00, 4134.00, -586.00, -95.71, 86.44, 10.00
10.00, 4, 250.00, 4104.00, -584.00, -90.28, 92.32, 10.00
10.00, 4, 250.00, 4072.00, -572.00, -77.40, 92.09, 10.00
10.00, 4, 250.00, 4037.00, -555.00, -47.34, 88.47, 10.00
10.00, 4, 250.00, 4005.00, -533.00, 10.28, 78.31, 10.00
10.00, 4, 250.00, 3977.00, -510.00, 62.15, 53.45, 10.00
10.00, 4, 250.00, 3958.00, -486.00, 87.01, 7.46, 10.00
10.00, 4, 250.00, 3952.00, -465.00, 94.80, -40.11, 10.00
10.00, 4, 250.00, 3954.00, -451.00, 97.18, -72.88, 10.00
10.00, 4, 250.00, 3964.00, -445.00, 97.85, -84.97, 10.00
10.00, 4, 250.00, 3982.00, -445.00, 97.97, -89.27, 10.00
10.00, 4, 250.00, 4005.00, -454.00, 97.51, -89.83, 10.00
10.00, 4, 250.00, 4030.00, -469.00, 95.93, -87.34, 10.00
10.00, 4, 250.00, 4060.00, -492.00, 92.54, -78.64, 10.00
10.00, 4, 250.00, 4091.00, -515.00, 83.73, -56.05, 10.00
10.00, 4, 250.00, 4122.00, -536.00, 62.26, -16.72, 10.00
10.00, 4, 250.00, 4154.00, -559.00, 24.52, 25.65, 10.00
10.00, 4, 250.00, 4182.00, -580.00, -28.70, 59.10, 10.00
10.00, 4, 250.00, 4205.00, -590.00, -67.68, 79.21, 10.00
10.00, 4, 250.00, 4218.00, -590.00, -85.65, 85.88, 10.00
10.00, 4, 250.00, 4222.00, -581.00, -92.09, 83.50, 10.00
10.00, 4, 250.00, 4217.00, -566.00, -94.24, 74.12, 10.00
10.00, 4, 250.00, 4203.00, -547.00, -94.46, 47.23, 10.00
10.00, 4, 250.00, 4183.00, -527.00, -93.33, -3.16, 10.00
10.00, 4, 250.00, 4160.00, -510.00, -90.28, -56.50, 10.00
10.00, 4, 250.00, 4134.00, -498.00, -85.20, -84.18, 10.00
10.00, 4, 250.00, 4108.00, -495.00, -76.72, -94.01, 10.00
10.00, 4, 250.00, 4079.00, -501.00, -65.20, -97.18, 10.00
10.00, 4, 250.00, 4049.00, -516.00, -50.51, -98.19, 10.00
10.00, 4, 250.00, 4020.00, -535.00, -34.69, -98.64, 10.00
10.00, 4, 250.00, 3993.00, -561.00, -20.79, -98.64, 10.00
10.00, 4, 250.00, 3969.00, -589.00, -11.19, -98.53, 10.00
10.00, 4, 250.00, 3950.00, -620.00, -6.10, -98.42, 10.00
10.00, 4, 250.00, 3933.00, -654.00, -4.63, -97.97, 10.00
10.00, 4, 250.00, 3920.00, -687.00, -5.31, -97.51, 10.00
10.00, 4, 250.00, 3909.00, -721.00, -7.34, -96.50, 10.00
10.00, 4, 250.00, 3901.00, -758.00, -9.49, -95.03, 10.00
10.00, 4, 250.00, 3894.00, -794.00, -10.62, -92.20, 10.00
10.00, 4, 250.00, 3888.00, -830.00, -11.86, -86.78, 10.00
10.00, 4, 250.00, 3883.00, -868.00, -11.98, -77.97, 10.00
10.00, 4, 250.00, 3877.00, -905.00, -11.07, -60.90, 10.00
10.00, 4, 250.00, 3871.00, -941.00, -9.94, -32.43, 10.00
10.00, 4, 250.00, 3866.00, -973.00, -9.38, 3.16, 10.00
10.00, 4, 250.00, 3861.00, -1001.00, -7.57, 33.67, 10.00
10.00, 4, 250.00, 3858.00, -1022.00, -6.55, 54.58, 10.00
10.00, 4, 250.00, 3854.00, -1034.00, -3.39, 66.21, 10.00
10.00, 4, 250.00, 3852.00, -1037.00, 0.90, 70.62, 10.00
10.00, 4, 250.00, 3850.00, -1034.00, 5.31, 70.85, 10.00
10.00, 4, 250.00, 3849.00, -1024.00, 10.73, 68.81, 10.00
10.00, 4, 250.00, 3849.00, -1009.00, 17.29, 64.52, 10.00
10.00, 4, 250.00, 3850.00, -991.00, 24.63, 60.11, 10.00
10.00, 4, 250.00, 3853.00, -972.00, 32.77, 56.05, 10.00
10.00, 4, 250.00, 3858.00, -952.00, 41.13, 53.22, 10.00
10.00, 4, 250.00, 3865.00, -931.00, 51.53, 52.20, 10.00
10.00, 4, 250.00, 3876.00, -910.00, 61.13, 52.77, 10.00
10.00, 4, 250.00, 3889.00, -888.00, 72.09, 54.58, 10.00
10.00, 4, 250.00, 3904.00, -867.00, 80.56, 57.40, 10.00
10.00, 4, 250.00, 3923.00, -844.00, 87.01, 61.02, 10.00
10.00, 4, 250.00, 3947.00, -821.00, 92.09, 65.08, 10.00
10.00, 4, 250.00, 3972.00, -797.00, 95.71, 68.70, 10.00
10.00, 4, 250.00, 4001.00, -773.00, 97.63, 72.88, 10.00
10.00, 4, 250.00, 4030.00, -748.00, 98.76, 76.61, 10.00
10.00, 4, 250.00, 4064.00, -721.00, 99.32, 79.89, 10.00
10.00, 4, 250.00, 4097.00, -694.00, 99.66, 83.50, 10.00
10.00, 4, 250.00, 4130.00, -663.00, 99.77, 86.55, 10.00
10.00, 4, 250.00, 4167.00, -635.00, 99.89, 89.83, 10.00
10.00, 4, 250.00, 4205.00, -603.00, 99.89, 92.09, 10.00
10.00, 4, 250.00, 4241.00, -568.00, 99.89, 94.12, 10.00
10.00, 4, 250.00, 4281.00, -534.00, 99.89, 95.93, 10.00
10.00, 4, 250.00, 4319.00, -500.00, 99.89, 97.40, 10.00
10.00, 4, 250.00, 4357.00, -464.00, 99.89, 98.19, 10.00
10.00, 4, 250.00, 4397.00, -428.00, 99.89, 98.87, 10.00
10.00, 4, 250.00, 4437.00, -390.00, 99.89, 99.32, 10.00
10.00, 4, 250.00, 4475.00, -352.00, 99.89, 99.66, 10.00
10.00, 4, 250.00, 4515.00, -314.00, 99.89, 99.77, 10.00
10.00, 4, 250.00, 4555.00, -273.00, 99.89, 99.89, 10.00
10.00, 4, 250.00, 4594.00, -234.00, 99.89, 99.89, 10.00
10.00, 4, 250.00, 4636.00, -189.00, 99.89, 99.89, 10.00
10.00, 4, 250.00, 4678.00, -148.00, 99.89, 99.89, 10.00
10.00, 4, 250.00, 4718.00, -112.00, 99.89, 99.89, 10.00
10.00, 4, 250.00, 4759.00, -68.00, 99.89, 99.89, 10.00
10.00, 4, 250.00, 4800.00, -26.00, 99.89, 99.89, 10.00
10.00, 4, 250.00, 4841.00, 14.00, 99.89, 99.89, 10.00
10.00, 4, 250.00, 4881.00, 61.00, 99.89, 99.89, 10.00
10.00, 4, 250.00, 4924.00, 106.00, 99.89, 99.89, 10.00
10.00, 4, 250.00, 4964.00, 147.00, 99.89, 99.89, 10.00
10.00, 4, 250.00, 5005.00, 193.00, 99.89, 99.89, 10.00
10.00, 4, 250.00, 5046.00, 235.00, 99.89, 99.89, 10.00
10.00, 4, 250.00, 5087.00, 278.00, 99.89, 99.89, 10.00
10.00, 4, 250.00, 5127.00, 323.00, 99.89, 99.89, 10.00
10.00, 4, 250.00, 5168.00, 367.00, 99.89, 99.89, 10.00
10.00, 4, 250.00, 5211.00, 411.00, 100.00, 99.89, 10.00
10.00, 4, 250.00, 5252.00, 455.00, 100.00, 99.89, 10.00
10.00, 4, 250.00, 5293.00, 496.00, 100.00, 99.89, 10.00
10.00, 4, 250.00, 5335.00, 541.00, 100.00, 99.89, 10.00
10.00, 4, 250.00, 5377.00, 586.00, 100.00, 99.89, 10.00
10.00, 4, 250.00, 5419.00, 629.00, 100.00, 99.89, 10.00
10.00, 4, 250.00, 5461.00, 673.00, 100.00, 99.89, 10.00
10.00, 4, 250.00, 5502.00, 716.00, 100.00, 99.89, 10.00
10.00, 4, 250.00, 5544.00, 759.00, 100.00, 99.89, 10.00
10.00, 4, 250.00, 5586.00, 801.00, 100.00, 99.89, 10.00
10.00, 4, 250.00, 5628.00, 845.00, 100.00, 99.89, 10.00
10.00, 4, 250.00, 5669.00, 888.00, 100.00, 99.89, 10.00
10.00, 4, 250.00, 5712.00, 930.00, 99.89, 99.89, 10.00
10.00, 4, 250.00, 5754.00, 971.00, 99.89, 99.89, 10.00
10.00, 4, 250.00, 5796.00, 1015.00, 99.89, 99.89, 10.00
10.00, 4, 250.00, 5838.00, 1059.00, 99.89, 99.89, 10.00
10.00, 4, 250.00, 5879.00, 1103.00, 99.89, 99.89, 10.00
10.00, 4, 250.00, 5918.00, 1147.00, 99.89, 99.89, 10.00
10.00, 4, 250.00, 5962.00, 1191.00, 99.89, 99.89, 10.00
10.00, 4, 250.00, 6003.00, 1234.00, 99.89, 99.89, 10.00
10.00, 4, 250.00, 6043.00, 1276.00, 99.89, 100.00, 10.00
10.00, 4, 250.00, 6085.00, 1321.00, 99.89, 100.00, 10.00
10.00, 4, 250.00, 6128.00, 1367.00, 99.89, 100.00, 10.00
10.00, 4, 250.00, 6169.00, 1410.00, 99.89, 99.89, 10.00
10.00, 4, 250.00, 6211.00, 1454.00, 99.89, 99.89, 10.00
10.00, 4, 250.00, 6253.00, 1497.00, 99.89, 99.89, 10.00
10.00, 4, 250.00, 6292.00, 1541.00, 99.89, 99.89, 10.00
10.00, 4, 250.00, 6334.00, 1586.00, 99.89, 99.89, 10.00
10.00, 4, 250.00, 6374.00, 1629.00, 99.89, 99.89, 10.00
10.00, 4, 250.00, 6413.00, 1672.00, 99.89, 99.89, 10.00
10.00, 4, 250.00, 6454.00, 1717.00, 99.89, 99.89, 10.00
10.00, 4, 250.00, 6495.00, 1759.00, 99.89, 99.89, 10.00
10.00, 4, 250.00, 6536.00, 1801.00, 99.89, 99.89, 10.00
10.00, 4, 250.00, 6577.00, 1846.00, 99.89, 99.89, 10.00
10.00, 4, 250.00, 6617.00, 1890.00, 99.89, 99.89, 10.00
10.00, 4, 250.00, 6658.00, 1931.00, 99.89, 99.89, 10.00
10.00, 4, 250.00, 6699.00, 1976.00, 99.89, 99.89, 10.00
10.00, 4, 250.00, 6741.00, 2019.00, 99.89, 99.89, 10.00
10.00, 4, 250.00, 6781.00, 2059.00, 99.89, 99.89, 10.00
10.00, 4, 250.00, 6823.00, 2103.00, 99.89, 99.89, 10.00
10.00, 4, 250.00, 6864.00, 2145.00, 99.89, 99.89, 10.00
10.00, 4, 250.00, 6905.00, 2186.00, 99.89, 99.89, 10.00
10.00, 4, 250.00, 6947.00, 2230.00, 99.89, 99.89, 10.00
10.00, 4, 250.00, 6990.00, 2271.00, 99.89, 99.89, 10.00
10.00, 4, 250.00, 7031.00, 2313.00, 99.89, 99.89, 10.00
10.00, 4, 250.00, 7073.00, 2358.00, 99.89, 99.89, 10.00
10.00, 4, 250.00, 7116.00, 2401.00, 99.89, 99.89, 10.00
10.00, 4, 250.00, 7155.00, 2442.00, 99.89, 99.89, 10.00
10.00, 4, 250.00, 7198.00, 2487.00, 99.89, 99.89, 10.00
10.00, 4, 250.00, 7242.00, 2531.00, 99.89, 99.89, 10.00
10.00, 4, 250.00, 7283.00, 2573.00, 99.89, 99.89, 10.00
10.00, 4, 250.00, 7326.00, 2617.00, 99.89, 99.89, 10.00
10.00, 4, 250.00, 7367.00, 2661.00, 99.89, 99.89, 10.00
10.00, 4, 250.00, 7409.00, 2704.00, 99.89, 99.89, 10.00
10.00, 4, 250.00, 7451.00, 2747.00, 99.89, 99.89, 10.00
10.00, 4, 250.00, 7494.00, 2792.00, 99.89, 99.89, 10.00
10.00, 4, 250.00, 7536.00, 2836.00, 99.89, 99.89, 10.00
10.00, 4, 250.00, 7577.00, 2880.00, 99.89, 99.89, 10.00
10.00, 4, 250.00, 7619.00, 2923.00, 99.89, 99.89, 10.00
10.00, 4, 250.00, 7660.00, 2968.00, 99.89, 99.89, 10.00
10.00, 4, 250.00, 7702.00, 3012.00, 99.89, 99.89, 10.00
10.00, 4, 250.00, 7744.00, 3056.00, 99.89, 99.89, 10.00
10.00, 4, 250.00, 7786.00, 3098.00, 99.89, 99.89, 10.00
10.00, 4, 250.00, 7828.00, 3144.00, 99.89, 99.89, 10.00
10.00, 4, 250.00, 7868.00, 3186.00, 99.89, 99.89, 10.00
10.00, 4, 250.00, 7910.00, 3227.00, 99.89, 99.89, 10.00
10.00, 4, 250.00, 7951.00, 3271.00, 99.89, 99.89, 10.00
10.00, 4, 250.00, 7994.00, 3315.00, 99.89, 99.89, 10.00
10.00, 4, 250.00, 8036.00, 3355.00, 99.89, 99.89, 10.00
10.00, 4, 250.00, 8078.00, 3398.00, 99.89, 99.89, 10.00
10.00, 4, 250.00, 8118.00, 3441.00, 99.89, 99.89, 10.00
10.00, 4, 250.00, 8160.00, 3484.00, 99.89, 99.89, 10.00
10.00, 4, 250.00, 8201.00, 3527.00, 99.89, 99.89, 10.00
10.00, 4, 250.00, 8243.00, 3572.00, 99.89, 99.89, 10.00
10.00, 4, 250.00, 8287.00, 3613.00, 99.89, 99.89, 10.00
10.00, 4, 250.00, 8328.00, 3656.00, 99.89, 99.89, 10.00
10.00, 4, 250.00, 8368.00, 3699.00, 99.89, 99.89, 10.00
10.00, 4, 250.00, 8410.00, 3742.00, 99.89, 99.89, 10.00
10.00, 4, 250.00, 8450.00, 3785.00, 99.89, 99.89, 10.00
10.00, 4, 250.00, 8492.00, 3828.00, 99.89, 99.89, 10.00
10.00, 4, 250.00, 8536.00, 3870.00, 99.89, 99.89, 10.00
10.00, 4, 250.00, 8576.00, 3915.00, 99.89, 99.89, 10.00
10.00, 4, 250.00, 8615.00, 3960.00, 99.89, 99.89, 10.00
10.00, 4, 250.00, 8658.00, 4003.00, 99.89, 99.89, 10.00
10.00, 4, 250.00, 8698.00, 4047.00, 99.89, 99.89, 10.00
10.00, 4, 250.00, 8740.00, 4091.00, 99.89, 99.89, 10.00
10.00, 4, 250.00, 8784.00, 4137.00, 99.89, 99.89, 10.00
10.00, 4, 250.00, 8823.00, 4181.00, 99.89, 99.89, 10.00
10.00, 4, 250.00, 8864.00, 4223.00, 99.89, 99.89, 10.00
10.00, 4, 250.00, 8905.00, 4267.00, 99.89, 99.89, 10.00
10.00, 4, 250.00, 8944.00, 4310.00, 99.89, 99.89, 10.00
10.00, 4, 250.00, 8985.00, 4353.00, 99.89, 99.89, 10.00
10.00, 4, 250.00, 9029.00, 4399.00, 99.89, 99.89, 10.00
10.00, 4, 250.00, 9068.00, 4443.00, 99.89, 99.89, 10.00
10.00, 4, 250.00, 9108.00, 4486.00, 99.89, 99.89, 10.00
10.00, 4, 250.00, 9150.00, 4529.00, 99.89, 99.89, 10.00
10.00, 4, 250.00, 9190.00, 4572.00, 99.89, 99.89, 10.00
10.00, 4, 250.00, 9231.00, 4614.00, 99.89, 99.89, 10.00
10.00, 4, 250.00, 9275.00, 4659.00, 99.89, 99.89, 10.00
10.00, 4, 250.00, 9316.00, 4701.00, 99.89, 99.89, 10.00
10.00, 4, 250.00, 9356.00, 4743.00, 99.89, 99.89, 10.00
10.00, 4, 250.00, 9397.00, 4786.00, 99.89, 99.89, 10.00
10.00, 4, 250.00, 9438.00, 4829.00, 99.89, 99.89, 10.00
10.00, 4, 250.00, 9480.00, 4874.00, 99.89, 99.89, 10.00
10.00, 4, 250.00, 9524.00, 4919.00, 99.89, 99.89, 10.00
10.00, 4, 250.00, 9565.00, 4962.00, 99.89, 99.89, 10.00
10.00, 4, 250.00, 9605.00, 5005.00, 99.89, 99.89, 10.00
10.00, 4, 250.00, 9647.00, 5048.00, 99.89, 99.89, 10.00
10.00, 4, 250.00, 9688.00, 5091.00, 99.89, 99.89, 10.00
10.00, 4, 250.00, 9730.00, 5135.00, 99.89, 99.89, 10.00
10.00, 4, 250.00, 9772.00, 5180.00, 99.89, 99.89, 10.00
10.00, 4, 250.00, 9814.00, 5227.00, 99.89, 99.89, 10.00
10.00, 4, 250.00, 9855.00, 5269.00, 99.89, 99.89, 10.00
10.00, 4, 250.00, 9896.00, 5312.00, 99.89, 99.89, 10.00
10.00, 4, 250.00, 9939.00, 5356.00, 99.89, 99.89, 10.00
10.00, 4, 250.00, 9979.00, 5400.00, 99.89, 99.89, 10.00
10.00, 4, 250.00, 10022.00, 5448.00, 99.89, 99.89, 10.00
10.00, 4, 250.00, 10063.00, 5493.00, 99.89, 99.89, 10.00
10.00, 4, 250.00, 10104.00, 5534.00, 99.89, 99.89, 10.00
10.00, 4, 250.00, 10145.00, 5575.00, 99.89, 99.89, 10.00
10.00, 4, 250.00, 10184.00, 5620.00, 99.89, 99.89, 10.00
10.00, 4, 250.00, 10225.00, 5663.00, 99.89, 99.89, 10.00
10.00, 4, 250.00, 10267.00, 5709.00, 99.89, 99.89, 10.00
10.00, 4, 250.00, 10308.00, 5752.00, 99.89, 99.89, 10.00
10.00, 4, 250.00, 10349.00, 5795.00, 99.89, 99.89, 10.00
10.00, 4, 250.00, 10388.00, 5836.00, 99.89, 99.89, 10.00
10.00, 4, 250.00, 10430.00, 5879.00, 99.89, 99.89, 10.00
10.00, 4, 250.00, 10471.00, 5921.00, 99.89, 99.89, 10.00
10.00, 4, 250.00, 10512.00, 5965.00, 99.89, 99.89, 10.00
10.00, 4, 250.00, 10552.00, 6007.00, 99.89, 99.89, 10.00
10.00, 4, 250.00, 10594.00, 6049.00, 99.89, 99.89, 10.00
10.00, 4, 250.00, 10634.00, 6091.00, 99.89, 99.89, 10.00
10.00, 4, 250.00, 10674.00, 6134.00, 99.89, 99.89, 10.00
10.00, 4, 250.00, 10715.00, 6175.00, 99.89, 99.89, 10.00
10.00, 4, 250.00, 10755.00, 6220.00, 99.89, 99.89, 10.00
10.00, 4, 250.00, 10795.00, 6264.00, 99.89, 99.89, 10.00
10.00, 4, 250.00, 10837.00, 6308.00, 99.89, 99.89, 10.00
10.00, 4, 250.00, 10878.00, 6350.00, 99.89, 99.89, 10.00
10.00, 4, 250.00, 10920.00, 6392.00, 99.89, 99.89, 10.00
10.00, 4, 250.00, 10961.00, 6435.00, 99.89, 99.89, 10.00
10.00, 4, 250.00, 11003.00, 6480.00, 99.89, 99.89, 10.00
10.00, 4, 250.00, 11044.00, 6523.00, 99.89, 99.89, 10.00
10.00, 4, 250.00, 11088.00, 6567.00, 99.89, 99.89, 10.00
10.00, 4, 250.00, 11129.00, 6611.00, 99.89, 99.89, 10.00
10.00, 4, 250.00, 11169.00, 6654.00, 99.89, 99.89, 10.00
10.00, 4, 250.00, 11212.00, 6697.00, 99.89, 99.89, 10.00
10.00, 4, 250.00, 11252.00, 6741.00, 99.89, 99.89, 10.00
10.00, 4, 250.00, 11293.00, 6785.00, 99.89, 99.89, 10.00
10.00, 4, 250.00, 11336.00, 6830.00, 99.89, 99.89, 10.00
10.00, 4, 250.00, 11376.00, 6872.00, 99.89, 99.89, 10.00
10.00, 4, 250.00, 11418.00, 6916.00, 99.89, 99.89, 10.00
10.00, 4, 250.00, 11459.00, 6960.00, 99.89, 99.89, 10.00
10.00, 4, 250.00, 11501.00, 7004.00, 99.89, 99.89, 10.00
10.00, 4, 250.00, 11540.00, 7046.00, 99.89, 99.89, 10.00
10.00, 4, 250.00, 11582.00, 7091.00, 99.89, 99.89, 10.00
10.00, 4, 250.00, 11623.00, 7132.00, 99.89, 99.89, 10.00
10.00, 4, 250.00, 11663.00, 7173.00, 99.89, 99.89, 10.00
10.00, 4, 250.00, 11707.00, 7218.00, 99.89, 99.89, 10.00
10.00, 4, 250.00, 11748.00, 7261.00, 99.89, 99.89, 10.00
10.00, 4, 250.00, 11788.00, 7303.00, 99.89, 99.89, 10.00
10.00, 4, 250.00, 11831.00, 7348.00, 99.89, 99.89, 10.00
10.00, 4, 250.00, 11874.00, 7391.00, 99.89, 99.89, 10.00
10.00, 4, 250.00, 11915.00, 7432.00, 99.89, 99.89, 10.00
10.00, 4, 250.00, 11956.00, 7477.00, 99.89, 99.89, 10.00
10.00, 4, 250.00, 11998.00, 7519.00, 99.89, 99.89, 10.00
10.00, 4, 250.00, 12039.00, 7562.00, 99.89, 99.89, 10.00
10.00, 4, 250.00, 12081.00, 7607.00, 99.89, 99.89, 10.00
10.00, 4, 250.00, 12124.00, 7652.00, 99.89, 99.89, 10.00
10.00, 4, 250.00, 12166.00, 7693.00, 99.89, 99.89, 10.00
10.00, 4, 250.00, 12208.00, 7739.00, 99.89, 99.89, 10.00
10.00, 4, 250.00, 12249.00, 7784.00, 99.89, 99.89, 10.00
10.00, 4, 250.00, 12289.00, 7825.00, 99.89, 99.89, 10.00
10.00, 4, 250.00, 12332.00, 7870.00, 99.89, 99.89, 10.00
10.00, 4, 250.00, 12376.00, 7914.00, 99.89, 99.89, 10.00
10.00, 4, 250.00, 12417.00, 7955.00, 99.89, 99.89, 10.00
10.00, 4, 250.00, 12460.00, 8002.00, 99.89, 99.89, 10.00
10.00, 4, 250.00, 12501.00, 8046.00, 99.89, 99.89, 10.00
10.00, 4, 250.00, 12541.00, 8087.00, 99.89, 99.89, 10.00
10.00, 4, 250.00, 12583.00, 8130.00, 99.89, 99.89, 10.00
10.00, 4, 250.00, 12626.00, 8174.00, 99.89, 99.89, 10.00
10.00, 4, 250.00, 12665.00, 8217.00, 99.89, 99.89, 10.00
10.00, 4, 250.00, 12706.00, 8264.00, 99.89, 99.89, 10.00
10.00, 4, 250.00, 12746.00, 8307.00, 99.89, 99.89, 10.00
10.00, 4, 250.00, 12786.00, 8349.00, 99.89, 99.89, 10.00
10.00, 4, 250.00, 12827.00, 8392.00, 99.89, 99.89, 10.00
10.00, 4, 250.00, 12870.00, 8433.00, 99.89, 99.89, 10.00
10.00, 4, 250.00, 12911.00, 8476.00, 99.89, 99.89, 10.00
10.00, 4, 250.00, 12952.00, 8521.00, 99.89, 99.89, 10.00
10.00, 4, 250.00, 12993.00, 8562.00, 99.89, 99.89, 10.00
10.00, 4, 250.00, 13034.00, 8604.00, 99.89, 99.89, 10.00
10.00, 4, 250.00, 13074.00, 8649.00, 99.89, 99.89, 10.00
10.00, 4, 250.00, 13117.00, 8693.00, 99.89, 99.89, 10.00
10.00, 4, 250.00, 13159.00, 8736.00, 99.89, 99.89, 10.00
10.00, 4, 250.00, 13200.00, 8781.00, 99.89, 99.89, 10.00
10.00, 4, 250.00, 13241.00, 8824.00, 99.89, 99.89, 10.00
10.00, 4, 250.00, 13283.00, 8867.00, 99.89, 99.89, 10.00
10.00, 4, 250.00, 13325.00, 8911.00, 99.89, 99.89, 10.00
10.00, 4, 250.00, 13368.00, 8955.00, 99.89, 99.89, 10.00
10.00, 4, 250.00, 13411.00, 9000.00, 99.89, 99.89, 10.00
10.00, 4, 250.00, 13454.00, 9045.00, 99.89, 99.89, 10.00
10.00, 4, 250.00, 13494.00, 9088.00, 99.89, 99.89, 10.00
10.00, 4, 250.00, 13536.00, 9133.00, 99.89, 99.89, 10.00
10.00, 4, 250.00, 13578.00, 9178.00, 99.89, 99.89, 10.00
10.00, 4, 250.00, 13623.00, 9222.00, 99.89, 99.89, 10.00
10.00, 4, 250.00, 13666.00, 9266.00, 99.89, 99.89, 10.00
10.00, 4, 250.00, 13706.00, 9311.00, 99.89, 99.89, 10.00
10.00, 4, 250.00, 13749.00, 9355.00, 99.89, 99.89, 10.00
10.00, 4, 250.00, 13790.00, 9398.00, 99.89, 99.89, 10.00
10.00, 4, 250.00, 13831.00, 9441.00, 99.89, 99.89, 10.00
10.00, 4, 250.00, 13875.00, 9486.00, 99.89, 99.89, 10.00
10.00, 4, 250.00, 13918.00, 9532.00, 99.89, 99.89, 10.00
10.00, 4, 250.00, 13960.00, 9574.00, 99.89, 99.89, 10.00
10.00, 4, 250.00, 13999.00, 9617.00, 99.89, 99.89, 10.00
10.00, 4, 250.00, 14041.00, 9660.00, 99.89, 99.89, 10.00
10.00, 4, 250.00, 14081.00, 9703.00, 99.89, 99.89, 10.00
10.00, 4, 250.00, 14124.00, 9746.00, 99.89, 99.89, 10.00
10.00, 4, 250.00, 14166.00, 9791.00, 99.89, 99.89, 10.00
10.00, 4, 250.00, 14206.00, 9833.00, 99.89, 99.89, 10.00
10.00, 4, 250.00, 14247.00, 9873.00, 99.89, 99.89, 10.00
10.00, 4, 250.00, 14289.00, 9916.00, 99.89, 99.89, 10.00
10.00, 4, 250.00, 14332.00, 9960.00, 99.89, 99.89, 10.00
10.00, 4, 250.00, 14373.00, 10002.00, 99.89, 99.89, 10.00
10.00, 4, 250.00, 14416.00, 10049.00, 99.89, 99.89, 10.00
10.00, 4, 250.00, 14456.00, 10091.00, 99.89, 99.89, 10.00
10.00, 4, 250.00, 14495.00, 10133.00, 99.89, 99.89, 10.00
10.00, 4, 250.00, 14537.00, 10177.00, 99.89, 99.89, 10.00
10.00, 4, 250.00, 14577.00, 10220.00, 99.89, 99.89, 10.00
10.00, 4, 250.00, 14619.00, 10262.00, 99.89, 99.89, 10.00
10.00, 4, 250.00, 14662.00, 10308.00, 99.89, 99.89, 10.00
10.00, 4, 250.00, 14702.00, 10351.00, 99.89, 99.89, 10.00
10.00, 4, 250.00, 14744.00, 10394.00, 99.89, 99.89, 10.00
10.00, 4, 250.00, 14784.00, 10438.00, 99.89, 99.89, 10.00
10.00, 4, 250.00, 14824.00, 10481.00, 99.89, 99.89, 10.00
10.00, 4, 250.00, 14866.00, 10522.00, 99.89, 99.89, 10.00
10.00, 4, 250.00, 14910.00, 10568.00, 99.89, 99.89, 10.00
10.00, 4, 250.00, 14952.00, 10612.00, 99.89, 99.89, 10.00
10.00, 4, 250.00, 14990.00, 10655.00, 99.89, 99.89, 10.00
10.00, 4, 250.00, 15033.00, 10699.00, 99.89, 99.89, 10.00
10.00, 4, 250.00, 15075.00, 10742.00, 99.89, 99.89, 10.00
10.00, 4, 250.00, 15116.00, 10785.00, 99.89, 99.89, 10.00
10.00, 4, 250.00, 15159.00, 10828.00, 99.89, 99.89, 10.00
10.00, 4, 250.00, 15201.00, 10872.00, 99.89, 99.89, 10.00
10.00, 4, 250.00, 15242.00, 10913.00, 99.89, 99.89, 10.00
10.00, 4, 250.00, 15282.00, 10956.00, 99.89, 99.89, 10.00
10.00, 4, 250.00, 15323.00, 10997.00, 99.89, 99.89, 10.00
