12641.00, 4, 250.00, 2540.00, 744.00, 99.32, 99.32, 3.00
10.00, 4, 250.00, 2542.00, 747.00, 99.89, -99.89, 3.00
10.00, 4, 250.00, 2554.00, 749.00, 99.89, -99.89, 3.00
10.00, 4, 250.00, 2573.00, 744.00, 99.89, -99.89, 3.00
10.00, 4, 250.00, 2596.00, 730.00, 99.89, -99.89, 3.00
10.00, 4, 250.00, 2625.00, 710.00, 99.89, -99.89, 3.00
10.00, 4, 250.00, 2654.00, 684.00, 99.89, -99.89, 3.00
10.00, 4, 250.00, 2685.00, 654.00, 99.89, -99.89, 3.00
10.00, 4, 250.00, 2720.00, 622.00, 99.89, -99.89, 3.00
10.00, 4, 250.00, 2756.00, 587.00, 99.89, -99.89, 3.00
10.00, 4, 250.00, 2792.00, 552.00, 99.89, -99.89, 3.00
10.00, 4, 250.00, 2829.00, 518.00, 99.89, -99.89, 3.00
10.00, 4, 250.00, 2867.00, 482.00, 99.89, -99.89, 3.00
10.00, 4, 250.00, 2906.00, 446.00, 99.89, -99.89, 3.00
10.00, 4, 250.00, 2945.00, 408.00, 99.77, -99.89, 3.00
10.00, 4, 250.00, 2983.00, 368.00, 99.77, -99.89, 3.00
10.00, 4, 250.00, 3022.00, 328.00, 99.77, -99.89, 3.00
10.00, 4, 250.00, 3060.00, 288.00, 99.66, -99.89, 3.00
10.00, 4, 250.00, 3100.00, 248.00, 99.55, -99.89, 3.00
10.00, 4, 250.00, 3141.00, 211.00, 99.32, -99.89, 3.00
10.00, 4, 250.00, 3180.00, 172.00, 99.10, -99.89, 3.00
10.00, 4, 250.00, 3220.00, 131.00, 98.64, -99.77, 3.00
10.00, 4, 250.00, 3260.00, 89.00, 97.85, -99.77, 3.00
10.00, 4, 250.00, 3301.00, 47.00, 96.72, -99.77, 3.00
10.00, 4, 250.00, 3340.00, 5.00, 94.80, -99.66, 3.00
10.00, 4, 250.00, 3380.00, -33.00, 91.86, -99.55, 3.00
10.00, 4, 250.00, 3421.00, -73.00, 87.12, -99.32, 3.00
10.00, 4, 250.00, 3460.00, -116.00, 79.55, -98.98, 3.00
10.00, 4, 250.00, 3498.00, -156.00, 68.14, -98.53, 3.00
10.00, 4, 250.00, 3537.00, -197.00, 52.77, -97.74, 3.00
10.00, 4, 250.00, 3574.00, -241.00, 32.88, -96.50, 3.00
10.00, 4, 250.00, 3606.00, -280.00, 10.06, -94.35, 3.00
10.00, 4, 250.00, 3637.00, -316.00, -11.86, -90.85, 3.00
10.00, 4, 250.00, 3662.00, -357.00, -31.07, -86.33, 3.00
10.00, 4, 250.00, 3680.00, -397.00, -45.88, -78.76, 3.00
10.00, 4, 250.00, 3688.00, -437.00, -55.93, -66.67, 3.00
10.00, 4, 250.00, 3689.00, -476.00, -60.23, -49.38, 3.00
10.00, 4, 250.00, 3683.00, -513.00, -61.36, -28.70, 3.00
10.00, 4, 250.00, 3673.00, -546.00, -59.32, -4.75, 3.00
10.00, 4, 250.00, 3659.00, -571.00, -55.48, 17.18, 3.00
10.00, 4, 250.00, 3643.00, -593.00, -49.38, 33.45, 3.00
10.00, 4, 250.00, 3623.00, -611.00, -41.13, 45.54, 3.00
10.00, 4, 250.00, 3606.00, -622.00, -29.83, 55.14, 3.00
10.00, 4, 250.00, 3589.00, -622.00, -19.44, 60.68, 3.00
10.00, 4, 250.00, 3573.00, -618.00, -9.15, 61.47, 3.00
10.00, 4, 250.00, 3559.00, -608.00, 1.92, 60.68, 3.00
10.00, 4, 250.00, 3548.00, -594.00, 11.75, 56.50, 3.00
10.00, 4, 250.00, 3541.00, -578.00, 19.55, 50.96, 3.00
10.00, 4, 250.00, 3537.00, -561.00, 24.18, 42.94, 3.00
10.00, 4, 250.00, 3537.00, -543.00, 27.57, 33.45, 3.00
10.00, 4, 250.00, 3538.00, -525.00, 28.70, 23.39, 3.00
10.00, 4, 250.00, 3542.00, -509.00, 28.70, 11.41, 3.00
10.00, 4, 250.00, 3549.00, -495.00, 27.80, 1.02, 3.00
10.00, 4, 250.00, 3556.00, -485.00, 25.42, -8.02, 3.00
10.00, 4, 250.00, 3565.00, -475.00, 22.71, -15.71, 3.00
10.00, 4, 250.00, 3574.00, -469.00, 19.21, -22.03, 3.00
10.00, 4, 250.00, 3583.00, -467.00, 15.59, -26.33, 3.00
10.00, 4, 250.00, 3590.00, -467.00, 13.79, -28.14, 3.00
10.00, 4, 250.00, 3597.00, -470.00, 13.45, -28.14, 3.00
10.00, 4, 250.00, 3604.00, -476.00, 13.79, -27.01, 3.00
10.00, 4, 250.00, 3611.00, -484.00, 14.46, -23.95, 3.00
10.00, 4, 250.00, 3617.00, -492.00, 17.29, -19.10, 3.00
10.00, 4, 250.00, 3622.00, -500.00, 21.13, -14.24, 3.00
10.00, 4, 250.00, 3629.00, -506.00, 25.76, -9.38, 3.00
10.00, 4, 250.00, 3636.00, -513.00, 31.19, -5.76, 3.00
10.00, 4, 250.00, 3644.00, -518.00, 36.72, -1.69, 3.00
10.00, 4, 250.00, 3653.00, -523.00, 42.37, 1.58, 3.00
10.00, 4, 250.00, 3663.00, -526.00, 48.36, 3.95, 3.00
10.00, 4, 250.00, 3677.00, -527.00, 53.33, 4.86, 3.00
10.00, 4, 250.00, 3691.00, -528.00, 57.51, 4.86, 3.00
10.00, 4, 250.00, 3708.00, -528.00, 61.81, 3.73, 3.00
10.00, 4, 250.00, 3726.00, -528.00, 64.75, 1.58, 3.00
10.00, 4, 250.00, 3747.00, -528.00, 67.46, -1.02, 3.00
10.00, 4, 250.00, 3767.00, -528.00, 69.49, -4.41, 3.00
10.00, 4, 250.00, 3790.00, -528.00, 70.85, -8.36, 3.00
10.00, 4, 250.00, 3814.00, -528.00, 71.41, -13.11, 3.00
10.00, 4, 250.00, 3841.00, -529.00, 71.41, -18.53, 3.00
10.00, 4, 250.00, 3868.00, -529.00, 70.40, -24.75, 3.00
10.00, 4, 250.00, 3897.00, -532.00, 68.93, -31.07, 3.00
10.00, 4, 250.00, 3924.00, -537.00, 66.10, -37.40, 3.00
10.00, 4, 250.00, 3952.00, -545.00, 62.94, -42.94, 3.00
10.00, 4, 250.00, 3980.00, -555.00, 58.42, -48.36, 3.00
10.00, 4, 250.00, 4009.00, -566.00, 52.54, -52.54, 3.00
10.00, 4, 250.00, 4036.00, -579.00, 44.86, -56.84, 3.00
10.00, 4, 250.00, 4063.00, -595.00, 36.27, -60.56, 3.00
10.00, 4, 250.00, 4088.00, -613.00, 25.88, -64.18, 3.00
10.00, 4, 250.00, 4110.00, -633.00, 14.35, -66.55, 3.00
10.00, 4, 250.00, 4129.00, -653.00, 2.94, -68.47, 3.00
10.00, 4, 250.00, 4145.00, -677.00, -8.25, -70.40, 3.00
10.00, 4, 250.00, 4156.00, -700.00, -17.06, -71.64, 3.00
10.00, 4, 250.00, 4163.00, -724.00, -24.75, -72.20, 3.00
10.00, 4, 250.00, 4166.00, -750.00, -30.96, -72.66, 3.00
10.00, 4, 250.00, 4167.00, -775.00, -34.92, -72.20, 3.00
10.00, 4, 250.00, 4165.00, -802.00, -37.40, -71.19, 3.00
10.00, 4, 250.00, 4159.00, -831.00, -38.98, -69.38, 3.00
10.00, 4, 250.00, 4151.00, -859.00, -38.76, -66.67, 3.00
10.00, 4, 250.00, 4140.00, -889.00, -37.06, -63.05, 3.00
10.00, 4, 250.00, 4128.00, -917.00, -34.24, -57.63, 3.00
10.00, 4, 250.00, 4116.00, -945.00, -30.06, -51.41, 3.00
10.00, 4, 250.00, 4104.00, -971.00, -25.54, -43.73, 3.00
10.00, 4, 250.00, 4092.00, -998.00, -20.68, -35.25, 3.00
10.00, 4, 250.00, 4082.00, -1021.00, -15.59, -25.42, 3.00
10.00, 4, 250.00, 4070.00, -1043.00, -10.85, -14.46, 3.00
10.00, 4, 250.00, 4060.00, -1062.00, -6.10, -4.52, 3.00
10.00, 4, 250.00, 4052.00, -1077.00, -2.03, 4.75, 3.00
10.00, 4, 250.00, 4043.00, -1089.00, 1.24, 12.20, 3.00
10.00, 4, 250.00, 4038.00, -1098.00, 4.18, 18.19, 3.00
10.00, 4, 250.00, 4035.00, -1102.00, 5.99, 22.15, 3.00
10.00, 4, 250.00, 4034.00, -1103.00, 6.67, 24.29, 3.00
10.00, 4, 250.00, 4034.00, -1101.00, 7.01, 25.20, 3.00
10.00, 4, 250.00, 4035.00, -1097.00, 6.78, 24.97, 3.00
10.00, 4, 250.00, 4035.00, -1092.00, 6.55, 23.84, 3.00
10.00, 4, 250.00, 4036.00, -1086.00, 6.21, 22.37, 3.00
10.00, 4, 250.00, 4037.00, -1079.00, 5.99, 20.90, 3.00
10.00, 4, 250.00, 4038.00, -1071.00, 5.76, 19.55, 3.00
10.00, 4, 250.00, 4040.00, -1064.00, 5.65, 18.31, 3.00
10.00, 4, 250.00, 4042.00, -1057.00, 5.76, 17.29, 3.00
10.00, 4, 250.00, 4045.00, -1051.00, 5.88, 16.61, 3.00
10.00, 4, 250.00, 4046.00, -1044.00, 6.10, 16.16, 3.00
10.00, 4, 250.00, 4049.00, -1037.00, 6.44, 16.05, 3.00
10.00, 4, 250.00, 4050.00, -1032.00, 6.67, 16.16, 3.00
10.00, 4, 250.00, 4052.00, -1026.00, 7.46, 16.27, 3.00
10.00, 4, 250.00, 4054.00, -1020.00, 7.91, 16.61, 3.00
10.00, 4, 250.00, 4056.00, -1013.00, 8.47, 16.95, 3.00
10.00, 4, 250.00, 4059.00, -1008.00, 9.04, 17.40, 3.00
10.00, 4, 250.00, 4061.00, -1003.00, 9.72, 17.97, 3.00
10.00, 4, 250.00, 4064.00, -998.00, 10.51, 18.19, 3.00
10.00, 4, 250.00, 4066.00, -991.00, 11.07, 18.53, 3.00
10.00, 4, 250.00, 4068.00, -985.00, 11.64, 19.10, 3.00
10.00, 4, 250.00, 4071.00, -979.00, 12.20, 19.77, 3.00
10.00, 4, 250.00, 4074.00, -973.00, 12.99, 19.89, 3.00
10.00, 4, 250.00, 4077.00, -966.00, 13.79, 20.56, 3.00
10.00, 4, 250.00, 4082.00, -959.00, 14.80, 20.90, 3.00
10.00, 4, 250.00, 4086.00, -953.00, 15.71, 21.36, 3.00
10.00, 4, 250.00, 4090.00, -947.00, 16.61, 21.81, 3.00
10.00, 4, 250.00, 4095.00, -940.00, 17.40, 21.81, 3.00
10.00, 4, 250.00, 4099.00, -933.00, 18.53, 22.03, 3.00
10.00, 4, 250.00, 4104.00, -925.00, 19.10, 22.15, 3.00
10.00, 4, 250.00, 4109.00, -917.00, 20.00, 22.60, 3.00
10.00, 4, 250.00, 4115.00, -910.00, 20.68, 22.49, 3.00
10.00, 4, 250.00, 4121.00, -902.00, 21.36, 22.37, 3.00
10.00, 4, 250.00, 4127.00, -895.00, 22.26, 22.37, 3.00
10.00, 4, 250.00, 4133.00, -887.00, 23.39, 22.03, 3.00
10.00, 4, 250.00, 4140.00, -879.00, 23.62, 22.03, 3.00
10.00, 4, 250.00, 4148.00, -871.00, 24.52, 21.81, 3.00
10.00, 4, 250.00, 4156.00, -862.00, 25.54, 21.58, 3.00
10.00, 4, 250.00, 4163.00, -854.00, 26.10, 21.24, 3.00
10.00, 4, 250.00, 4171.00, -846.00, 26.89, 21.13, 3.00
10.00, 4, 250.00, 4179.00, -839.00, 27.46, 20.68, 3.00
10.00, 4, 250.00, 4188.00, -831.00, 28.02, 20.11, 3.00
10.00, 4, 250.00, 4198.00, -823.00, 28.59, 19.55, 3.00
10.00, 4, 250.00, 4207.00, -814.00, 29.15, 18.53, 3.00
11.00, 4, 250.00, 4217.00, -807.00, 29.83, 17.97, 3.00
10.00, 4, 250.00, 4227.00, -799.00, 30.06, 16.84, 3.00
10.00, 4, 250.00, 4237.00, -792.00, 30.51, 16.27, 3.00
10.00, 4, 250.00, 4248.00, -786.00, 30.73, 15.25, 3.00
10.00, 4, 250.00, 4259.00, -780.00, 30.85, 13.79, 3.00
10.00, 4, 250.00, 4270.00, -774.00, 31.53, 12.88, 3.00
10.00, 4, 250.00, 4281.00, -769.00, 31.41, 11.53, 3.00
10.00, 4, 250.00, 4292.00, -764.00, 31.53, 9.83, 3.00
10.00, 4, 250.00, 4303.00, -760.00, 31.53, 8.25, 3.00
10.00, 4, 250.00, 4315.00, -756.00, 31.86, 6.33, 3.00
10.00, 4, 250.00, 4326.00, -752.00, 31.75, 4.52, 3.00
10.00, 4, 250.00, 4337.00, -750.00, 31.53, 2.71, 3.00
10.00, 4, 250.00, 4349.00, -748.00, 31.30, 0.68, 3.00
10.00, 4, 250.00, 4361.00, -747.00, 31.41, -1.58, 3.00
10.00, 4, 250.00, 4373.00, -746.00, 31.53, -4.41, 3.00
10.00, 4, 250.00, 4384.00, -746.00, 31.75, -6.89, 3.00
10.00, 4, 250.00, 4396.00, -747.00, 31.53, -9.83, 3.00
10.00, 4, 250.00, 4408.00, -747.00, 31.64, -12.88, 3.00
10.00, 4, 250.00, 4420.00, -748.00, 31.98, -15.48, 3.00
10.00, 4, 250.00, 4431.00, -749.00, 32.32, -17.85, 3.00
10.00, 4, 250.00, 4443.00, -752.00, 32.66, -20.90, 3.00
10.00, 4, 250.00, 4454.00, -756.00, 32.77, -23.84, 3.00
10.00, 4, 250.00, 4467.00, -761.00, 32.99, -27.46, 3.00
10.00, 4, 250.00, 4479.00, -767.00, 34.12, -31.30, 3.00
10.00, 4, 250.00, 4491.00, -774.00, 35.03, -35.25, 3.00
10.00, 4, 250.00, 4505.00, -782.00, 36.05, -38.87, 3.00
10.00, 4, 250.00, 4518.00, -792.00, 37.51, -43.05, 3.00
10.00, 4, 250.00, 4532.00, -803.00, 39.55, -47.57, 3.00
10.00, 4, 250.00, 4546.00, -815.00, 41.24, -51.64, 3.00
10.00, 4, 250.00, 4561.00, -831.00, 43.50, -56.05, 3.00
10.00, 4, 250.00, 4576.00, -848.00, 46.21, -60.68, 3.00
10.00, 4, 250.00, 4591.00, -866.00, 49.38, -65.31, 3.00
10.00, 4, 250.00, 4607.00, -886.00, 51.75, -69.38, 3.00
10.00, 4, 250.00, 4625.00, -907.00, 54.92, -73.33, 3.00
10.00, 4, 250.00, 4645.00, -930.00, 58.31, -76.61, 3.00
10.00, 4, 250.00, 4664.00, -955.00, 62.60, -79.66, 3.00
10.00, 4, 250.00, 4685.00, -981.00, 66.33, -82.60, 3.00
10.00, 4, 250.00, 4707.00, -1011.00, 70.28, -85.08, 3.00
10.00, 4, 250.00, 4730.00, -1041.00, 73.90, -87.34, 3.00
10.00, 4, 250.00, 4755.00, -1071.00, 77.63, -89.15, 3.00
10.00, 4, 250.00, 4782.00, -1103.00, 81.24, -90.40, 3.00
10.00, 4, 250.00, 4811.00, -1137.00, 84.52, -91.53, 3.00
10.00, 4, 250.00, 4840.00, -1172.00, 87.46, -92.43, 3.00
10.00, 4, 250.00, 4870.00, -1208.00, 89.94, -93.22, 3.00
10.00, 4, 250.00, 4902.00, -1244.00, 91.98, -93.67, 3.00
10.00, 4, 250.00, 4936.00, -1280.00, 93.67, -94.12, 3.00
10.00, 4, 250.00, 4970.00, -1317.00, 95.03, -94.35, 3.00
10.00, 4, 250.00, 5006.00, -1355.00, 96.16, -94.58, 3.00
10.00, 4, 250.00, 5042.00, -1392.00, 97.06, -94.69, 3.00
10.00, 4, 250.00, 5078.00, -1430.00, 97.63, -94.69, 3.00
10.00, 4, 250.00, 5115.00, -1470.00, 98.08, -94.69, 3.00
10.00, 4, 250.00, 5154.00, -1508.00, 98.42, -94.80, 3.00
10.00, 4, 250.00, 5193.00, -1545.00, 98.76, -94.80, 3.00
10.00, 4, 250.00, 5231.00, -1583.00, 98.87, -94.80, 3.00
10.00, 4, 250.00, 5272.00, -1621.00, 99.10, -94.92, 3.00
10.00, 4, 250.00, 5311.00, -1662.00, 99.21, -95.14, 3.00
10.00, 4, 250.00, 5350.00, -1702.00, 99.21, -95.37, 3.00
10.00, 4, 250.00, 5388.00, -1741.00, 99.21, -95.71, 3.00
10.00, 4, 250.00, 5430.00, -1780.00, 99.32, -96.16, 3.00
10.00, 4, 250.00, 5469.00, -1818.00, 99.21, -96.50, 3.00
10.00, 4, 250.00, 5507.00, -1855.00, 99.21, -96.95, 3.00
10.00, 4, 250.00, 5548.00, -1894.00, 99.21, -97.29, 3.00
10.00, 4, 250.00, 5588.00, -1934.00, 99.10, -97.74, 3.00
10.00, 4, 250.00, 5627.00, -1976.00, 98.98, -98.08, 3.00
10.00, 4, 250.00, 5666.00, -2014.00, 98.87, -98.42, 3.00
10.00, 4, 250.00, 5706.00, -2053.00, 98.76, -98.64, 3.00
10.00, 4, 250.00, 5747.00, -2090.00, 98.53, -98.87, 3.00
10.00, 4, 250.00, 5788.00, -2129.00, 98.42, -98.98, 3.00
10.00, 4, 250.00, 5829.00, -2170.00, 98.19, -99.10, 3.00
10.00, 4, 250.00, 5869.00, -2211.00, 98.08, -99.21, 3.00
10.00, 4, 250.00, 5907.00, -2250.00, 97.97, -99.21, 3.00
10.00, 4, 250.00, 5947.00, -2290.00, 97.97, -99.32, 3.00
10.00, 4, 250.00, 5988.00, -2330.00, 97.97, -99.32, 3.00
10.00, 4, 250.00, 6027.00, -2368.00, 97.97, -99.32, 3.00
10.00, 4, 250.00, 6067.00, -2407.00, 98.08, -99.32, 3.00
10.00, 4, 250.00, 6106.00, -2448.00, 98.19, -99.32, 3.00
10.00, 4, 250.00, 6147.00, -2490.00, 98.31, -99.21, 3.00
10.00, 4, 250.00, 6187.00, -2529.00, 98.42, -99.10, 3.00
10.00, 4, 250.00, 6228.00, -2568.00, 98.53, -98.98, 3.00
10.00, 4, 250.00, 6268.00, -2608.00, 98.64, -98.87, 3.00
10.00, 4, 250.00, 6309.00, -2647.00, 98.76, -98.64, 3.00
10.00, 4, 250.00, 6348.00, -2688.00, 98.87, -98.53, 3.00
10.00, 4, 250.00, 6387.00, -2730.00, 98.87, -98.31, 3.00
10.00, 4, 250.00, 6427.00, -2772.00, 98.87, -98.08, 3.00
10.00, 4, 250.00, 6467.00, -2813.00, 98.87, -97.85, 3.00
10.00, 4, 250.00, 6506.00, -2850.00, 98.76, -97.63, 3.00
10.00, 4, 250.00, 6547.00, -2891.00, 98.64, -97.51, 3.00
10.00, 4, 250.00, 6588.00, -2933.00, 98.53, -97.40, 3.00
10.00, 4, 250.00, 6627.00, -2975.00, 98.42, -97.40, 3.00
10.00, 4, 250.00, 6665.00, -3016.00, 98.19, -97.40, 3.00
10.00, 4, 250.00, 6705.00, -3056.00, 97.97, -97.51, 3.00
10.00, 4, 250.00, 6745.00, -3096.00, 97.63, -97.63, 3.00
10.00, 4, 250.00, 6784.00, -3135.00, 97.40, -97.74, 3.00
10.00, 4, 250.00, 6824.00, -3177.00, 97.06, -97.85, 3.00
10.00, 4, 250.00, 6864.00, -3218.00, 96.72, -97.97, 3.00
10.00, 4, 250.00, 6903.00, -3260.00, 96.50, -98.08, 3.00
10.00, 4, 250.00, 6942.00, -3300.00, 96.38, -98.19, 3.00
10.00, 4, 250.00, 6983.00, -3338.00, 96.16, -98.19, 3.00
10.00, 4, 250.00, 7023.00, -3377.00, 96.27, -98.08, 3.00
10.00, 4, 250.00, 7062.00, -3417.00, 96.38, -98.08, 3.00
10.00, 4, 250.00, 7103.00, -3457.00, 96.50, -97.97, 3.00
10.00, 4, 250.00, 7143.00, -3498.00, 96.72, -97.74, 3.00
10.00, 4, 250.00, 7183.00, -3539.00, 96.95, -97.51, 3.00
10.00, 4, 250.00, 7223.00, -3578.00, 97.06, -97.29, 3.00
10.00, 4, 250.00, 7265.00, -3617.00, 97.29, -97.06, 3.00
10.00, 4, 250.00, 7304.00, -3656.00, 97.51, -96.72, 3.00
10.00, 4, 250.00, 7346.00, -3696.00, 97.63, -96.27, 3.00
10.00, 4, 250.00, 7387.00, -3739.00, 97.63, -95.93, 3.00
10.00, 4, 250.00, 7428.00, -3779.00, 97.74, -95.71, 3.00
10.00, 4, 250.00, 7468.00, -3817.00, 97.63, -95.48, 3.00
10.00, 4, 250.00, 7509.00, -3858.00, 97.63, -95.37, 3.00
10.00, 4, 250.00, 7549.00, -3897.00, 97.51, -95.37, 3.00
10.00, 4, 250.00, 7591.00, -3936.00, 97.29, -95.48, 3.00
10.00, 4, 250.00, 7631.00, -3976.00, 97.06, -95.59, 3.00
10.00, 4, 250.00, 7673.00, -4018.00, 96.84, -95.93, 3.00
10.00, 4, 250.00, 7713.00, -4057.00, 96.61, -96.16, 3.00
10.00, 4, 250.00, 7755.00, -4097.00, 96.27, -96.50, 3.00
10.00, 4, 250.00, 7796.00, -4137.00, 95.93, -96.84, 3.00
10.00, 4, 250.00, 7836.00, -4177.00, 95.71, -97.06, 3.00
10.00, 4, 250.00, 7878.00, -4218.00, 95.48, -97.29, 3.00
10.00, 4, 250.00, 7917.00, -4259.00, 95.37, -97.40, 3.00
10.00, 4, 250.00, 7956.00, -4300.00, 95.37, -97.51, 3.00
10.00, 4, 250.00, 7998.00, -4340.00, 95.37, -97.63, 3.00
10.00, 4, 250.00, 8038.00, -4379.00, 95.59, -97.63, 3.00
10.00, 4, 250.00, 8076.00, -4417.00, 95.82, -97.51, 3.00
10.00, 4, 250.00, 8117.00, -4457.00, 96.16, -97.51, 3.00
10.00, 4, 250.00, 8157.00, -4499.00, 96.50, -97.29, 3.00
10.00, 4, 250.00, 8197.00, -4541.00, 96.84, -97.18, 3.00
10.00, 4, 250.00, 8236.00, -4581.00, 97.06, -96.95, 3.00
10.00, 4, 250.00, 8276.00, -4619.00, 97.29, -96.61, 3.00
10.00, 4, 250.00, 8316.00, -4658.00, 97.51, -96.38, 3.00
10.00, 4, 250.00, 8357.00, -4698.00, 97.63, -96.05, 3.00
10.00, 4, 250.00, 8397.00, -4739.00, 97.74, -95.71, 3.00
10.00, 4, 250.00, 8436.00, -4780.00, 97.74, -95.48, 3.00
10.00, 4, 250.00, 8475.00, -4820.00, 97.74, -95.37, 3.00
10.00, 4, 250.00, 8516.00, -4860.00, 97.74, -95.37, 3.00
10.00, 4, 250.00, 8555.00, -4900.00, 97.63, -95.37, 3.00
10.00, 4, 250.00, 8594.00, -4939.00, 97.51, -95.59, 3.00
10.00, 4, 250.00, 8635.00, -4980.00, 97.29, -95.82, 3.00
10.00, 4, 250.00, 8675.00, -5021.00, 97.06, -96.16, 3.00
10.00, 4, 250.00, 8714.00, -5062.00, 96.84, -96.50, 3.00
10.00, 4, 250.00, 8757.00, -5103.00, 96.50, -96.72, 3.00
10.00, 4, 250.00, 8797.00, -5144.00, 96.27, -97.06, 3.00
10.00, 4, 250.00, 8836.00, -5184.00, 95.93, -97.40, 3.00
10.00, 4, 250.00, 8877.00, -5223.00, 95.71, -97.63, 3.00
10.00, 4, 250.00, 8916.00, -5264.00, 95.59, -97.74, 3.00
10.00, 4, 250.00, 8956.00, -5307.00, 95.59, -97.85, 3.00
10.00, 4, 250.00, 8997.00, -5347.00, 95.59, -97.97, 3.00
10.00, 4, 250.00, 9038.00, -5387.00, 95.82, -97.97, 3.00
10.00, 4, 250.00, 9076.00, -5428.00, 96.05, -97.97, 3.00
10.00, 4, 250.00, 9118.00, -5468.00, 96.27, -97.97, 3.00
10.00, 4, 250.00, 9159.00, -5509.00, 96.61, -97.85, 3.00
10.00, 4, 250.00, 9197.00, -5551.00, 96.95, -97.63, 3.00
10.00, 4, 250.00, 9237.00, -5592.00, 97.18, -97.51, 3.00
10.00, 4, 250.00, 9279.00, -5632.00, 97.40, -97.29, 3.00
10.00, 4, 250.00, 9318.00, -5672.00, 97.63, -96.95, 3.00
10.00, 4, 250.00, 9358.00, -5711.00, 97.85, -96.72, 3.00
10.00, 4, 250.00, 9398.00, -5751.00, 97.97, -96.38, 3.00
10.00, 4, 250.00, 9438.00, -5793.00, 97.97, -96.16, 3.00
10.00, 4, 250.00, 9477.00, -5833.00, 97.97, -95.93, 3.00
10.00, 4, 250.00, 9519.00, -5873.00, 97.97, -95.82, 3.00
10.00, 4, 250.00, 9559.00, -5910.00, 97.97, -95.82, 3.00
10.00, 4, 250.00, 9599.00, -5948.00, 97.85, -95.82, 3.00
10.00, 4, 250.00, 9640.00, -5989.00, 97.74, -95.93, 3.00
10.00, 4, 250.00, 9681.00, -6028.00, 97.51, -96.16, 3.00
10.00, 4, 250.00, 9721.00, -6070.00, 97.29, -96.50, 3.00
10.00, 4, 250.00, 9761.00, -6110.00, 96.95, -96.72, 3.00
10.00, 4, 250.00, 9801.00, -6150.00, 96.72, -97.06, 3.00
10.00, 4, 250.00, 9842.00, -6188.00, 96.38, -97.29, 3.00
10.00, 4, 250.00, 9883.00, -6227.00, 96.16, -97.51, 3.00
10.00, 4, 250.00, 9923.00, -6269.00, 95.93, -97.63, 3.00
10.00, 4, 250.00, 9963.00, -6310.00, 95.82, -97.85, 3.00
10.00, 4, 250.00, 10002.00, -6349.00, 95.82, -97.97, 3.00
10.00, 4, 250.00, 10043.00, -6388.00, 95.82, -97.97, 3.00
10.00, 4, 250.00, 10085.00, -6427.00, 96.05, -97.97, 3.00
10.00, 4, 250.00, 10124.00, -6466.00, 96.27, -97.97, 3.00
10.00, 4, 250.00, 10164.00, -6506.00, 96.50, -97.85, 3.00
10.00, 4, 250.00, 10204.00, -6548.00, 96.84, -97.74, 3.00
10.00, 4, 250.00, 10245.00, -6592.00, 97.06, -97.51, 3.00
10.00, 4, 250.00, 10285.00, -6632.00, 97.40, -97.40, 3.00
10.00, 4, 250.00, 10325.00, -6670.00, 97.51, -97.06, 3.00
10.00, 4, 250.00, 10364.00, -6711.00, 97.74, -96.84, 3.00
10.00, 4, 250.00, 10406.00, -6751.00, 97.85, -96.50, 3.00
10.00, 4, 250.00, 10445.00, -6792.00, 97.97, -96.27, 3.00
10.00, 4, 250.00, 10484.00, -6834.00, 97.97, -96.05, 3.00
10.00, 4, 250.00, 10523.00, -6875.00, 97.97, -95.82, 3.00
10.00, 4, 250.00, 10564.00, -6916.00, 97.97, -95.82, 3.00
10.00, 4, 250.00, 10602.00, -6955.00, 97.85, -95.82, 3.00
10.00, 4, 250.00, 10642.00, -6996.00, 97.74, -95.93, 3.00
10.00, 4, 250.00, 10681.00, -7038.00, 97.51, -96.16, 3.00
10.00, 4, 250.00, 10720.00, -7082.00, 97.29, -96.38, 3.00
10.00, 4, 250.00, 10758.00, -7122.00, 97.06, -96.72, 3.00
10.00, 4, 250.00, 10796.00, -7160.00, 96.72, -97.06, 3.00
10.00, 4, 250.00, 10836.00, -7200.00, 96.38, -97.29, 3.00
10.00, 4, 250.00, 10876.00, -7240.00, 96.16, -97.51, 3.00
10.00, 4, 250.00, 10916.00, -7280.00, 95.82, -97.63, 3.00
10.00, 4, 250.00, 10957.00, -7322.00, 95.71, -97.85, 3.00
10.00, 4, 250.00, 10996.00, -7363.00, 95.59, -97.97, 3.00
10.00, 4, 250.00, 11035.00, -7404.00, 95.71, -97.97, 3.00
10.00, 4, 250.00, 11076.00, -7443.00, 95.71, -97.97, 3.00
10.00, 4, 250.00, 11117.00, -7483.00, 95.93, -97.97, 3.00
10.00, 4, 250.00, 11156.00, -7524.00, 96.27, -97.85, 3.00
10.00, 4, 250.00, 11197.00, -7566.00, 96.50, -97.74, 3.00
10.00, 4, 250.00, 11237.00, -7606.00, 96.84, -97.63, 3.00
10.00, 4, 250.00, 11277.00, -7647.00, 97.18, -97.40, 3.00
10.00, 4, 250.00, 11317.00, -7687.00, 97.40, -97.18, 3.00
10.00, 4, 250.00, 11360.00, -7728.00, 97.63, -96.84, 3.00
10.00, 4, 250.00, 11400.00, -7767.00, 97.74, -96.61, 3.00
10.00, 4, 250.00, 11440.00, -7808.00, 97.85, -96.27, 3.00
10.00, 4, 250.00, 11481.00, -7850.00, 97.97, -96.05, 3.00
10.00, 4, 250.00, 11521.00, -7894.00, 98.08, -95.82, 3.00
10.00, 4, 250.00, 11562.00, -7933.00, 97.97, -95.82, 3.00
10.00, 4, 250.00, 11603.00, -7972.00, 97.97, -95.82, 3.00
10.00, 4, 250.00, 11643.00, -8012.00, 97.85, -95.93, 3.00
10.00, 4, 250.00, 11684.00, -8052.00, 97.74, -96.05, 3.00
10.00, 4, 250.00, 11725.00, -8092.00, 97.51, -96.27, 3.00
10.00, 4, 250.00, 11765.00, -8135.00, 97.29, -96.50, 3.00
10.00, 4, 250.00, 11804.00, -8178.00, 97.06, -96.84, 3.00
10.00, 4, 250.00, 11846.00, -8216.00, 96.72, -97.18, 3.00
10.00, 4, 250.00, 11886.00, -8255.00, 96.38, -97.40, 3.00
10.00, 4, 250.00, 11925.00, -8296.00, 96.16, -97.51, 3.00
10.00, 4, 250.00, 11965.00, -8335.00, 95.93, -97.74, 3.00
10.00, 4, 250.00, 12005.00, -8377.00, 95.82, -97.85, 3.00
10.00, 4, 250.00, 12045.00, -8419.00, 95.71, -97.97, 3.00
10.00, 4, 250.00, 12084.00, -8458.00, 95.82, -97.97, 3.00
10.00, 4, 250.00, 12125.00, -8496.00, 95.93, -97.97, 3.00
10.00, 4, 250.00, 12165.00, -8535.00, 96.16, -97.85, 3.00
10.00, 4, 250.00, 12205.00, -8574.00, 96.50, -97.74, 3.00
10.00, 4, 250.00, 12245.00, -8617.00, 96.72, -97.63, 3.00
10.00, 4, 250.00, 12286.00, -8658.00, 97.06, -97.40, 3.00
10.00, 4, 250.00, 12324.00, -8698.00, 97.29, -97.18, 3.00
10.00, 4, 250.00, 12365.00, -8737.00, 97.51, -96.84, 3.00
10.00, 4, 250.00, 12406.00, -8776.00, 97.74, -96.50, 3.00
10.00, 4, 250.00, 12446.00, -8818.00, 97.85, -96.27, 3.00
10.00, 4, 250.00, 12487.00, -8859.00, 97.97, -95.93, 3.00
10.00, 4, 250.00, 12527.00, -8900.00, 97.97, -95.82, 3.00
10.00, 4, 250.00, 12565.00, -8942.00, 97.97, -95.71, 3.00
10.00, 4, 250.00, 12608.00, -8983.00, 97.97, -95.71, 3.00
10.00, 4, 250.00, 12646.00, -9022.00, 97.85, -95.82, 3.00
10.00, 4, 250.00, 12686.00, -9062.00, 97.74, -95.93, 3.00
10.00, 4, 250.00, 12726.00, -9104.00, 97.51, -96.16, 3.00
10.00, 4, 250.00, 12766.00, -9147.00, 97.29, -96.50, 3.00
10.00, 4, 250.00, 12805.00, -9188.00, 97.06, -96.84, 3.00
10.00, 4, 250.00, 12846.00, -9228.00, 96.72, -97.06, 3.00
10.00, 4, 250.00, 12887.00, -9268.00, 96.50, -97.40, 3.00
10.00, 4, 250.00, 12927.00, -9310.00, 96.16, -97.51, 3.00
10.00, 4, 250.00, 12967.00, -9351.00, 95.93, -97.74, 3.00
10.00, 4, 250.00, 13007.00, -9394.00, 95.82, -97.85, 3.00
10.00, 4, 250.00, 13046.00, -9436.00, 95.71, -97.97, 3.00
10.00, 4, 250.00, 13086.00, -9477.00, 95.71, -97.97, 3.00
10.00, 4, 250.00, 13127.00, -9516.00, 95.82, -97.97, 3.00
10.00, 4, 250.00, 13166.00, -9556.00, 96.05, -97.97, 3.00
10.00, 4, 250.00, 13205.00, -9597.00, 96.27, -97.85, 3.00
10.00, 4, 250.00, 13245.00, -9639.00, 96.50, -97.74, 3.00
10.00, 4, 250.00, 13283.00, -9680.00, 96.84, -97.51, 3.00
10.00, 4, 250.00, 13323.00, -9719.00, 97.06, -97.29, 3.00
10.00, 4, 250.00, 13364.00, -9758.00, 97.40, -96.95, 3.00
10.00, 4, 250.00, 13405.00, -9798.00, 97.51, -96.61, 3.00
10.00, 4, 250.00, 13446.00, -9838.00, 97.74, -96.38, 3.00
10.00, 4, 250.00, 13485.00, -9879.00, 97.85, -96.05, 3.00
10.00, 4, 250.00, 13526.00, -9922.00, 97.97, -95.82, 3.00
10.00, 4, 250.00, 13565.00, -9962.00, 97.97, -95.71, 3.00
10.00, 4, 250.00, 13606.00, -10000.00, 97.97, -95.71, 3.00
10.00, 4, 250.00, 13647.00, -10036.00, 97.97, -95.71, 3.00
10.00, 4, 250.00, 13687.00, -10076.00, 97.85, -95.82, 3.00
10.00, 4, 250.00, 13727.00, -10117.00, 97.63, -96.05, 3.00
10.00, 4, 250.00, 13768.00, -10158.00, 97.51, -96.38, 3.00
10.00, 4, 250.00, 13808.00, -10198.00, 97.29, -96.61, 3.00
10.00, 4, 250.00, 13848.00, -10238.00, 96.95, -96.95, 3.00
10.00, 4, 250.00, 13889.00, -10275.00, 96.61, -97.18, 3.00
10.00, 4, 250.00, 13932.00, -10313.00, 96.38, -97.40, 3.00
10.00, 4, 250.00, 13972.00, -10355.00, 96.16, -97.63, 3.00
10.00, 4, 250.00, 14012.00, -10397.00, 95.93, -97.74, 3.00
10.00, 4, 250.00, 14053.00, -10439.00, 95.82, -97.85, 3.00
10.00, 4, 250.00, 14092.00, -10478.00, 95.82, -97.97, 3.00
10.00, 4, 250.00, 14132.00, -10515.00, 95.82, -97.97, 3.00
10.00, 4, 250.00, 14173.00, -10554.00, 96.05, -97.85, 3.00
10.00, 4, 250.00, 14214.00, -10595.00, 96.27, -97.74, 3.00
10.00, 4, 250.00, 14253.00, -10636.00, 96.50, -97.63, 3.00
10.00, 4, 250.00, 14292.00, -10678.00, 96.72, -97.51, 3.00
10.00, 4, 250.00, 14333.00, -10719.00, 97.06, -97.29, 3.00
10.00, 4, 250.00, 14372.00, -10759.00, 97.29, -97.06, 3.00
10.00, 4, 250.00, 14413.00, -10798.00, 97.51, -96.72, 3.00
10.00, 4, 250.00, 14452.00, -10838.00, 97.74, -96.50, 3.00
10.00, 4, 250.00, 14490.00, -10879.00, 97.85, -96.16, 3.00
10.00, 4, 250.00, 14530.00, -10920.00, 97.97, -95.93, 3.00
10.00, 4, 250.00, 14568.00, -10961.00, 97.97, -95.82, 3.00
10.00, 4, 250.00, 14607.00, -11002.00, 97.97, -95.71, 3.00
10.00, 4, 250.00, 14647.00, -11039.00, 97.97, -95.71, 3.00
10.00, 4, 250.00, 14688.00, -11079.00, 97.85, -95.82, 3.00
10.00, 4, 250.00, 14727.00, -11120.00, 97.74, -96.05, 3.00
10.00, 4, 250.00, 14765.00, -11161.00, 97.51, -96.27, 3.00
10.00, 4, 250.00, 14805.00, -11204.00, 97.29, -96.61, 3.00
10.00, 4, 250.00, 14844.00, -11243.00, 97.06, -96.95, 3.00
10.00, 4, 250.00, 14882.00, -11282.00, 96.72, -97.18, 3.00
10.00, 4, 250.00, 14924.00, -11322.00, 96.38, -97.40, 3.00
10.00, 4, 250.00, 14963.00, -11363.00, 96.16, -97.63, 3.00
10.00, 4, 250.00, 15003.00, -11403.00, 95.93, -97.74, 3.00
10.00, 4, 250.00, 15042.00, -11444.00, 95.71, -97.97, 3.00
10.00, 4, 250.00, 15083.00, -11485.00, 95.59, -97.97, 3.00
10.00, 4, 250.00, 15121.00, -11527.00, 95.59, -97.97, 3.00
10.00, 4, 250.00, 15163.00, -11566.00, 95.71, -97.97, 3.00
10.00, 4, 250.00, 15204.00, -11605.00, 95.93, -97.97, 3.00
10.00, 4, 250.00, 15244.00, -11647.00, 96.27, -97.85, 3.00
10.00, 4, 250.00, 15283.00, -11689.00, 96.50, -97.63, 3.00
10.00, 4, 250.00, 15324.00, -11730.00, 96.84, -97.51, 3.00
10.00, 4, 250.00, 15364.00, -11771.00, 97.18, -97.29, 3.00
10.00, 4, 250.00, 15404.00, -11811.00, 97.40, -96.95, 3.00
10.00, 4, 250.00, 15447.00, -11850.00, 97.63, -96.72, 3.00
10.00, 4, 250.00, 15486.00, -11890.00, 97.74, -96.38, 3.00
10.00, 4, 250.00, 15526.00, -11933.00, 97.97, -96.05, 3.00
10.00, 4, 250.00, 15567.00, -11973.00, 97.97, -95.93, 3.00
10.00, 4, 250.00, 15607.00, -12015.00, 98.08, -95.82, 3.00
10.00, 4, 250.00, 15647.00, -12057.00, 98.08, -95.82, 3.00
10.00, 4, 250.00, 15687.00, -12092.00, 97.97, -95.93, 3.00
10.00, 4, 250.00, 15727.00, -12132.00, 97.85, -96.05, 3.00
10.00, 4, 250.00, 15765.00, -12172.00, 97.74, -96.27, 3.00
10.00, 4, 250.00, 15807.00, -12212.00, 97.51, -96.50, 3.00
10.00, 4, 250.00, 15847.00, -12252.00, 97.29, -96.72, 3.00
10.00, 4, 250.00, 15886.00, -12294.00, 97.06, -97.06, 3.00
10.00, 4, 250.00, 15927.00, -12331.00, 96.72, -97.29, 3.00
10.00, 4, 250.00, 15969.00, -12370.00, 96.38, -97.51, 3.00
10.00, 4, 250.00, 16009.00, -12411.00, 96.16, -97.63, 3.00
10.00, 4, 250.00, 16048.00, -12450.00, 96.05, -97.85, 3.00
10.00, 4, 250.00, 16088.00, -12492.00, 95.82, -97.85, 3.00
10.00, 4, 250.00, 16128.00, -12533.00, 95.71, -97.97, 3.00
10.00, 4, 250.00, 16168.00, -12571.00, 95.82, -97.97, 3.00
10.00, 4, 250.00, 16209.00, -12608.00, 95.93, -97.97, 3.00
10.00, 4, 250.00, 16251.00, -12650.00, 96.16, -97.74, 3.00
10.00, 4, 250.00, 16292.00, -12689.00, 96.50, -97.63, 3.00
10.00, 4, 250.00, 16330.00, -12731.00, 96.72, -97.51, 3.00
10.00, 4, 250.00, 16372.00, -12774.00, 97.06, -97.29, 3.00
10.00, 4, 250.00, 16411.00, -12814.00, 97.29, -96.95, 3.00
10.00, 4, 250.00, 16453.00, -12850.00, 97.51, -96.72, 3.00
10.00, 4, 250.00, 16494.00, -12890.00, 97.74, -96.38, 3.00
10.00, 4, 250.00, 16533.00, -12932.00, 97.85, -96.05, 3.00
10.00, 4, 250.00, 16574.00, -12975.00, 97.97, -95.93, 3.00
10.00, 4, 250.00, 16613.00, -13015.00, 97.97, -95.82, 3.00
10.00, 4, 250.00, 16652.00, -13057.00, 97.97, -95.71, 3.00
10.00, 4, 250.00, 16693.00, -13095.00, 97.97, -95.82, 3.00
10.00, 4, 250.00, 16735.00, -13134.00, 97.85, -95.93, 3.00
10.00, 4, 250.00, 16774.00, -13176.00, 97.74, -96.05, 3.00
10.00, 4, 250.00, 16814.00, -13218.00, 97.63, -96.38, 3.00
10.00, 4, 250.00, 16853.00, -13259.00, 97.40, -96.72, 3.00
10.00, 4, 250.00, 16891.00, -13302.00, 97.06, -96.95, 3.00
10.00, 4, 250.00, 16931.00, -13341.00, 96.84, -97.29, 3.00
10.00, 4, 250.00, 16973.00, -13379.00, 96.50, -97.51, 3.00
10.00, 4, 250.00, 17010.00, -13419.00, 96.27, -97.63, 3.00
10.00, 4, 250.00, 17050.00, -13460.00, 95.93, -97.85, 3.00
10.00, 4, 250.00, 17090.00, -13501.00, 95.71, -97.97, 3.00
10.00, 4, 250.00, 17129.00, -13540.00, 95.71, -97.97, 3.00
10.00, 4, 250.00, 17168.00, -13581.00, 95.59, -97.97, 3.00
10.00, 4, 250.00, 17208.00, -13621.00, 95.71, -97.97, 3.00
10.00, 4, 250.00, 17249.00, -13660.00, 95.93, -97.85, 3.00
10.00, 4, 250.00, 17289.00, -13700.00, 96.16, -97.74, 3.00
10.00, 4, 250.00, 17327.00, -13742.00, 96.50, -97.63, 3.00
10.00, 4, 250.00, 17368.00, -13781.00, 96.72, -97.40, 3.00
10.00, 4, 250.00, 17407.00, -13821.00, 97.06, -97.18, 3.00
10.00, 4, 250.00, 17447.00, -13859.00, 97.29, -96.84, 3.00
10.00, 4, 250.00, 17489.00, -13898.00, 97.51, -96.50, 3.00
10.00, 4, 250.00, 17531.00, -13939.00, 97.74, -96.27, 3.00
10.00, 4, 250.00, 17570.00, -13979.00, 97.85, -95.93, 3.00
10.00, 4, 250.00, 17610.00, -14020.00, 97.97, -95.71, 3.00
10.00, 4, 250.00, 17651.00, -14061.00, 97.97, -95.71, 3.00
10.00, 4, 250.00, 17691.00, -14098.00, 97.97, -95.71, 3.00
10.00, 4, 250.00, 17734.00, -14135.00, 97.97, -95.82, 3.00
10.00, 4, 250.00, 17775.00, -14175.00, 97.85, -95.82, 3.00
10.00, 4, 250.00, 17815.00, -14216.00, 97.74, -96.16, 3.00
10.00, 4, 250.00, 17856.00, -14258.00, 97.51, -96.50, 3.00
10.00, 4, 250.00, 17896.00, -14297.00, 97.29, -96.72, 3.00
10.00, 4, 250.00, 17935.00, -14337.00, 97.06, -97.06, 3.00
10.00, 4, 250.00, 17977.00, -14374.00, 96.72, -97.29, 3.00
10.00, 4, 250.00, 18019.00, -14412.00, 96.38, -97.51, 3.00
10.00, 4, 250.00, 18060.00, -14454.00, 96.16, -97.63, 3.00
10.00, 4, 250.00, 18099.00, -14495.00, 95.93, -97.85, 3.00
10.00, 4, 250.00, 18139.00, -14536.00, 95.82, -97.97, 3.00
10.00, 4, 250.00, 18179.00, -14576.00, 95.82, -97.97, 3.00
10.00, 4, 250.00, 18218.00, -14614.00, 95.82, -97.97, 3.00
10.00, 4, 250.00, 18259.00, -14652.00, 95.93, -97.97, 3.00
10.00, 4, 250.00, 18299.00, -14693.00, 96.16, -97.85, 3.00
10.00, 4, 250.00, 18338.00, -14733.00, 96.50, -97.63, 3.00
10.00, 4, 250.00, 18377.00, -14773.00, 96.72, -97.51, 3.00
10.00, 4, 250.00, 18417.00, -14813.00, 96.95, -97.29, 3.00
10.00, 4, 250.00, 18457.00, -14853.00, 97.29, -97.06, 3.00
10.00, 4, 250.00, 18498.00, -14891.00, 97.51, -96.72, 3.00
10.00, 4, 250.00, 18538.00, -14931.00, 97.63, -96.38, 3.00
10.00, 4, 250.00, 18577.00, -14971.00, 97.85, -96.16, 3.00
10.00, 4, 250.00, 18617.00, -15012.00, 97.97, -95.93, 3.00
10.00, 4, 250.00, 18657.00, -15053.00, 97.97, -95.71, 3.00
10.00, 4, 250.00, 18696.00, -15095.00, 97.97, -95.71, 3.00
10.00, 4, 250.00, 18735.00, -15134.00, 97.97, -95.71, 3.00
10.00, 4, 250.00, 18777.00, -15172.00, 97.85, -95.93, 3.00
10.00, 4, 250.00, 18817.00, -15213.00, 97.74, -96.05, 3.00
10.00, 4, 250.00, 18855.00, -15254.00, 97.51, -96.38, 3.00
10.00, 4, 250.00, 18895.00, -15296.00, 97.29, -96.61, 3.00
10.00, 4, 250.00, 18934.00, -15337.00, 97.06, -96.95, 3.00
10.00, 4, 250.00, 18974.00, -15377.00, 96.72, -97.29, 3.00
10.00, 4, 250.00, 19014.00, -15416.00, 96.50, -97.51, 3.00
10.00, 4, 250.00, 19055.00, -15457.00, 96.16, -97.63, 3.00
10.00, 4, 250.00, 19095.00, -15498.00, 95.93, -97.85, 3.00
10.00, 4, 250.00, 19134.00, -15539.00, 95.71, -97.97, 3.00
10.00, 4, 250.00, 19175.00, -15581.00, 95.71, -98.08, 3.00
10.00, 4, 250.00, 19215.00, -15624.00, 95.71, -98.08, 3.00
10.00, 4, 250.00, 19255.00, -15663.00, 95.82, -98.08, 3.00
10.00, 4, 250.00, 19296.00, -15702.00, 96.05, -97.97, 3.00
10.00, 4, 250.00, 19336.00, -15743.00, 96.27, -97.85, 3.00
10.00, 4, 250.00, 19376.00, -15785.00, 96.50, -97.74, 3.00
10.00, 4, 250.00, 19415.00, -15826.00, 96.84, -97.51, 3.00
10.00, 4, 250.00, 19454.00, -15867.00, 97.06, -97.29, 3.00
10.00, 4, 250.00, 19493.00, -15907.00, 97.29, -96.95, 3.00
10.00, 4, 250.00, 19535.00, -15945.00, 97.51, -96.72, 3.00
10.00, 4, 250.00, 19574.00, -15985.00, 97.74, -96.38, 3.00
10.00, 4, 250.00, 19615.00, -16027.00, 97.85, -96.16, 3.00
10.00, 4, 250.00, 19655.00, -16066.00, 97.97, -95.93, 3.00
10.00, 4, 250.00, 19695.00, -16107.00, 97.97, -95.82, 3.00
10.00, 4, 250.00, 19734.00, -16148.00, 97.97, -95.82, 3.00
10.00, 4, 250.00, 19776.00, -16183.00, 97.97, -95.82, 3.00
10.00, 4, 250.00, 19816.00, -16222.00, 97.85, -95.93, 3.00
10.00, 4, 250.00, 19854.00, -16263.00, 97.74, -96.16, 3.00
10.00, 4, 250.00, 19896.00, -16304.00, 97.51, -96.50, 3.00
10.00, 4, 250.00, 19937.00, -16343.00, 97.29, -96.72, 3.00
10.00, 4, 250.00, 19976.00, -16386.00, 97.06, -97.06, 3.00
10.00, 4, 250.00, 20017.00, -16422.00, 96.72, -97.29, 3.00
10.00, 4, 250.00, 20060.00, -16461.00, 96.38, -97.51, 3.00
10.00, 4, 250.00, 20101.00, -16502.00, 96.16, -97.63, 3.00
10.00, 4, 250.00, 20140.00, -16542.00, 96.05, -97.85, 3.00
10.00, 4, 250.00, 20182.00, -16584.00, 95.82, -97.85, 3.00
10.00, 4, 250.00, 20222.00, -16627.00, 95.82, -97.97, 3.00
10.00, 4, 250.00, 20262.00, -16665.00, 95.82, -97.97, 3.00
10.00, 4, 250.00, 20303.00, -16701.00, 95.93, -97.97, 3.00
10.00, 4, 250.00, 20345.00, -16744.00, 96.16, -97.85, 3.00
10.00, 4, 250.00, 20385.00, -16784.00, 96.50, -97.63, 3.00
10.00, 4, 250.00, 20424.00, -16826.00, 96.72, -97.51, 3.00
10.00, 4, 250.00, 20465.00, -16868.00, 97.06, -97.29, 3.00
10.00, 4, 250.00, 20504.00, -16909.00, 97.29, -97.06, 3.00
10.00, 4, 250.00, 20547.00, -16945.00, 97.51, -96.72, 3.00
10.00, 4, 250.00, 20588.00, -16987.00, 97.74, -96.38, 3.00
10.00, 4, 250.00, 20627.00, -17030.00, 97.85, -96.16, 3.00
10.00, 4, 250.00, 20668.00, -17072.00, 97.97, -95.93, 3.00
10.00, 4, 250.00, 20706.00, -17113.00, 97.97, -95.82, 3.00
10.00, 4, 250.00, 20745.00, -17156.00, 97.97, -95.82, 3.00
10.00, 4, 250.00, 20785.00, -17193.00, 97.97, -95.82, 3.00
10.00, 4, 250.00, 20825.00, -17232.00, 97.85, -96.05, 3.00
10.00, 4, 250.00, 20862.00, -17274.00, 97.74, -96.16, 3.00
10.00, 4, 250.00, 20902.00, -17315.00, 97.51, -96.38, 3.00
10.00, 4, 250.00, 20942.00, -17355.00, 97.29, -96.72, 3.00
10.00, 4, 250.00, 20979.00, -17397.00, 97.06, -96.95, 3.00
10.00, 4, 250.00, 21019.00, -17437.00, 96.72, -97.29, 3.00
10.00, 4, 250.00, 21062.00, -17476.00, 96.38, -97.51, 3.00
10.00, 4, 250.00, 21102.00, -17518.00, 96.16, -97.63, 3.00
10.00, 4, 250.00, 21140.00, -17560.00, 95.93, -97.85, 3.00
10.00, 4, 250.00, 21180.00, -17601.00, 95.71, -97.97, 3.00
10.00, 4, 250.00, 21220.00, -17640.00, 95.59, -97.97, 3.00
10.00, 4, 250.00, 21258.00, -17681.00, 95.59, -97.97, 3.00
10.00, 4, 250.00, 21298.00, -17721.00, 95.71, -97.97, 3.00
10.00, 4, 250.00, 21340.00, -17760.00, 95.93, -97.85, 3.00
10.00, 4, 250.00, 21380.00, -17801.00, 96.16, -97.74, 3.00
10.00, 4, 250.00, 21419.00, -17842.00, 96.50, -97.51, 3.00
10.00, 4, 250.00, 21459.00, -17882.00, 96.72, -97.29, 3.00
10.00, 4, 250.00, 21499.00, -17923.00, 97.06, -97.06, 3.00
10.00, 4, 250.00, 21540.00, -17962.00, 97.29, -96.72, 3.00
10.00, 4, 250.00, 21582.00, -18002.00, 97.51, -96.50, 3.00
10.00, 4, 250.00, 21624.00, -18042.00, 97.74, -96.16, 3.00
10.00, 4, 250.00, 21664.00, -18084.00, 97.85, -95.93, 3.00
10.00, 4, 250.00, 21703.00, -18124.00, 97.97, -95.82, 3.00
10.00, 4, 250.00, 21743.00, -18165.00, 97.97, -95.71, 3.00
10.00, 4, 250.00, 21783.00, -18204.00, 97.97, -95.71, 3.00
10.00, 4, 250.00, 21826.00, -18240.00, 97.97, -95.82, 3.00
10.00, 4, 250.00, 21867.00, -18282.00, 97.85, -95.93, 3.00
10.00, 4, 250.00, 21906.00, -18323.00, 97.74, -96.27, 3.00
10.00, 4, 250.00, 21947.00, -18363.00, 97.51, -96.50, 3.00
10.00, 4, 250.00, 21987.00, -18404.00, 97.29, -96.84, 3.00
10.00, 4, 250.00, 22025.00, -18444.00, 97.06, -97.18, 3.00
10.00, 4, 250.00, 22066.00, -18481.00, 96.72, -97.40, 3.00
10.00, 4, 250.00, 22107.00, -18521.00, 96.38, -97.51, 3.00
10.00, 4, 250.00, 22147.00, -18561.00, 96.16, -97.74, 3.00
10.00, 4, 250.00, 22187.00, -18600.00, 95.93, -97.85, 3.00
10.00, 4, 250.00, 22227.00, -18641.00, 95.82, -97.85, 3.00
10.00, 4, 250.00, 22267.00, -18682.00, 95.71, -97.97, 3.00
10.00, 4, 250.00, 22306.00, -18718.00, 95.82, -97.97, 3.00
10.00, 4, 250.00, 22348.00, -18756.00, 95.93, -97.85, 3.00
10.00, 4, 250.00, 22388.00, -18798.00, 96.16, -97.74, 3.00
10.00, 4, 250.00, 22426.00, -18841.00, 96.50, -97.63, 3.00
10.00, 4, 250.00, 22466.00, -18881.00, 96.72, -97.40, 3.00
10.00, 4, 250.00, 22508.00, -18922.00, 96.95, -97.18, 3.00
10.00, 4, 250.00, 22546.00, -18962.00, 97.29, -96.84, 3.00
10.00, 4, 250.00, 22587.00, -19000.00, 97.51, -96.61, 3.00
10.00, 4, 250.00, 22628.00, -19039.00, 97.63, -96.27, 3.00
10.00, 4, 250.00, 22667.00, -19081.00, 97.85, -96.05, 3.00
10.00, 4, 250.00, 22706.00, -19122.00, 97.97, -95.82, 3.00
10.00, 4, 250.00, 22746.00, -19163.00, 97.97, -95.71, 3.00
10.00, 4, 250.00, 22786.00, -19206.00, 97.97, -95.71, 3.00
10.00, 4, 250.00, 22825.00, -19243.00, 97.97, -95.82, 3.00
10.00, 4, 250.00, 22866.00, -19283.00, 97.85, -95.93, 3.00
10.00, 4, 250.00, 22906.00, -19325.00, 97.74, -96.16, 3.00
10.00, 4, 250.00, 22946.00, -19367.00, 97.63, -96.50, 3.00
10.00, 4, 250.00, 22985.00, -19408.00, 97.40, -96.84, 3.00
10.00, 4, 250.00, 23024.00, -19451.00, 97.06, -97.06, 3.00
10.00, 4, 250.00, 23064.00, -19490.00, 96.84, -97.40, 3.00
10.00, 4, 250.00, 23105.00, -19530.00, 96.50, -97.63, 3.00
10.00, 4, 250.00, 23144.00, -19572.00, 96.16, -97.74, 3.00
10.00, 4, 250.00, 23184.00, -19614.00, 95.93, -97.85, 3.00
10.00, 4, 250.00, 23224.00, -19654.00, 95.71, -97.97, 3.00
10.00, 4, 250.00, 23263.00, -19697.00, 95.71, -98.08, 3.00
10.00, 4, 250.00, 23301.00, -19738.00, 95.71, -98.08, 3.00
10.00, 4, 250.00, 23342.00, -19776.00, 95.71, -97.97, 3.00
10.00, 4, 250.00, 23381.00, -19816.00, 95.93, -97.85, 3.00
10.00, 4, 250.00, 23420.00, -19857.00, 96.16, -97.74, 3.00
10.00, 4, 250.00, 23460.00, -19899.00, 96.50, -97.51, 3.00
10.00, 4, 250.00, 23500.00, -19939.00, 96.72, -97.29, 3.00
10.00, 4, 250.00, 23538.00, -19979.00, 97.06, -97.06, 3.00
10.00, 4, 250.00, 23579.00, -20017.00, 97.29, -96.72, 3.00
10.00, 4, 250.00, 23620.00, -20057.00, 97.51, -96.50, 3.00
10.00, 4, 250.00, 23660.00, -20099.00, 97.74, -96.16, 3.00
10.00, 4, 250.00, 23699.00, -20140.00, 97.85, -95.93, 3.00
10.00, 4, 250.00, 23740.00, -20181.00, 97.97, -95.82, 3.00
10.00, 4, 250.00, 23780.00, -20220.00, 97.97, -95.82, 3.00
10.00, 4, 250.00, 23819.00, -20260.00, 97.97, -95.82, 3.00
10.00, 4, 250.00, 23861.00, -20297.00, 97.97, -95.93, 3.00
10.00, 4, 250.00, 23903.00, -20338.00, 97.85, -96.05, 3.00
10.00, 4, 250.00, 23942.00, -20380.00, 97.74, -96.38, 3.00
10.00, 4, 250.00, 23982.00, -20421.00, 97.63, -96.61, 3.00
10.00, 4, 250.00, 24025.00, -20462.00, 97.29, -96.95, 3.00
10.00, 4, 250.00, 24065.00, -20505.00, 97.06, -97.18, 3.00
10.00, 4, 250.00, 24104.00, -20541.00, 96.84, -97.51, 3.00
10.00, 4, 250.00, 24148.00, -20580.00, 96.50, -97.63, 3.00
10.00, 4, 250.00, 24189.00, -20622.00, 96.27, -97.74, 3.00
10.00, 4, 250.00, 24228.00, -20663.00, 96.05, -97.85, 3.00
10.00, 4, 250.00, 24268.00, -20705.00, 95.82, -97.97, 3.00
10.00, 4, 250.00, 24309.00, -20747.00, 95.82, -97.97, 3.00
10.00, 4, 250.00, 24349.00, -20784.00, 95.82, -97.97, 3.00
10.00, 4, 250.00, 24391.00, -20822.00, 95.93, -97.85, 3.00
10.00, 4, 250.00, 24432.00, -20866.00, 96.16, -97.74, 3.00
10.00, 4, 250.00, 24471.00, -20909.00, 96.50, -97.51, 3.00
10.00, 4, 250.00, 24510.00, -20949.00, 96.72, -97.40, 3.00
10.00, 4, 250.00, 24551.00, -20991.00, 97.06, -97.06, 3.00
10.00, 4, 250.00, 24589.00, -21030.00, 97.29, -96.84, 3.00
10.00, 4, 250.00, 24630.00, -21064.00, 97.51, -96.50, 3.00
10.00, 4, 250.00, 24669.00, -21108.00, 97.63, -96.16, 3.00
10.00, 4, 250.00, 24709.00, -21150.00, 97.85, -95.93, 3.00
10.00, 4, 250.00, 24749.00, -21191.00, 97.97, -95.82, 3.00
10.00, 4, 250.00, 24788.00, -21232.00, 97.97, -95.71, 3.00
10.00, 4, 250.00, 24827.00, -21271.00, 97.97, -95.71, 3.00
10.00, 4, 250.00, 24867.00, -21309.00, 97.97, -95.82, 3.00
10.00, 4, 250.00, 24909.00, -21350.00, 97.85, -96.05, 3.00
10.00, 4, 250.00, 24947.00, -21393.00, 97.74, -96.27, 3.00
10.00, 4, 250.00, 24986.00, -21434.00, 97.63, -96.61, 3.00
10.00, 4, 250.00, 25026.00, -21474.00, 97.40, -96.95, 3.00
10.00, 4, 250.00, 25065.00, -21515.00, 97.06, -97.18, 3.00
10.00, 4, 250.00, 25103.00, -21555.00, 96.84, -97.40, 3.00
10.00, 4, 250.00, 25146.00, -21593.00, 96.50, -97.63, 3.00
10.00, 4, 250.00, 25187.00, -21635.00, 96.27, -97.74, 3.00
10.00, 4, 250.00, 25225.00, -21677.00, 96.05, -97.85, 3.00
10.00, 4, 250.00, 25266.00, -21718.00, 95.82, -97.97, 3.00
10.00, 4, 250.00, 25307.00, -21757.00, 95.71, -97.97, 3.00
10.00, 4, 250.00, 25346.00, -21799.00, 95.71, -97.97, 3.00
10.00, 4, 250.00, 25387.00, -21839.00, 95.82, -97.85, 3.00
10.00, 4, 250.00, 25428.00, -21878.00, 95.93, -97.74, 3.00
10.00, 4, 250.00, 25468.00, -21920.00, 96.27, -97.63, 3.00
10.00, 4, 250.00, 25507.00, -21961.00, 96.50, -97.40, 3.00
10.00, 4, 250.00, 25548.00, -22000.00, 96.84, -97.18, 3.00
10.00, 4, 250.00, 25588.00, -22041.00, 97.06, -96.84, 3.00
10.00, 4, 250.00, 25628.00, -22080.00, 97.29, -96.61, 3.00
10.00, 4, 250.00, 25671.00, -22119.00, 97.51, -96.27, 3.00
10.00, 4, 250.00, 25712.00, -22161.00, 97.74, -96.05, 3.00
10.00, 4, 250.00, 25751.00, -22203.00, 97.85, -95.82, 3.00
10.00, 4, 250.00, 25790.00, -22243.00, 97.97, -95.71, 3.00
10.00, 4, 250.00, 25830.00, -22283.00, 97.97, -95.71, 3.00
10.00, 4, 250.00, 25869.00, -22320.00, 97.97, -95.82, 3.00
10.00, 4, 250.00, 25912.00, -22357.00, 97.97, -95.93, 3.00
10.00, 4, 250.00, 25952.00, -22397.00, 97.85, -96.16, 3.00
10.00, 4, 250.00, 25990.00, -22438.00, 97.74, -96.38, 3.00
10.00, 4, 250.00, 26031.00, -22478.00, 97.51, -96.72, 3.00
10.00, 4, 250.00, 26071.00, -22519.00, 97.29, -97.06, 3.00
10.00, 4, 250.00, 26111.00, -22557.00, 97.06, -97.29, 3.00
10.00, 4, 250.00, 26151.00, -22593.00, 96.72, -97.51, 3.00
10.00, 4, 250.00, 26194.00, -22634.00, 96.38, -97.63, 3.00
10.00, 4, 250.00, 26234.00, -22676.00, 96.16, -97.74, 3.00
10.00, 4, 250.00, 26274.00, -22717.00, 95.93, -97.85, 3.00
10.00, 4, 250.00, 26315.00, -22757.00, 95.82, -97.97, 3.00
10.00, 4, 250.00, 26355.00, -22797.00, 95.71, -97.97, 3.00
10.00, 4, 250.00, 26393.00, -22834.00, 95.82, -97.97, 3.00
10.00, 4, 250.00, 26434.00, -22870.00, 95.93, -97.85, 3.00
10.00, 4, 250.00, 26476.00, -22911.00, 96.16, -97.63, 3.00
10.00, 4, 250.00, 26514.00, -22955.00, 96.38, -97.40, 3.00
10.00, 4, 250.00, 26554.00, -22994.00, 96.72, -97.29, 3.00
10.00, 4, 250.00, 26595.00, -23035.00, 96.95, -96.95, 3.00
10.00, 4, 250.00, 26634.00, -23075.00, 97.18, -96.72, 3.00
10.00, 4, 250.00, 26676.00, -23112.00, 97.51, -96.38, 3.00
10.00, 4, 250.00, 26717.00, -23153.00, 97.63, -96.16, 3.00
10.00, 4, 250.00, 26756.00, -23194.00, 97.85, -95.93, 3.00
10.00, 4, 250.00, 26795.00, -23237.00, 97.97, -95.71, 3.00
10.00, 4, 250.00, 26835.00, -23279.00, 97.97, -95.71, 3.00
10.00, 4, 250.00, 26875.00, -23319.00, 97.97, -95.82, 3.00
10.00, 4, 250.00, 26915.00, -23355.00, 97.97, -95.93, 3.00
10.00, 4, 250.00, 26957.00, -23396.00, 97.85, -96.05, 3.00
10.00, 4, 250.00, 26997.00, -23439.00, 97.74, -96.27, 3.00
10.00, 4, 250.00, 27035.00, -23481.00, 97.63, -96.61, 3.00
10.00, 4, 250.00, 27074.00, -23522.00, 97.40, -96.95, 3.00
10.00, 4, 250.00, 27113.00, -23563.00, 97.06, -97.29, 3.00
10.00, 4, 250.00, 27150.00, -23601.00, 96.84, -97.51, 3.00
10.00, 4, 250.00, 27191.00, -23639.00, 96.50, -97.74, 3.00
10.00, 4, 250.00, 27230.00, -23680.00, 96.16, -97.85, 3.00
10.00, 4, 250.00, 27268.00, -23722.00, 95.93, -97.97, 3.00
10.00, 4, 250.00, 27309.00, -23762.00, 95.71, -97.97, 3.00
10.00, 4, 250.00, 27349.00, -23802.00, 95.59, -98.08, 3.00
10.00, 4, 250.00, 27388.00, -23841.00, 95.59, -97.97, 3.00
10.00, 4, 250.00, 27427.00, -23881.00, 95.71, -97.97, 3.00
10.00, 4, 250.00, 27470.00, -23921.00, 95.82, -97.85, 3.00
10.00, 4, 250.00, 27509.00, -23962.00, 96.16, -97.63, 3.00
10.00, 4, 250.00, 27548.00, -24003.00, 96.50, -97.51, 3.00
10.00, 4, 250.00, 27588.00, -24042.00, 96.72, -97.18, 3.00
10.00, 4, 250.00, 27628.00, -24082.00, 97.06, -96.95, 3.00
10.00, 4, 250.00, 27668.00, -24121.00, 97.29, -96.61, 3.00
10.00, 4, 250.00, 27711.00, -24160.00, 97.51, -96.38, 3.00
10.00, 4, 250.00, 27752.00, -24203.00, 97.74, -96.05, 3.00
10.00, 4, 250.00, 27792.00, -24245.00, 97.85, -95.82, 3.00
10.00, 4, 250.00, 27834.00, -24286.00, 97.97, -95.82, 3.00
10.00, 4, 250.00, 27874.00, -24326.00, 98.08, -95.82, 3.00
10.00, 4, 250.00, 27913.00, -24365.00, 98.08, -95.82, 3.00
10.00, 4, 250.00, 27955.00, -24402.00, 97.97, -96.05, 3.00
10.00, 4, 250.00, 27997.00, -24441.00, 97.85, -96.16, 3.00
10.00, 4, 250.00, 28036.00, -24483.00, 97.74, -96.50, 3.00
10.00, 4, 250.00, 28077.00, -24524.00, 97.63, -96.72, 3.00
10.00, 4, 250.00, 28119.00, -24566.00, 97.40, -97.06, 3.00
10.00, 4, 250.00, 28160.00, -24606.00, 97.06, -97.40, 3.00
10.00, 4, 250.00, 28200.00, -24644.00, 96.84, -97.51, 3.00
10.00, 4, 250.00, 28244.00, -24685.00, 96.50, -97.74, 3.00
10.00, 4, 250.00, 28284.00, -24726.00, 96.27, -97.85, 3.00
10.00, 4, 250.00, 28324.00, -24767.00, 96.05, -97.97, 3.00
10.00, 4, 250.00, 28363.00, -24808.00, 95.93, -97.97, 3.00
10.00, 4, 250.00, 28403.00, -24849.00, 95.82, -97.97, 3.00
10.00, 4, 250.00, 28442.00, -24885.00, 95.82, -97.97, 3.00
10.00, 4, 250.00, 28484.00, -24922.00, 95.93, -97.85, 3.00
10.00, 4, 250.00, 28524.00, -24963.00, 96.16, -97.63, 3.00
10.00, 4, 250.00, 28562.00, -25006.00, 96.50, -97.51, 3.00
10.00, 4, 250.00, 28603.00, -25046.00, 96.72, -97.29, 3.00
10.00, 4, 250.00, 28644.00, -25087.00, 96.95, -97.06, 3.00
10.00, 4, 250.00, 28684.00, -25125.00, 97.29, -96.72, 3.00
10.00, 4, 250.00, 28725.00, -25162.00, 97.51, -96.38, 3.00
10.00, 4, 250.00, 28767.00, -25205.00, 97.63, -96.05, 3.00
10.00, 4, 250.00, 28807.00, -25246.00, 97.85, -95.93, 3.00
10.00, 4, 250.00, 28846.00, -25287.00, 97.97, -95.71, 3.00
10.00, 4, 250.00, 28885.00, -25327.00, 97.97, -95.71, 3.00
10.00, 4, 250.00, 28924.00, -25368.00, 97.97, -95.71, 3.00
10.00, 4, 250.00, 28965.00, -25406.00, 97.97, -95.93, 3.00
10.00, 4, 250.00, 29008.00, -25445.00, 97.85, -96.05, 3.00
10.00, 4, 250.00, 29047.00, -25487.00, 97.74, -96.27, 3.00
10.00, 4, 250.00, 29085.00, -25530.00, 97.51, -96.61, 3.00
10.00, 4, 250.00, 29126.00, -25570.00, 97.29, -96.95, 3.00
10.00, 4, 250.00, 29165.00, -25612.00, 97.06, -97.18, 3.00
10.00, 4, 250.00, 29204.00, -25652.00, 96.72, -97.51, 3.00
10.00, 4, 250.00, 29249.00, -25691.00, 96.50, -97.63, 3.00
10.00, 4, 250.00, 29289.00, -25732.00, 96.27, -97.85, 3.00
10.00, 4, 250.00, 29328.00, -25775.00, 95.93, -97.97, 3.00
10.00, 4, 250.00, 29368.00, -25816.00, 95.82, -97.97, 3.00
10.00, 4, 250.00, 29408.00, -25856.00, 95.71, -98.08, 3.00
10.00, 4, 250.00, 29447.00, -25898.00, 95.71, -97.97, 3.00
10.00, 4, 250.00, 29489.00, -25936.00, 95.82, -97.97, 3.00
10.00, 4, 250.00, 29530.00, -25977.00, 96.05, -97.85, 3.00
10.00, 4, 250.00, 29569.00, -26020.00, 96.27, -97.63, 3.00
10.00, 4, 250.00, 29608.00, -26061.00, 96.50, -97.40, 3.00
10.00, 4, 250.00, 29648.00, -26100.00, 96.84, -97.18, 3.00
10.00, 4, 250.00, 29686.00, -26141.00, 97.06, -96.95, 3.00
10.00, 4, 250.00, 29727.00, -26180.00, 97.29, -96.61, 3.00
10.00, 4, 250.00, 29770.00, -26218.00, 97.51, -96.27, 3.00
10.00, 4, 250.00, 29809.00, -26259.00, 97.74, -96.05, 3.00
10.00, 4, 250.00, 29848.00, -26300.00, 97.85, -95.82, 3.00
10.00, 4, 250.00, 29888.00, -26341.00, 97.97, -95.71, 3.00
10.00, 4, 250.00, 29928.00, -26379.00, 97.97, -95.71, 3.00
10.00, 4, 250.00, 29968.00, -26417.00, 97.97, -95.82, 3.00
10.00, 4, 250.00, 30010.00, -26455.00, 97.85, -95.93, 3.00
10.00, 4, 250.00, 30052.00, -26496.00, 97.85, -96.16, 3.00
10.00, 4, 250.00, 30090.00, -26537.00, 97.63, -96.50, 3.00
10.00, 4, 250.00, 30132.00, -26578.00, 97.40, -96.84, 3.00
10.00, 4, 250.00, 30172.00, -26619.00, 97.18, -97.06, 3.00
10.00, 4, 250.00, 30212.00, -26657.00, 96.95, -97.40, 3.00
10.00, 4, 250.00, 30252.00, -26692.00, 96.61, -97.51, 3.00
10.00, 4, 250.00, 30294.00, -26733.00, 96.38, -97.63, 3.00
10.00, 4, 250.00, 30335.00, -26775.00, 96.16, -97.74, 3.00
10.00, 4, 250.00, 30374.00, -26816.00, 95.93, -97.85, 3.00
10.00, 4, 250.00, 30415.00, -26856.00, 95.82, -97.97, 3.00
10.00, 4, 250.00, 30454.00, -26897.00, 95.71, -97.97, 3.00
10.00, 4, 250.00, 30494.00, -26933.00, 95.82, -97.85, 3.00
10.00, 4, 250.00, 30536.00, -26972.00, 95.93, -97.74, 3.00
10.00, 4, 250.00, 30577.00, -27014.00, 96.16, -97.63, 3.00
10.00, 4, 250.00, 30615.00, -27058.00, 96.50, -97.40, 3.00
10.00, 4, 250.00, 30656.00, -27098.00, 96.72, -97.18, 3.00
10.00, 4, 250.00, 30698.00, -27139.00, 97.06, -96.95, 3.00
10.00, 4, 250.00, 30737.00, -27179.00, 97.29, -96.72, 3.00
10.00, 4, 250.00, 30779.00, -27218.00, 97.51, -96.38, 3.00
10.00, 4, 250.00, 30820.00, -27258.00, 97.74, -96.05, 3.00
10.00, 4, 250.00, 30857.00, -27301.00, 97.85, -95.93, 3.00
10.00, 4, 250.00, 30897.00, -27342.00, 97.97, -95.82, 3.00
10.00, 4, 250.00, 30936.00, -27385.00, 97.97, -95.71, 3.00
10.00, 4, 250.00, 30974.00, -27424.00, 97.97, -95.82, 3.00
10.00, 4, 250.00, 31013.00, -27461.00, 97.97, -96.05, 3.00
10.00, 4, 250.00, 31054.00, -27501.00, 97.85, -96.16, 3.00
10.00, 4, 250.00, 31092.00, -27544.00, 97.74, -96.38, 3.00
10.00, 4, 250.00, 31132.00, -27586.00, 97.51, -96.72, 3.00
10.00, 4, 250.00, 31172.00, -27626.00, 97.29, -97.06, 3.00
10.00, 4, 250.00, 31211.00, -27666.00, 97.06, -97.29, 3.00
10.00, 4, 250.00, 31249.00, -27704.00, 96.72, -97.51, 3.00
10.00, 4, 250.00, 31289.00, -27746.00, 96.38, -97.74, 3.00
10.00, 4, 250.00, 31329.00, -27786.00, 96.05, -97.85, 3.00
10.00, 4, 250.00, 31368.00, -27827.00, 95.93, -97.97, 3.00
10.00, 4, 250.00, 31407.00, -27868.00, 95.71, -97.97, 3.00
10.00, 4, 250.00, 31448.00, -27909.00, 95.59, -97.97, 3.00
10.00, 4, 250.00, 31487.00, -27949.00, 95.59, -97.97, 3.00
10.00, 4, 250.00, 31528.00, -27988.00, 95.71, -97.85, 3.00
10.00, 4, 250.00, 31569.00, -28030.00, 95.93, -97.74, 3.00
10.00, 4, 250.00, 31610.00, -28073.00, 96.27, -97.63, 3.00
10.00, 4, 250.00, 31649.00, -28114.00, 96.50, -97.40, 3.00
10.00, 4, 250.00, 31690.00, -28154.00, 96.84, -97.18, 3.00
10.00, 4, 250.00, 31728.00, -28195.00, 97.18, -96.84, 3.00
10.00, 4, 250.00, 31768.00, -28233.00, 97.40, -96.50, 3.00
10.00, 4, 250.00, 31811.00, -28272.00, 97.63, -96.27, 3.00
10.00, 4, 250.00, 31852.00, -28315.00, 97.74, -95.93, 3.00
10.00, 4, 250.00, 31892.00, -28359.00, 97.85, -95.82, 3.00
10.00, 4, 250.00, 31933.00, -28399.00, 97.97, -95.82, 3.00
10.00, 4, 250.00, 31973.00, -28440.00, 98.08, -95.82, 3.00
10.00, 4, 250.00, 32013.00, -28478.00, 98.08, -95.93, 3.00
10.00, 4, 250.00, 32055.00, -28517.00, 97.97, -96.16, 3.00
10.00, 4, 250.00, 32095.00, -28557.00, 97.85, -96.38, 3.00
10.00, 4, 250.00, 32134.00, -28599.00, 97.74, -96.61, 3.00
10.00, 4, 250.00, 32175.00, -28641.00, 97.51, -96.95, 3.00
10.00, 4, 250.00, 32215.00, -28682.00, 97.29, -97.18, 3.00
10.00, 4, 250.00, 32254.00, -28720.00, 97.06, -97.51, 3.00
10.00, 4, 250.00, 32294.00, -28757.00, 96.72, -97.63, 3.00
10.00, 4, 250.00, 32335.00, -28797.00, 96.38, -97.74, 3.00
10.00, 4, 250.00, 32376.00, -28837.00, 96.16, -97.85, 3.00
10.00, 4, 250.00, 32414.00, -28878.00, 95.93, -97.97, 3.00
10.00, 4, 250.00, 32454.00, -28920.00, 95.82, -97.97, 3.00
10.00, 4, 250.00, 32495.00, -28961.00, 95.71, -97.97, 3.00
10.00, 4, 250.00, 32535.00, -28997.00, 95.82, -97.85, 3.00
10.00, 4, 250.00, 32577.00, -29036.00, 95.93, -97.74, 3.00
10.00, 4, 250.00, 32618.00, -29077.00, 96.16, -97.51, 3.00
10.00, 4, 250.00, 32656.00, -29119.00, 96.50, -97.29, 3.00
10.00, 4, 250.00, 32696.00, -29161.00, 96.72, -97.06, 3.00
10.00, 4, 250.00, 32736.00, -29200.00, 97.06, -96.84, 3.00
10.00, 4, 250.00, 32776.00, -29239.00, 97.29, -96.50, 3.00
10.00, 4, 250.00, 32818.00, -29277.00, 97.51, -96.27, 3.00
10.00, 4, 250.00, 32859.00, -29320.00, 97.74, -95.93, 3.00
10.00, 4, 250.00, 32899.00, -29364.00, 97.85, -95.82, 3.00
10.00, 4, 250.00, 32939.00, -29404.00, 97.97, -95.71, 3.00
10.00, 4, 250.00, 32980.00, -29446.00, 97.97, -95.71, 3.00
10.00, 4, 250.00, 33018.00, -29485.00, 97.97, -95.82, 3.00
10.00, 4, 250.00, 33058.00, -29523.00, 97.97, -96.05, 3.00
10.00, 4, 250.00, 33102.00, -29564.00, 97.85, -96.27, 3.00
10.00, 4, 250.00, 33139.00, -29608.00, 97.74, -96.50, 3.00
10.00, 4, 250.00, 33179.00, -29650.00, 97.63, -96.84, 3.00
10.00, 4, 250.00, 33219.00, -29691.00, 97.40, -97.18, 3.00
10.00, 4, 250.00, 33258.00, -29732.00, 97.06, -97.40, 3.00
10.00, 4, 250.00, 33297.00, -29771.00, 96.84, -97.63, 3.00
10.00, 4, 250.00, 33341.00, -29811.00, 96.50, -97.74, 3.00
10.00, 4, 250.00, 33380.00, -29854.00, 96.27, -97.85, 3.00
10.00, 4, 250.00, 33418.00, -29896.00, 95.93, -97.97, 3.00
10.00, 4, 250.00, 33458.00, -29936.00, 95.82, -97.97, 3.00
10.00, 4, 250.00, 33497.00, -29977.00, 95.71, -97.97, 3.00
10.00, 4, 250.00, 33536.00, -30017.00, 95.71, -97.97, 3.00
10.00, 4, 250.00, 33577.00, -30054.00, 95.82, -97.85, 3.00
10.00, 4, 250.00, 33616.00, -30096.00, 95.93, -97.63, 3.00
10.00, 4, 250.00, 33654.00, -30138.00, 96.27, -97.40, 3.00
10.00, 4, 250.00, 33694.00, -30177.00, 96.50, -97.18, 3.00
10.00, 4, 250.00, 33735.00, -30216.00, 96.84, -96.95, 3.00
10.00, 4, 250.00, 33773.00, -30256.00, 97.06, -96.61, 3.00
10.00, 4, 250.00, 33815.00, -30296.00, 97.29, -96.27, 3.00
10.00, 4, 250.00, 33856.00, -30336.00, 97.51, -96.05, 3.00
10.00, 4, 250.00, 33896.00, -30377.00, 97.74, -95.82, 3.00
10.00, 4, 250.00, 33935.00, -30418.00, 97.85, -95.71, 3.00
10.00, 4, 250.00, 33975.00, -30458.00, 97.97, -95.71, 3.00
10.00, 4, 250.00, 34014.00, -30496.00, 97.97, -95.82, 3.00
10.00, 4, 250.00, 34055.00, -30533.00, 97.97, -95.93, 3.00
10.00, 4, 250.00, 34097.00, -30572.00, 97.97, -96.05, 3.00
10.00, 4, 250.00, 34138.00, -30613.00, 97.85, -96.38, 3.00
10.00, 4, 250.00, 34176.00, -30655.00, 97.74, -96.61, 3.00
10.00, 4, 250.00, 34217.00, -30696.00, 97.51, -96.95, 3.00
10.00, 4, 250.00, 34257.00, -30735.00, 97.29, -97.18, 3.00
10.00, 4, 250.00, 34297.00, -30773.00, 96.95, -97.51, 3.00
10.00, 4, 250.00, 34339.00, -30810.00, 96.72, -97.63, 3.00
10.00, 4, 250.00, 34380.00, -30852.00, 96.38, -97.74, 3.00
10.00, 4, 250.00, 34420.00, -30895.00, 96.16, -97.85, 3.00
10.00, 4, 250.00, 34461.00, -30935.00, 95.93, -97.97, 3.00
10.00, 4, 250.00, 34501.00, -30975.00, 95.82, -97.97, 3.00
10.00, 4, 250.00, 34541.00, -31014.00, 95.82, -97.97, 3.00
10.00, 4, 250.00, 34580.00, -31051.00, 95.82, -97.85, 3.00
10.00, 4, 250.00, 34622.00, -31091.00, 95.93, -97.63, 3.00
10.00, 4, 250.00, 34662.00, -31134.00, 96.16, -97.51, 3.00
10.00, 4, 250.00, 34700.00, -31176.00, 96.50, -97.29, 3.00
10.00, 4, 250.00, 34740.00, -31216.00, 96.72, -97.06, 3.00
10.00, 4, 250.00, 34779.00, -31254.00, 96.95, -96.72, 3.00
10.00, 4, 250.00, 34819.00, -31293.00, 97.29, -96.50, 3.00
10.00, 4, 250.00, 34859.00, -31332.00, 97.51, -96.16, 3.00
10.00, 4, 250.00, 34900.00, -31373.00, 97.63, -95.93, 3.00
10.00, 4, 250.00, 34939.00, -31415.00, 97.85, -95.71, 3.00
10.00, 4, 250.00, 34978.00, -31453.00, 97.97, -95.71, 3.00
10.00, 4, 250.00, 35017.00, -31495.00, 97.97, -95.71, 3.00
10.00, 4, 250.00, 35057.00, -31533.00, 97.97, -95.82, 3.00
10.00, 4, 250.00, 35097.00, -31572.00, 97.97, -96.05, 3.00
10.00, 4, 250.00, 35137.00, -31613.00, 97.85, -96.27, 3.00
10.00, 4, 250.00, 35176.00, -31655.00, 97.74, -96.50, 3.00
10.00, 4, 250.00, 35215.00, -31696.00, 97.51, -96.84, 3.00
10.00, 4, 250.00, 35255.00, -31735.00, 97.40, -97.18, 3.00
10.00, 4, 250.00, 35294.00, -31775.00, 97.06, -97.40, 3.00
10.00, 4, 250.00, 35333.00, -31814.00, 96.84, -97.63, 3.00
10.00, 4, 250.00, 35373.00, -31856.00, 96.50, -97.74, 3.00
10.00, 4, 250.00, 35413.00, -31897.00, 96.16, -97.85, 3.00
10.00, 4, 250.00, 35453.00, -31938.00, 95.93, -97.97, 3.00
10.00, 4, 250.00, 35493.00, -31980.00, 95.71, -98.08, 3.00
10.00, 4, 250.00, 35533.00, -32020.00, 95.71, -98.08, 3.00
10.00, 4, 250.00, 35572.00, -32058.00, 95.71, -97.97, 3.00
10.00, 4, 250.00, 35613.00, -32097.00, 95.82, -97.85, 3.00
10.00, 4, 250.00, 35655.00, -32140.00, 95.93, -97.63, 3.00
10.00, 4, 250.00, 35695.00, -32182.00, 96.27, -97.51, 3.00
10.00, 4, 250.00, 35733.00, -32224.00, 96.50, -97.29, 3.00
10.00, 4, 250.00, 35775.00, -32264.00, 96.84, -97.06, 3.00
10.00, 4, 250.00, 35814.00, -32303.00, 97.06, -96.72, 3.00
10.00, 4, 250.00, 35854.00, -32342.00, 97.40, -96.38, 3.00
10.00, 4, 250.00, 35896.00, -32382.00, 97.51, -96.16, 3.00
10.00, 4, 250.00, 35936.00, -32423.00, 97.74, -95.93, 3.00
10.00, 4, 250.00, 35976.00, -32467.00, 97.85, -95.82, 3.00
10.00, 4, 250.00, 36015.00, -32506.00, 97.97, -95.82, 3.00
10.00, 4, 250.00, 36056.00, -32544.00, 97.97, -95.93, 3.00
10.00, 4, 250.00, 36094.00, -32581.00, 97.97, -96.05, 3.00
10.00, 4, 250.00, 36135.00, -32619.00, 97.97, -96.16, 3.00
10.00, 4, 250.00, 36175.00, -32658.00, 97.85, -96.38, 3.00
10.00, 4, 250.00, 36215.00, -32699.00, 97.74, -96.72, 3.00
10.00, 4, 250.00, 36254.00, -32740.00, 97.51, -96.95, 3.00
10.00, 4, 250.00, 36296.00, -32780.00, 97.29, -97.29, 3.00
10.00, 4, 250.00, 36337.00, -32819.00, 97.06, -97.51, 3.00
10.00, 4, 250.00, 36377.00, -32857.00, 96.72, -97.63, 3.00
10.00, 4, 250.00, 36418.00, -32896.00, 96.50, -97.85, 3.00
10.00, 4, 250.00, 36459.00, -32936.00, 96.27, -97.85, 3.00
10.00, 4, 250.00, 36499.00, -32978.00, 96.05, -97.97, 3.00
10.00, 4, 250.00, 36538.00, -33018.00, 95.82, -97.97, 3.00
10.00, 4, 250.00, 36579.00, -33058.00, 95.82, -97.97, 3.00
10.00, 4, 250.00, 36620.00, -33096.00, 95.82, -97.85, 3.00
10.00, 4, 250.00, 36662.00, -33134.00, 95.93, -97.74, 3.00
10.00, 4, 250.00, 36703.00, -33175.00, 96.16, -97.51, 3.00
10.00, 4, 250.00, 36743.00, -33219.00, 96.50, -97.29, 3.00
10.00, 4, 250.00, 36783.00, -33262.00, 96.72, -97.06, 3.00
10.00, 4, 250.00, 36823.00, -33302.00, 97.06, -96.84, 3.00
10.00, 4, 250.00, 36863.00, -33339.00, 97.29, -96.50, 3.00
10.00, 4, 250.00, 36904.00, -33377.00, 97.51, -96.16, 3.00
10.00, 4, 250.00, 36946.00, -33419.00, 97.74, -95.93, 3.00
9.00, 4, 250.00, 36987.00, -33464.00, 97.85, -95.82, 3.00
11.00, 4, 250.00, 37027.00, -33505.00, 97.97, -95.82, 3.00
10.00, 4, 250.00, 37066.00, -33544.00, 97.97, -95.82, 3.00
10.00, 4, 250.00, 37105.00, -33583.00, 97.97, -95.93, 3.00
10.00, 4, 250.00, 37144.00, -33622.00, 97.97, -96.16, 3.00
10.00, 4, 250.00, 37187.00, -33662.00, 97.85, -96.38, 3.00
10.00, 4, 250.00, 37226.00, -33706.00, 97.74, -96.61, 3.00
10.00, 4, 250.00, 37264.00, -33748.00, 97.63, -96.95, 3.00
10.00, 4, 250.00, 37304.00, -33789.00, 97.40, -97.29, 3.00
10.00, 4, 250.00, 37344.00, -33827.00, 97.06, -97.51, 3.00
10.00, 4, 250.00, 37381.00, -33866.00, 96.84, -97.63, 3.00
10.00, 4, 250.00, 37422.00, -33905.00, 96.50, -97.74, 3.00
10.00, 4, 250.00, 37463.00, -33947.00, 96.16, -97.85, 3.00
10.00, 4, 250.00, 37501.00, -33988.00, 95.93, -97.97, 3.00
10.00, 4, 250.00, 37540.00, -34028.00, 95.71, -97.97, 3.00
10.00, 4, 250.00, 37581.00, -34069.00, 95.59, -97.97, 3.00
10.00, 4, 250.00, 37620.00, -34110.00, 95.59, -97.97, 3.00
10.00, 4, 250.00, 37660.00, -34147.00, 95.71, -97.85, 3.00
10.00, 4, 250.00, 37702.00, -34187.00, 95.93, -97.63, 3.00
10.00, 4, 250.00, 37742.00, -34230.00, 96.16, -97.40, 3.00
10.00, 4, 250.00, 37781.00, -34270.00, 96.50, -97.18, 3.00
10.00, 4, 250.00, 37820.00, -34308.00, 96.72, -96.95, 3.00
10.00, 4, 250.00, 37859.00, -34348.00, 97.06, -96.61, 3.00
10.00, 4, 250.00, 37901.00, -34387.00, 97.29, -96.27, 3.00
10.00, 4, 250.00, 37944.00, -34426.00, 97.51, -96.05, 3.00
10.00, 4, 250.00, 37985.00, -34468.00, 97.74, -95.82, 3.00
10.00, 4, 250.00, 38024.00, -34509.00, 97.85, -95.71, 3.00
10.00, 4, 250.00, 38064.00, -34549.00, 97.97, -95.71, 3.00
10.00, 4, 250.00, 38104.00, -34588.00, 97.97, -95.82, 3.00
10.00, 4, 250.00, 38144.00, -34625.00, 97.97, -95.93, 3.00
10.00, 4, 250.00, 38188.00, -34664.00, 97.97, -96.16, 3.00
10.00, 4, 250.00, 38230.00, -34706.00, 97.85, -96.38, 3.00
10.00, 4, 250.00, 38270.00, -34748.00, 97.74, -96.72, 3.00
10.00, 4, 250.00, 38309.00, -34788.00, 97.51, -97.06, 3.00
10.00, 4, 250.00, 38350.00, -34827.00, 97.29, -97.29, 3.00
10.00, 4, 250.00, 38390.00, -34865.00, 97.06, -97.51, 3.00
10.00, 4, 250.00, 38430.00, -34903.00, 96.72, -97.63, 3.00
10.00, 4, 250.00, 38473.00, -34944.00, 96.38, -97.74, 3.00
10.00, 4, 250.00, 38513.00, -34986.00, 96.16, -97.85, 3.00
10.00, 4, 250.00, 38553.00, -35026.00, 96.05, -97.97, 3.00
10.00, 4, 250.00, 38592.00, -35065.00, 95.82, -97.97, 3.00
10.00, 4, 250.00, 38633.00, -35103.00, 95.82, -97.97, 3.00
10.00, 4, 250.00, 38671.00, -35141.00, 95.82, -97.85, 3.00
10.00, 4, 250.00, 38713.00, -35181.00, 95.93, -97.63, 3.00
10.00, 4, 250.00, 38754.00, -35222.00, 96.16, -97.51, 3.00
10.00, 4, 250.00, 38792.00, -35264.00, 96.38, -97.29, 3.00
10.00, 4, 250.00, 38832.00, -35304.00, 96.72, -97.06, 3.00
10.00, 4, 250.00, 38871.00, -35343.00, 96.95, -96.72, 3.00
10.00, 4, 250.00, 38913.00, -35382.00, 97.29, -96.50, 3.00
10.00, 4, 250.00, 38953.00, -35420.00, 97.51, -96.16, 3.00
10.00, 4, 250.00, 38994.00, -35460.00, 97.63, -95.93, 3.00
10.00, 4, 250.00, 39032.00, -35503.00, 97.85, -95.71, 3.00
10.00, 4, 250.00, 39071.00, -35543.00, 97.85, -95.71, 3.00
10.00, 4, 250.00, 39112.00, -35584.00, 97.97, -95.71, 3.00
10.00, 4, 250.00, 39150.00, -35623.00, 97.97, -95.82, 3.00
10.00, 4, 250.00, 39192.00, -35662.00, 97.97, -96.05, 3.00
10.00, 4, 250.00, 39233.00, -35702.00, 97.85, -96.27, 3.00
10.00, 4, 250.00, 39273.00, -35744.00, 97.74, -96.61, 3.00
10.00, 4, 250.00, 39311.00, -35787.00, 97.51, -96.84, 3.00
10.00, 4, 250.00, 39351.00, -35827.00, 97.29, -97.18, 3.00
10.00, 4, 250.00, 39389.00, -35869.00, 97.06, -97.51, 3.00
10.00, 4, 250.00, 39428.00, -35905.00, 96.72, -97.63, 3.00
10.00, 4, 250.00, 39469.00, -35946.00, 96.38, -97.85, 3.00
10.00, 4, 250.00, 39510.00, -35987.00, 96.16, -97.97, 3.00
10.00, 4, 250.00, 39548.00, -36029.00, 95.93, -97.97, 3.00
10.00, 4, 250.00, 39589.00, -36071.00, 95.71, -98.08, 3.00
10.00, 4, 250.00, 39630.00, -36112.00, 95.71, -98.08, 3.00
10.00, 4, 250.00, 39669.00, -36152.00, 95.71, -97.97, 3.00
10.00, 4, 250.00, 39709.00, -36190.00, 95.82, -97.85, 3.00
10.00, 4, 250.00, 39751.00, -36232.00, 95.93, -97.74, 3.00
10.00, 4, 250.00, 39791.00, -36274.00, 96.27, -97.51, 3.00
10.00, 4, 250.00, 39829.00, -36315.00, 96.50, -97.29, 3.00
10.00, 4, 250.00, 39868.00, -36354.00, 96.84, -97.06, 3.00
10.00, 4, 250.00, 39907.00, -36392.00, 97.06, -96.72, 3.00
10.00, 4, 250.00, 39947.00, -36431.00, 97.29, -96.38, 3.00
10.00, 4, 250.00, 39987.00, -36470.00, 97.51, -96.16, 3.00
10.00, 4, 250.00, 40028.00, -36512.00, 97.74, -95.82, 3.00
10.00, 4, 250.00, 40068.00, -36551.00, 97.85, -95.82, 3.00
10.00, 4, 250.00, 40109.00, -36592.00, 97.97, -95.71, 3.00
10.00, 4, 250.00, 40150.00, -36633.00, 97.97, -95.82, 3.00
10.00, 4, 250.00, 40190.00, -36670.00, 97.97, -95.93, 3.00
10.00, 4, 250.00, 40230.00, -36708.00, 97.97, -96.16, 3.00
10.00, 4, 250.00, 40272.00, -36748.00, 97.85, -96.38, 3.00
10.00, 4, 250.00, 40311.00, -36789.00, 97.74, -96.72, 3.00
10.00, 4, 250.00, 40351.00, -36829.00, 97.51, -96.95, 3.00
10.00, 4, 250.00, 40392.00, -36869.00, 97.29, -97.29, 3.00
10.00, 4, 250.00, 40434.00, -36908.00, 97.06, -97.51, 3.00
10.00, 4, 250.00, 40474.00, -36947.00, 96.72, -97.63, 3.00
10.00, 4, 250.00, 40518.00, -36987.00, 96.50, -97.85, 3.00
10.00, 4, 250.00, 40558.00, -37029.00, 96.27, -97.85, 3.00
10.00, 4, 250.00, 40598.00, -37071.00, 96.05, -97.97, 3.00
10.00, 4, 250.00, 40638.00, -37114.00, 95.93, -97.97, 3.00
10.00, 4, 250.00, 40678.00, -37154.00, 95.82, -97.97, 3.00
10.00, 4, 250.00, 40719.00, -37190.00, 95.82, -97.85, 3.00
10.00, 4, 250.00, 40762.00, -37227.00, 96.05, -97.74, 3.00
10.00, 4, 250.00, 40803.00, -37268.00, 96.27, -97.51, 3.00
10.00, 4, 250.00, 40842.00, -37312.00, 96.50, -97.29, 3.00
10.00, 4, 250.00, 40882.00, -37354.00, 96.84, -97.06, 3.00
10.00, 4, 250.00, 40923.00, -37395.00, 97.06, -96.84, 3.00
10.00, 4, 250.00, 40963.00, -37433.00, 97.29, -96.50, 3.00
10.00, 4, 250.00, 41003.00, -37470.00, 97.51, -96.27, 3.00
10.00, 4, 250.00, 41045.00, -37512.00, 97.74, -95.93, 3.00
10.00, 4, 250.00, 41084.00, -37557.00, 97.85, -95.82, 3.00
10.00, 4, 250.00, 41124.00, -37597.00, 97.97, -95.82, 3.00
10.00, 4, 250.00, 41163.00, -37637.00, 97.97, -95.82, 3.00
10.00, 4, 250.00, 41201.00, -37675.00, 97.97, -95.93, 3.00
10.00, 4, 250.00, 41241.00, -37713.00, 97.97, -96.05, 3.00
10.00, 4, 250.00, 41282.00, -37754.00, 97.85, -96.27, 3.00
10.00, 4, 250.00, 41319.00, -37796.00, 97.74, -96.61, 3.00
10.00, 4, 250.00, 41359.00, -37836.00, 97.51, -96.95, 3.00
10.00, 4, 250.00, 41399.00, -37878.00, 97.29, -97.18, 3.00
10.00, 4, 250.00, 41439.00, -37918.00, 97.06, -97.40, 3.00
10.00, 4, 250.00, 41477.00, -37957.00, 96.72, -97.63, 3.00
10.00, 4, 250.00, 41519.00, -37997.00, 96.38, -97.74, 3.00
10.00, 4, 250.00, 41559.00, -38039.00, 96.16, -97.85, 3.00
10.00, 4, 250.00, 41598.00, -38081.00, 95.93, -97.97, 3.00
10.00, 4, 250.00, 41637.00, -38119.00, 95.71, -97.97, 3.00
10.00, 4, 250.00, 41678.00, -38160.00, 95.59, -97.97, 3.00
10.00, 4, 250.00, 41717.00, -38200.00, 95.59, -97.97, 3.00
10.00, 4, 250.00, 41758.00, -38239.00, 95.82, -97.85, 3.00
10.00, 4, 250.00, 41801.00, -38278.00, 95.93, -97.63, 3.00
10.00, 4, 250.00, 41840.00, -38321.00, 96.27, -97.40, 3.00
10.00, 4, 250.00, 41878.00, -38361.00, 96.50, -97.18, 3.00
10.00, 4, 250.00, 41919.00, -38401.00, 96.84, -96.95, 3.00
10.00, 4, 250.00, 41958.00, -38440.00, 97.06, -96.61, 3.00
10.00, 4, 250.00, 41999.00, -38480.00, 97.40, -96.27, 3.00
10.00, 4, 250.00, 42042.00, -38520.00, 97.51, -96.05, 3.00
10.00, 4, 250.00, 42084.00, -38562.00, 97.74, -95.82, 3.00
10.00, 4, 250.00, 42123.00, -38602.00, 97.97, -95.71, 3.00
10.00, 4, 250.00, 42162.00, -38641.00, 97.97, -95.71, 3.00
10.00, 4, 250.00, 42202.00, -38681.00, 97.97, -95.82, 3.00
10.00, 4, 250.00, 42242.00, -38718.00, 97.97, -95.93, 3.00
10.00, 4, 250.00, 42285.00, -38756.00, 97.97, -96.16, 3.00
10.00, 4, 250.00, 42326.00, -38796.00, 97.85, -96.38, 3.00
10.00, 4, 250.00, 42365.00, -38839.00, 97.74, -96.72, 3.00
10.00, 4, 250.00, 42403.00, -38877.00, 97.51, -97.06, 3.00
10.00, 4, 250.00, 42444.00, -38917.00, 97.29, -97.29, 3.00
10.00, 4, 250.00, 42484.00, -38955.00, 96.95, -97.51, 3.00
10.00, 4, 250.00, 42523.00, -38993.00, 96.61, -97.63, 3.00
10.00, 4, 250.00, 42565.00, -39033.00, 96.38, -97.74, 3.00
10.00, 4, 250.00, 42605.00, -39074.00, 96.16, -97.85, 3.00
10.00, 4, 250.00, 42645.00, -39113.00, 95.93, -97.97, 3.00
10.00, 4, 250.00, 42686.00, -39154.00, 95.71, -97.97, 3.00
10.00, 4, 250.00, 42726.00, -39194.00, 95.71, -97.97, 3.00
10.00, 4, 250.00, 42765.00, -39229.00, 95.82, -97.85, 3.00
10.00, 4, 250.00, 42806.00, -39268.00, 95.93, -97.74, 3.00
10.00, 4, 250.00, 42846.00, -39310.00, 96.16, -97.51, 3.00
10.00, 4, 250.00, 42884.00, -39353.00, 96.50, -97.29, 3.00
10.00, 4, 250.00, 42925.00, -39393.00, 96.72, -97.06, 3.00
10.00, 4, 250.00, 42964.00, -39433.00, 96.95, -96.72, 3.00
10.00, 4, 250.00, 43005.00, -39472.00, 97.29, -96.50, 3.00
10.00, 4, 250.00, 43046.00, -39510.00, 97.51, -96.16, 3.00
10.00, 4, 250.00, 43088.00, -39550.00, 97.74, -95.93, 3.00
10.00, 4, 250.00, 43126.00, -39592.00, 97.85, -95.71, 3.00
10.00, 4, 250.00, 43164.00, -39634.00, 97.97, -95.71, 3.00
10.00, 4, 250.00, 43205.00, -39676.00, 97.97, -95.71, 3.00
10.00, 4, 250.00, 43244.00, -39714.00, 97.97, -95.93, 3.00
10.00, 4, 250.00, 43284.00, -39753.00, 97.97, -96.05, 3.00
10.00, 4, 250.00, 43325.00, -39794.00, 97.85, -96.27, 3.00
10.00, 4, 250.00, 43365.00, -39836.00, 97.74, -96.61, 3.00
10.00, 4, 250.00, 43405.00, -39879.00, 97.51, -96.95, 3.00
10.00, 4, 250.00, 43444.00, -39920.00, 97.29, -97.18, 3.00
10.00, 4, 250.00, 43483.00, -39963.00, 97.06, -97.51, 3.00
10.00, 4, 250.00, 43522.00, -40000.00, 96.72, -97.74, 3.00
10.00, 4, 250.00, 43562.00, -40040.00, 96.50, -97.85, 3.00
10.00, 4, 250.00, 43601.00, -40081.00, 96.16, -97.97, 3.00
10.00, 4, 250.00, 43640.00, -40122.00, 95.93, -97.97, 3.00
10.00, 4, 250.00, 43680.00, -40163.00, 95.71, -98.08, 3.00
10.00, 4, 250.00, 43719.00, -40203.00, 95.59, -98.08, 3.00
10.00, 4, 250.00, 43758.00, -40242.00, 95.59, -97.97, 3.00
10.00, 4, 250.00, 43796.00, -40281.00, 95.71, -97.85, 3.00
10.00, 4, 250.00, 43837.00, -40322.00, 95.93, -97.74, 3.00
10.00, 4, 250.00, 43876.00, -40363.00, 96.16, -97.51, 3.00
10.00, 4, 250.00, 43917.00, -40404.00, 96.50, -97.29, 3.00
