20103.00, 4, 250.00, 3590.00, 758.00, 99.89, 99.89, 4.00
9.00, 4, 250.00, 3593.00, 762.00, -8.93, -99.89, 4.00
10.00, 4, 250.00, 3599.00, 766.00, -9.83, -99.89, 4.00
10.00, 4, 250.00, 3604.00, 760.00, -15.82, -99.89, 4.00
10.00, 4, 250.00, 3606.00, 748.00, -20.79, -99.89, 4.00
10.00, 4, 250.00, 3607.00, 726.00, -22.49, -99.89, 4.00
10.00, 4, 250.00, 3605.00, 701.00, -23.28, -99.89, 4.00
10.00, 4, 250.00, 3599.00, 673.00, -22.49, -99.89, 4.00
10.00, 4, 250.00, 3595.00, 642.00, -19.21, -99.89, 4.00
10.00, 4, 250.00, 3589.00, 609.00, -14.12, -99.89, 4.00
10.00, 4, 250.00, 3582.00, 574.00, -9.83, -99.89, 4.00
10.00, 4, 250.00, 3576.00, 538.00, -3.73, -99.89, 4.00
10.00, 4, 250.00, 3572.00, 502.00, 2.15, -99.89, 4.00
10.00, 4, 250.00, 3571.00, 465.00, 5.65, -99.89, 4.00
10.00, 4, 250.00, 3570.00, 427.00, 7.34, -99.89, 4.00
10.00, 4, 250.00, 3571.00, 388.00, 8.25, -99.89, 4.00
10.00, 4, 250.00, 3570.00, 348.00, 8.25, -99.89, 4.00
10.00, 4, 250.00, 3571.00, 308.00, 8.25, -99.89, 4.00
10.00, 4, 250.00, 3572.00, 270.00, 7.34, -99.89, 4.00
10.00, 4, 250.00, 3573.00, 228.00, 6.55, -99.89, 4.00
10.00, 4, 250.00, 3575.00, 190.00, 5.65, -99.89, 4.00
10.00, 4, 250.00, 3577.00, 151.00, 4.75, -99.89, 4.00
10.00, 4, 250.00, 3577.00, 110.00, 3.05, -99.89, 4.00
10.00, 4, 250.00, 3577.00, 68.00, 2.15, -99.89, 4.00
10.00, 4, 250.00, 3578.00, 27.00, 2.15, -99.89, 4.00
10.00, 4, 250.00, 3578.00, -14.00, 1.36, -99.89, 4.00
10.00, 4, 250.00, 3578.00, -53.00, 1.36, -99.89, 4.00
10.00, 4, 250.00, 3579.00, -94.00, 1.36, -99.77, 4.00
10.00, 4, 250.00, 3579.00, -135.00, 0.45, -99.77, 4.00
10.00, 4, 250.00, 3579.00, -177.00, 0.45, -99.55, 4.00
10.00, 4, 250.00, 3579.00, -219.00, 0.45, -99.32, 4.00
10.00, 4, 250.00, 3579.00, -261.00, 0.45, -98.76, 4.00
10.00, 4, 250.00, 3579.00, -300.00, 0.45, -97.51, 4.00
10.00, 4, 250.00, 3579.00, -338.00, 0.45, -95.37, 4.00
10.00, 4, 250.00, 3579.00, -379.00, 0.45, -91.64, 4.00
10.00, 4, 250.00, 3579.00, -420.00, 0.45, -84.86, 4.00
10.00, 4, 250.00, 3579.00, -460.00, 0.45, -70.85, 4.00
10.00, 4, 250.00, 3579.00, -500.00, 0.45, -48.70, 4.00
10.00, 4, 250.00, 3579.00, -535.00, 0.45, -17.40, 4.00
10.00, 4, 250.00, 3579.00, -566.00, 0.45, 12.54, 4.00
10.00, 4, 250.00, 3579.00, -591.00, 0.45, 39.10, 4.00
10.00, 4, 250.00, 3579.00, -611.00, 0.45, 56.27, 4.00
10.00, 4, 250.00, 3579.00, -621.00, 0.45, 67.91, 4.00
10.00, 4, 250.00, 3578.00, -622.00, 0.45, 72.99, 4.00
10.00, 4, 250.00, 3579.00, -614.00, 0.45, 74.24, 4.00
10.00, 4, 250.00, 3579.00, -602.00, 0.45, 72.20, 4.00
10.00, 4, 250.00, 3579.00, -584.00, 0.45, 67.46, 4.00
10.00, 4, 250.00, 3579.00, -565.00, 0.45, 58.64, 4.00
10.00, 4, 250.00, 3579.00, -546.00, 0.45, 47.46, 4.00
10.00, 4, 250.00, 3579.00, -523.00, 0.45, 32.32, 4.00
10.00, 4, 250.00, 3579.00, -504.00, 0.45, 14.24, 4.00
10.00, 4, 250.00, 3579.00, -487.00, 0.34, -2.03, 4.00
10.00, 4, 250.00, 3579.00, -472.00, 0.34, -16.61, 4.00
10.00, 4, 250.00, 3579.00, -461.00, 0.34, -29.72, 4.00
10.00, 4, 250.00, 3579.00, -455.00, 0.23, -38.87, 4.00
10.00, 4, 250.00, 3579.00, -454.00, 0.23, -44.63, 4.00
10.00, 4, 250.00, 3579.00, -458.00, 0.11, -45.99, 4.00
10.00, 4, 250.00, 3579.00, -466.00, 0.00, -43.95, 4.00
10.00, 4, 250.00, 3579.00, -478.00, -0.23, -38.87, 4.00
10.00, 4, 250.00, 3579.00, -492.00, -0.45, -30.51, 4.00
10.00, 4, 250.00, 3579.00, -504.00, -0.90, -20.00, 4.00
10.00, 4, 250.00, 3579.00, -515.00, -1.36, -9.83, 4.00
10.00, 4, 250.00, 3579.00, -525.00, -1.92, 1.36, 4.00
10.00, 4, 250.00, 3579.00, -532.00, -2.71, 10.06, 4.00
10.00, 4, 250.00, 3579.00, -537.00, -3.62, 16.84, 4.00
10.00, 4, 250.00, 3578.00, -538.00, -4.75, 21.02, 4.00
10.00, 4, 250.00, 3578.00, -538.00, -5.20, 22.71, 4.00
11.00, 4, 250.00, 3578.00, -537.00, -6.67, 22.60, 4.00
9.00, 4, 250.00, 3578.00, -532.00, -8.59, 21.81, 4.00
10.00, 4, 250.00, 3578.00, -527.00, -10.40, 19.32, 4.00
10.00, 4, 250.00, 3577.00, -521.00, -12.43, 14.24, 4.00
10.00, 4, 250.00, 3577.00, -515.00, -13.90, 9.83, 4.00
10.00, 4, 250.00, 3575.00, -510.00, -16.27, 4.63, 4.00
10.00, 4, 250.00, 3574.00, -506.00, -17.29, -0.56, 4.00
10.00, 4, 250.00, 3571.00, -502.00, -19.10, -4.29, 4.00
10.00, 4, 250.00, 3566.00, -501.00, -19.55, -7.91, 4.00
10.00, 4, 250.00, 3562.00, -501.00, -20.56, -10.06, 4.00
10.00, 4, 250.00, 3558.00, -501.00, -19.32, -10.51, 4.00
10.00, 4, 250.00, 3553.00, -501.00, -19.10, -11.19, 4.00
10.00, 4, 250.00, 3547.00, -502.00, -18.42, -12.09, 4.00
10.00, 4, 250.00, 3541.00, -504.00, -17.18, -12.43, 4.00
10.00, 4, 250.00, 3535.00, -507.00, -16.27, -13.11, 4.00
10.00, 4, 250.00, 3529.00, -510.00, -15.37, -12.54, 4.00
10.00, 4, 250.00, 3524.00, -514.00, -13.90, -12.54, 4.00
10.00, 4, 250.00, 3520.00, -517.00, -12.77, -12.43, 4.00
10.00, 4, 250.00, 3515.00, -521.00, -11.98, -13.79, 4.00
10.00, 4, 250.00, 3512.00, -523.00, -11.30, -15.37, 4.00
10.00, 4, 250.00, 3508.00, -527.00, -10.73, -19.44, 4.00
10.00, 4, 250.00, 3503.00, -531.00, -10.28, -22.94, 4.00
10.00, 4, 250.00, 3500.00, -536.00, -10.06, -27.57, 4.00
10.00, 4, 250.00, 3497.00, -542.00, -10.06, -32.54, 4.00
10.00, 4, 250.00, 3494.00, -550.00, -10.40, -38.42, 4.00
10.00, 4, 250.00, 3491.00, -558.00, -10.51, -43.28, 4.00
10.00, 4, 250.00, 3488.00, -568.00, -11.07, -48.93, 4.00
10.00, 4, 250.00, 3486.00, -580.00, -11.86, -54.58, 4.00
10.00, 4, 250.00, 3483.00, -595.00, -12.54, -59.55, 4.00
10.00, 4, 250.00, 3480.00, -611.00, -13.67, -63.50, 4.00
10.00, 4, 250.00, 3477.00, -630.00, -15.03, -66.44, 4.00
10.00, 4, 250.00, 3474.00, -650.00, -16.50, -69.27, 4.00
10.00, 4, 250.00, 3469.00, -671.00, -18.42, -71.30, 4.00
10.00, 4, 250.00, 3465.00, -695.00, -20.56, -73.33, 4.00
10.00, 4, 250.00, 3461.00, -719.00, -22.82, -74.01, 4.00
10.00, 4, 250.00, 3456.00, -747.00, -25.08, -74.46, 4.00
10.00, 4, 250.00, 3449.00, -773.00, -27.80, -73.90, 4.00
10.00, 4, 250.00, 3443.00, -800.00, -31.07, -72.32, 4.00
10.00, 4, 250.00, 3435.00, -828.00, -34.80, -70.62, 4.00
10.00, 4, 250.00, 3426.00, -857.00, -38.31, -67.46, 4.00
10.00, 4, 250.00, 3415.00, -887.00, -42.71, -63.16, 4.00
10.00, 4, 250.00, 3402.00, -917.00, -47.34, -56.50, 4.00
10.00, 4, 250.00, 3389.00, -945.00, -52.54, -47.68, 4.00
10.00, 4, 250.00, 3374.00, -971.00, -57.74, -37.06, 4.00
10.00, 4, 250.00, 3358.00, -997.00, -63.05, -25.20, 4.00
10.00, 4, 250.00, 3339.00, -1019.00, -68.14, -12.66, 4.00
10.00, 4, 250.00, 3319.00, -1039.00, -73.11, 0.45, 4.00
10.00, 4, 250.00, 3297.00, -1054.00, -77.74, 11.86, 4.00
10.00, 4, 250.00, 3272.00, -1065.00, -81.69, 21.58, 4.00
10.00, 4, 250.00, 3245.00, -1072.00, -85.65, 28.25, 4.00
10.00, 4, 250.00, 3216.00, -1073.00, -88.70, 32.09, 4.00
10.00, 4, 250.00, 3185.00, -1072.00, -91.41, 33.79, 4.00
10.00, 4, 250.00, 3154.00, -1066.00, -93.33, 33.45, 4.00
10.00, 4, 250.00, 3120.00, -1058.00, -94.92, 31.75, 4.00
10.00, 4, 250.00, 3085.00, -1050.00, -96.05, 29.04, 4.00
10.00, 4, 250.00, 3050.00, -1040.00, -96.95, 25.65, 4.00
10.00, 4, 250.00, 3015.00, -1029.00, -97.51, 22.37, 4.00
10.00, 4, 250.00, 2977.00, -1019.00, -97.97, 19.44, 4.00
10.00, 4, 250.00, 2938.00, -1010.00, -98.31, 17.06, 4.00
10.00, 4, 250.00, 2898.00, -1002.00, -98.53, 15.25, 4.00
10.00, 4, 250.00, 2859.00, -995.00, -98.76, 14.12, 4.00
10.00, 4, 250.00, 2819.00, -987.00, -98.87, 13.45, 4.00
10.00, 4, 250.00, 2778.00, -980.00, -98.98, 13.11, 4.00
10.00, 4, 250.00, 2739.00, -972.00, -98.98, 13.11, 4.00
10.00, 4, 250.00, 2698.00, -967.00, -98.98, 13.33, 4.00
10.00, 4, 250.00, 2655.00, -962.00, -98.98, 13.56, 4.00
10.00, 4, 250.00, 2614.00, -957.00, -98.98, 13.67, 4.00
10.00, 4, 250.00, 2574.00, -952.00, -98.98, 13.79, 4.00
10.00, 4, 250.00, 2534.00, -947.00, -98.87, 13.56, 4.00
10.00, 4, 250.00, 2494.00, -941.00, -98.87, 14.01, 4.00
10.00, 4, 250.00, 2453.00, -936.00, -98.87, 14.01, 4.00
10.00, 4, 250.00, 2412.00, -931.00, -98.87, 14.35, 4.00
10.00, 4, 250.00, 2370.00, -926.00, -98.87, 14.24, 4.00
10.00, 4, 250.00, 2328.00, -921.00, -98.98, 14.12, 4.00
10.00, 4, 250.00, 2288.00, -917.00, -98.98, 13.90, 4.00
10.00, 4, 250.00, 2248.00, -911.00, -99.10, 13.11, 4.00
10.00, 4, 250.00, 2206.00, -905.00, -99.21, 13.22, 4.00
10.00, 4, 250.00, 2166.00, -899.00, -99.32, 12.66, 4.00
10.00, 4, 250.00, 2125.00, -895.00, -99.44, 12.99, 4.00
10.00, 4, 250.00, 2084.00, -891.00, -99.55, 11.86, 4.00
10.00, 4, 250.00, 2043.00, -887.00, -99.55, 10.62, 4.00
10.00, 4, 250.00, 2004.00, -883.00, -99.66, 9.38, 4.00
10.00, 4, 250.00, 1964.00, -877.00, -99.66, 8.14, 4.00
10.00, 4, 250.00, 1921.00, -872.00, -99.77, 7.80, 4.00
10.00, 4, 250.00, 1878.00, -869.00, -99.77, 7.01, 4.00
10.00, 4, 250.00, 1836.00, -868.00, -99.77, 5.08, 4.00
10.00, 4, 250.00, 1793.00, -866.00, -99.77, 2.60, 4.00
10.00, 4, 250.00, 1751.00, -863.00, -99.77, 0.34, 4.00
10.00, 4, 250.00, 1710.00, -861.00, -99.77, -2.37, 4.00
10.00, 4, 250.00, 1666.00, -860.00, -99.77, -3.95, 4.00
10.00, 4, 250.00, 1620.00, -860.00, -99.77, -6.10, 4.00
10.00, 4, 250.00, 1576.00, -860.00, -99.77, -9.27, 4.00
10.00, 4, 250.00, 1532.00, -861.00, -99.77, -12.20, 4.00
10.00, 4, 250.00, 1490.00, -863.00, -99.66, -15.59, 4.00
10.00, 4, 250.00, 1447.00, -865.00, -99.66, -19.32, 4.00
10.00, 4, 250.00, 1403.00, -867.00, -99.55, -22.71, 4.00
10.00, 4, 250.00, 1358.00, -871.00, -99.55, -25.54, 4.00
10.00, 4, 250.00, 1314.00, -877.00, -99.44, -29.60, 4.00
10.00, 4, 250.00, 1270.00, -885.00, -99.44, -34.35, 4.00
10.00, 4, 250.00, 1228.00, -893.00, -99.32, -39.10, 4.00
10.00, 4, 250.00, 1187.00, -903.00, -99.32, -43.84, 4.00
10.00, 4, 250.00, 1144.00, -914.00, -99.21, -48.47, 4.00
10.00, 4, 250.00, 1100.00, -927.00, -99.21, -53.33, 4.00
10.00, 4, 250.00, 1056.00, -943.00, -99.32, -58.31, 4.00
10.00, 4, 250.00, 1014.00, -961.00, -99.32, -63.28, 4.00
10.00, 4, 250.00, 975.00, -979.00, -99.32, -67.91, 4.00
10.00, 4, 250.00, 934.00, -1000.00, -99.44, -72.32, 4.00
10.00, 4, 250.00, 892.00, -1023.00, -99.44, -76.05, 4.00
10.00, 4, 250.00, 849.00, -1048.00, -99.44, -79.44, 4.00
10.00, 4, 250.00, 809.00, -1075.00, -99.55, -82.60, 4.00
10.00, 4, 250.00, 767.00, -1103.00, -99.55, -85.08, 4.00
10.00, 4, 250.00, 726.00, -1132.00, -99.55, -87.12, 4.00
10.00, 4, 250.00, 687.00, -1163.00, -99.44, -89.04, 4.00
10.00, 4, 250.00, 645.00, -1197.00, -99.44, -90.40, 4.00
10.00, 4, 250.00, 603.00, -1231.00, -99.44, -91.75, 4.00
10.00, 4, 250.00, 561.00, -1264.00, -99.32, -92.66, 4.00
10.00, 4, 250.00, 518.00, -1300.00, -99.32, -93.33, 4.00
10.00, 4, 250.00, 479.00, -1336.00, -99.21, -94.01, 4.00
10.00, 4, 250.00, 440.00, -1372.00, -99.10, -94.46, 4.00
10.00, 4, 250.00, 398.00, -1408.00, -98.87, -94.80, 4.00
10.00, 4, 250.00, 355.00, -1446.00, -98.76, -95.25, 4.00
10.00, 4, 250.00, 313.00, -1486.00, -98.76, -95.59, 4.00
10.00, 4, 250.00, 269.00, -1524.00, -98.64, -95.93, 4.00
10.00, 4, 250.00, 227.00, -1562.00, -98.64, -96.38, 4.00
10.00, 4, 250.00, 188.00, -1599.00, -98.64, -96.72, 4.00
10.00, 4, 250.00, 146.00, -1638.00, -98.64, -97.06, 4.00
10.00, 4, 250.00, 103.00, -1678.00, -98.76, -97.40, 4.00
10.00, 4, 250.00, 59.00, -1718.00, -98.87, -97.85, 4.00
10.00, 4, 250.00, 17.00, -1758.00, -98.98, -98.19, 4.00
10.00, 4, 250.00, -26.00, -1797.00, -99.10, -98.53, 4.00
10.00, 4, 250.00, -68.00, -1832.00, -99.21, -98.87, 4.00
10.00, 4, 250.00, -109.00, -1869.00, -99.21, -99.10, 4.00
10.00, 4, 250.00, -152.00, -1909.00, -99.32, -99.21, 4.00
10.00, 4, 250.00, -197.00, -1948.00, -99.32, -99.44, 4.00
10.00, 4, 250.00, -240.00, -1990.00, -99.44, -99.55, 4.00
10.00, 4, 250.00, -282.00, -2030.00, -99.44, -99.66, 4.00
10.00, 4, 250.00, -323.00, -2066.00, -99.44, -99.66, 4.00
10.00, 4, 250.00, -364.00, -2103.00, -99.32, -99.77, 4.00
10.00, 4, 250.00, -405.00, -2144.00, -99.32, -99.77, 4.00
10.00, 4, 250.00, -449.00, -2186.00, -99.32, -99.77, 4.00
10.00, 4, 250.00, -491.00, -2228.00, -99.21, -99.77, 4.00
10.00, 4, 250.00, -533.00, -2267.00, -99.10, -99.89, 4.00
10.00, 4, 250.00, -574.00, -2307.00, -98.98, -99.89, 4.00
10.00, 4, 250.00, -616.00, -2346.00, -98.87, -99.89, 4.00
10.00, 4, 250.00, -659.00, -2384.00, -98.76, -99.89, 4.00
10.00, 4, 250.00, -702.00, -2426.00, -98.76, -99.89, 4.00
10.00, 4, 250.00, -745.00, -2471.00, -98.64, -99.89, 4.00
10.00, 4, 250.00, -787.00, -2513.00, -98.64, -99.77, 4.00
10.00, 4, 250.00, -829.00, -2553.00, -98.64, -99.77, 4.00
10.00, 4, 250.00, -871.00, -2594.00, -98.76, -99.77, 4.00
10.00, 4, 250.00, -914.00, -2635.00, -98.87, -99.77, 4.00
10.00, 4, 250.00, -956.00, -2676.00, -98.98, -99.66, 4.00
10.00, 4, 250.00, -1000.00, -2718.00, -99.10, -99.66, 4.00
10.00, 4, 250.00, -1043.00, -2762.00, -99.21, -99.55, 4.00
10.00, 4, 250.00, -1085.00, -2805.00, -99.32, -99.55, 4.00
10.00, 4, 250.00, -1127.00, -2843.00, -99.32, -99.44, 4.00
10.00, 4, 250.00, -1170.00, -2883.00, -99.44, -99.44, 4.00
10.00, 4, 250.00, -1214.00, -2924.00, -99.44, -99.44, 4.00
10.00, 4, 250.00, -1256.00, -2967.00, -99.44, -99.44, 4.00
10.00, 4, 250.00, -1299.00, -3012.00, -99.55, -99.44, 4.00
10.00, 4, 250.00, -1341.00, -3052.00, -99.55, -99.44, 4.00
10.00, 4, 250.00, -1382.00, -3091.00, -99.44, -99.44, 4.00
10.00, 4, 250.00, -1424.00, -3130.00, -99.44, -99.55, 4.00
10.00, 4, 250.00, -1467.00, -3169.00, -99.44, -99.55, 4.00
10.00, 4, 250.00, -1509.00, -3209.00, -99.32, -99.55, 4.00
10.00, 4, 250.00, -1551.00, -3251.00, -99.21, -99.55, 4.00
10.00, 4, 250.00, -1590.00, -3291.00, -99.21, -99.55, 4.00
10.00, 4, 250.00, -1632.00, -3331.00, -99.10, -99.55, 4.00
10.00, 4, 250.00, -1673.00, -3371.00, -98.98, -99.55, 4.00
10.00, 4, 250.00, -1714.00, -3410.00, -98.87, -99.55, 4.00
10.00, 4, 250.00, -1755.00, -3451.00, -98.76, -99.55, 4.00
10.00, 4, 250.00, -1796.00, -3492.00, -98.76, -99.55, 4.00
10.00, 4, 250.00, -1836.00, -3532.00, -98.76, -99.44, 4.00
10.00, 4, 250.00, -1877.00, -3573.00, -98.76, -99.44, 4.00
10.00, 4, 250.00, -1920.00, -3612.00, -98.87, -99.32, 4.00
10.00, 4, 250.00, -1961.00, -3650.00, -98.87, -99.21, 4.00
10.00, 4, 250.00, -2003.00, -3691.00, -98.98, -99.10, 4.00
10.00, 4, 250.00, -2046.00, -3734.00, -99.10, -98.98, 4.00
10.00, 4, 250.00, -2088.00, -3775.00, -99.21, -98.87, 4.00
10.00, 4, 250.00, -2129.00, -3813.00, -99.32, -98.76, 4.00
10.00, 4, 250.00, -2173.00, -3854.00, -99.44, -98.64, 4.00
10.00, 4, 250.00, -2217.00, -3894.00, -99.44, -98.64, 4.00
10.00, 4, 250.00, -2259.00, -3933.00, -99.44, -98.64, 4.00
10.00, 4, 250.00, -2302.00, -3973.00, -99.55, -98.76, 4.00
10.00, 4, 250.00, -2343.00, -4015.00, -99.55, -98.87, 4.00
10.00, 4, 250.00, -2383.00, -4056.00, -99.55, -98.98, 4.00
10.00, 4, 250.00, -2428.00, -4097.00, -99.44, -99.10, 4.00
10.00, 4, 250.00, -2473.00, -4136.00, -99.44, -99.10, 4.00
10.00, 4, 250.00, -2516.00, -4175.00, -99.44, -99.21, 4.00
10.00, 4, 250.00, -2559.00, -4218.00, -99.32, -99.32, 4.00
10.00, 4, 250.00, -2601.00, -4257.00, -99.21, -99.32, 4.00
10.00, 4, 250.00, -2643.00, -4297.00, -99.10, -99.32, 4.00
10.00, 4, 250.00, -2686.00, -4339.00, -98.98, -99.44, 4.00
10.00, 4, 250.00, -2730.00, -4378.00, -98.98, -99.44, 4.00
10.00, 4, 250.00, -2771.00, -4415.00, -98.87, -99.44, 4.00
10.00, 4, 250.00, -2814.00, -4457.00, -98.76, -99.32, 4.00
10.00, 4, 250.00, -2855.00, -4496.00, -98.76, -99.32, 4.00
10.00, 4, 250.00, -2896.00, -4537.00, -98.87, -99.21, 4.00
10.00, 4, 250.00, -2937.00, -4577.00, -98.87, -99.21, 4.00
10.00, 4, 250.00, -2981.00, -4617.00, -98.98, -99.10, 4.00
10.00, 4, 250.00, -3025.00, -4656.00, -99.10, -98.98, 4.00
10.00, 4, 250.00, -3066.00, -4697.00, -99.10, -98.87, 4.00
10.00, 4, 250.00, -3105.00, -4738.00, -99.21, -98.76, 4.00
10.00, 4, 250.00, -3146.00, -4778.00, -99.32, -98.64, 4.00
10.00, 4, 250.00, -3189.00, -4817.00, -99.32, -98.53, 4.00
10.00, 4, 250.00, -3231.00, -4859.00, -99.44, -98.53, 4.00
10.00, 4, 250.00, -3274.00, -4899.00, -99.44, -98.64, 4.00
10.00, 4, 250.00, -3315.00, -4939.00, -99.44, -98.64, 4.00
10.00, 4, 250.00, -3355.00, -4981.00, -99.44, -98.76, 4.00
10.00, 4, 250.00, -3397.00, -5022.00, -99.44, -98.87, 4.00
10.00, 4, 250.00, -3439.00, -5063.00, -99.44, -98.98, 4.00
10.00, 4, 250.00, -3482.00, -5105.00, -99.44, -99.10, 4.00
10.00, 4, 250.00, -3525.00, -5146.00, -99.32, -99.21, 4.00
10.00, 4, 250.00, -3569.00, -5186.00, -99.32, -99.32, 4.00
10.00, 4, 250.00, -3609.00, -5226.00, -99.21, -99.44, 4.00
10.00, 4, 250.00, -3649.00, -5267.00, -99.10, -99.44, 4.00
10.00, 4, 250.00, -3692.00, -5310.00, -98.98, -99.44, 4.00
10.00, 4, 250.00, -3735.00, -5350.00, -98.87, -99.55, 4.00
10.00, 4, 250.00, -3777.00, -5391.00, -98.87, -99.55, 4.00
10.00, 4, 250.00, -3819.00, -5433.00, -98.76, -99.55, 4.00
10.00, 4, 250.00, -3860.00, -5473.00, -98.76, -99.55, 4.00
10.00, 4, 250.00, -3900.00, -5513.00, -98.76, -99.44, 4.00
10.00, 4, 250.00, -3943.00, -5555.00, -98.76, -99.44, 4.00
10.00, 4, 250.00, -3986.00, -5595.00, -98.87, -99.32, 4.00
10.00, 4, 250.00, -4031.00, -5635.00, -98.98, -99.32, 4.00
10.00, 4, 250.00, -4071.00, -5675.00, -99.10, -99.21, 4.00
10.00, 4, 250.00, -4111.00, -5714.00, -99.21, -99.10, 4.00
10.00, 4, 250.00, -4153.00, -5753.00, -99.32, -98.98, 4.00
10.00, 4, 250.00, -4194.00, -5795.00, -99.32, -98.87, 4.00
10.00, 4, 250.00, -4236.00, -5835.00, -99.44, -98.76, 4.00
10.00, 4, 250.00, -4279.00, -5875.00, -99.44, -98.76, 4.00
10.00, 4, 250.00, -4321.00, -5914.00, -99.44, -98.76, 4.00
10.00, 4, 250.00, -4362.00, -5953.00, -99.44, -98.76, 4.00
10.00, 4, 250.00, -4401.00, -5994.00, -99.44, -98.87, 4.00
10.00, 4, 250.00, -4443.00, -6031.00, -99.44, -98.87, 4.00
10.00, 4, 250.00, -4487.00, -6072.00, -99.44, -98.98, 4.00
10.00, 4, 250.00, -4531.00, -6114.00, -99.44, -99.10, 4.00
10.00, 4, 250.00, -4575.00, -6154.00, -99.32, -99.21, 4.00
10.00, 4, 250.00, -4617.00, -6192.00, -99.21, -99.32, 4.00
10.00, 4, 250.00, -4658.00, -6229.00, -99.21, -99.44, 4.00
10.00, 4, 250.00, -4699.00, -6270.00, -99.10, -99.44, 4.00
10.00, 4, 250.00, -4743.00, -6312.00, -98.98, -99.44, 4.00
10.00, 4, 250.00, -4786.00, -6352.00, -98.87, -99.55, 4.00
10.00, 4, 250.00, -4830.00, -6394.00, -98.76, -99.55, 4.00
10.00, 4, 250.00, -4874.00, -6435.00, -98.76, -99.55, 4.00
10.00, 4, 250.00, -4915.00, -6470.00, -98.76, -99.55, 4.00
10.00, 4, 250.00, -4957.00, -6509.00, -98.87, -99.44, 4.00
10.00, 4, 250.00, -5002.00, -6551.00, -98.87, -99.44, 4.00
10.00, 4, 250.00, -5044.00, -6594.00, -98.98, -99.44, 4.00
10.00, 4, 250.00, -5088.00, -6636.00, -99.10, -99.32, 4.00
10.00, 4, 250.00, -5132.00, -6675.00, -99.21, -99.21, 4.00
10.00, 4, 250.00, -5172.00, -6714.00, -99.32, -99.10, 4.00
10.00, 4, 250.00, -5213.00, -6753.00, -99.32, -98.98, 4.00
10.00, 4, 250.00, -5255.00, -6793.00, -99.44, -98.87, 4.00
10.00, 4, 250.00, -5299.00, -6835.00, -99.44, -98.87, 4.00
10.00, 4, 250.00, -5341.00, -6878.00, -99.44, -98.76, 4.00
10.00, 4, 250.00, -5384.00, -6921.00, -99.55, -98.76, 4.00
10.00, 4, 250.00, -5424.00, -6957.00, -99.55, -98.76, 4.00
10.00, 4, 250.00, -5465.00, -6994.00, -99.44, -98.87, 4.00
10.00, 4, 250.00, -5506.00, -7034.00, -99.44, -98.87, 4.00
10.00, 4, 250.00, -5548.00, -7076.00, -99.44, -98.98, 4.00
10.00, 4, 250.00, -5589.00, -7118.00, -99.32, -99.10, 4.00
10.00, 4, 250.00, -5630.00, -7157.00, -99.21, -99.21, 4.00
10.00, 4, 250.00, -5670.00, -7198.00, -99.21, -99.32, 4.00
10.00, 4, 250.00, -5709.00, -7235.00, -99.10, -99.32, 4.00
10.00, 4, 250.00, -5750.00, -7276.00, -98.98, -99.44, 4.00
10.00, 4, 250.00, -5793.00, -7316.00, -98.87, -99.44, 4.00
10.00, 4, 250.00, -5836.00, -7356.00, -98.76, -99.55, 4.00
10.00, 4, 250.00, -5879.00, -7400.00, -98.76, -99.55, 4.00
10.00, 4, 250.00, -5921.00, -7440.00, -98.76, -99.55, 4.00
10.00, 4, 250.00, -5960.00, -7477.00, -98.76, -99.55, 4.00
10.00, 4, 250.00, -6002.00, -7518.00, -98.76, -99.55, 4.00
10.00, 4, 250.00, -6045.00, -7559.00, -98.87, -99.44, 4.00
10.00, 4, 250.00, -6088.00, -7600.00, -98.98, -99.44, 4.00
10.00, 4, 250.00, -6133.00, -7643.00, -99.10, -99.32, 4.00
10.00, 4, 250.00, -6174.00, -7684.00, -99.21, -99.32, 4.00
10.00, 4, 250.00, -6215.00, -7723.00, -99.32, -99.21, 4.00
10.00, 4, 250.00, -6257.00, -7761.00, -99.32, -99.10, 4.00
10.00, 4, 250.00, -6300.00, -7801.00, -99.44, -98.98, 4.00
10.00, 4, 250.00, -6346.00, -7843.00, -99.44, -98.87, 4.00
10.00, 4, 250.00, -6388.00, -7887.00, -99.55, -98.87, 4.00
10.00, 4, 250.00, -6429.00, -7928.00, -99.55, -98.76, 4.00
10.00, 4, 250.00, -6470.00, -7966.00, -99.44, -98.76, 4.00
10.00, 4, 250.00, -6514.00, -8003.00, -99.44, -98.87, 4.00
10.00, 4, 250.00, -6558.00, -8043.00, -99.44, -98.87, 4.00
10.00, 4, 250.00, -6601.00, -8084.00, -99.44, -98.98, 4.00
10.00, 4, 250.00, -6644.00, -8127.00, -99.32, -98.98, 4.00
10.00, 4, 250.00, -6684.00, -8170.00, -99.21, -99.10, 4.00
10.00, 4, 250.00, -6725.00, -8209.00, -99.10, -99.21, 4.00
10.00, 4, 250.00, -6767.00, -8244.00, -98.98, -99.32, 4.00
10.00, 4, 250.00, -6810.00, -8282.00, -98.87, -99.44, 4.00
10.00, 4, 250.00, -6853.00, -8323.00, -98.87, -99.44, 4.00
10.00, 4, 250.00, -6896.00, -8364.00, -98.76, -99.44, 4.00
10.00, 4, 250.00, -6938.00, -8405.00, -98.76, -99.55, 4.00
10.00, 4, 250.00, -6979.00, -8443.00, -98.76, -99.55, 4.00
10.00, 4, 250.00, -7020.00, -8482.00, -98.87, -99.55, 4.00
10.00, 4, 250.00, -7063.00, -8521.00, -98.87, -99.44, 4.00
10.00, 4, 250.00, -7107.00, -8561.00, -98.98, -99.44, 4.00
10.00, 4, 250.00, -7150.00, -8600.00, -99.10, -99.44, 4.00
10.00, 4, 250.00, -7192.00, -8643.00, -99.21, -99.32, 4.00
10.00, 4, 250.00, -7232.00, -8683.00, -99.32, -99.32, 4.00
10.00, 4, 250.00, -7275.00, -8721.00, -99.32, -99.21, 4.00
10.00, 4, 250.00, -7318.00, -8760.00, -99.44, -99.10, 4.00
10.00, 4, 250.00, -7361.00, -8802.00, -99.44, -98.98, 4.00
10.00, 4, 250.00, -7405.00, -8844.00, -99.44, -98.87, 4.00
10.00, 4, 250.00, -7446.00, -8886.00, -99.55, -98.87, 4.00
10.00, 4, 250.00, -7488.00, -8925.00, -99.44, -98.76, 4.00
10.00, 4, 250.00, -7530.00, -8966.00, -99.44, -98.76, 4.00
10.00, 4, 250.00, -7573.00, -9005.00, -99.44, -98.76, 4.00
10.00, 4, 250.00, -7615.00, -9043.00, -99.44, -98.87, 4.00
10.00, 4, 250.00, -7658.00, -9086.00, -99.32, -98.87, 4.00
10.00, 4, 250.00, -7702.00, -9129.00, -99.21, -98.98, 4.00
10.00, 4, 250.00, -7741.00, -9169.00, -99.10, -99.10, 4.00
10.00, 4, 250.00, -7784.00, -9210.00, -98.98, -99.21, 4.00
10.00, 4, 250.00, -7828.00, -9251.00, -98.87, -99.32, 4.00
10.00, 4, 250.00, -7868.00, -9292.00, -98.87, -99.32, 4.00
10.00, 4, 250.00, -7910.00, -9333.00, -98.76, -99.44, 4.00
10.00, 4, 250.00, -7951.00, -9374.00, -98.76, -99.44, 4.00
10.00, 4, 250.00, -7991.00, -9415.00, -98.76, -99.55, 4.00
10.00, 4, 250.00, -8031.00, -9454.00, -98.76, -99.55, 4.00
10.00, 4, 250.00, -8073.00, -9495.00, -98.87, -99.55, 4.00
10.00, 4, 250.00, -8117.00, -9535.00, -98.98, -99.55, 4.00
10.00, 4, 250.00, -8157.00, -9574.00, -99.10, -99.55, 4.00
10.00, 4, 250.00, -8198.00, -9615.00, -99.21, -99.44, 4.00
10.00, 4, 250.00, -8241.00, -9656.00, -99.21, -99.44, 4.00
10.00, 4, 250.00, -8282.00, -9694.00, -99.32, -99.32, 4.00
10.00, 4, 250.00, -8325.00, -9735.00, -99.44, -99.21, 4.00
10.00, 4, 250.00, -8369.00, -9775.00, -99.44, -99.10, 4.00
10.00, 4, 250.00, -8411.00, -9816.00, -99.44, -99.10, 4.00
10.00, 4, 250.00, -8454.00, -9855.00, -99.44, -98.98, 4.00
10.00, 4, 250.00, -8497.00, -9896.00, -99.44, -98.87, 4.00
10.00, 4, 250.00, -8537.00, -9935.00, -99.44, -98.76, 4.00
10.00, 4, 250.00, -8580.00, -9975.00, -99.44, -98.76, 4.00
10.00, 4, 250.00, -8626.00, -10013.00, -99.44, -98.76, 4.00
10.00, 4, 250.00, -8670.00, -10051.00, -99.32, -98.76, 4.00
10.00, 4, 250.00, -8713.00, -10094.00, -99.21, -98.87, 4.00
10.00, 4, 250.00, -8757.00, -10133.00, -99.21, -98.98, 4.00
10.00, 4, 250.00, -8800.00, -10173.00, -99.10, -99.10, 4.00
10.00, 4, 250.00, -8843.00, -10214.00, -98.98, -99.10, 4.00
10.00, 4, 250.00, -8887.00, -10255.00, -98.87, -99.21, 4.00
10.00, 4, 250.00, -8930.00, -10292.00, -98.87, -99.32, 4.00
10.00, 4, 250.00, -8972.00, -10331.00, -98.76, -99.44, 4.00
10.00, 4, 250.00, -9014.00, -10372.00, -98.76, -99.44, 4.00
10.00, 4, 250.00, -9056.00, -10413.00, -98.87, -99.44, 4.00
10.00, 4, 250.00, -9100.00, -10453.00, -98.87, -99.55, 4.00
10.00, 4, 250.00, -9142.00, -10494.00, -98.98, -99.55, 4.00
10.00, 4, 250.00, -9186.00, -10534.00, -99.10, -99.55, 4.00
10.00, 4, 250.00, -9229.00, -10572.00, -99.21, -99.55, 4.00
10.00, 4, 250.00, -9268.00, -10613.00, -99.32, -99.44, 4.00
10.00, 4, 250.00, -9309.00, -10654.00, -99.32, -99.44, 4.00
10.00, 4, 250.00, -9351.00, -10695.00, -99.44, -99.32, 4.00
10.00, 4, 250.00, -9392.00, -10737.00, -99.44, -99.32, 4.00
10.00, 4, 250.00, -9434.00, -10776.00, -99.44, -99.21, 4.00
10.00, 4, 250.00, -9475.00, -10814.00, -99.44, -99.10, 4.00
10.00, 4, 250.00, -9516.00, -10853.00, -99.44, -98.98, 4.00
10.00, 4, 250.00, -9556.00, -10894.00, -99.44, -98.87, 4.00
10.00, 4, 250.00, -9599.00, -10936.00, -99.44, -98.76, 4.00
10.00, 4, 250.00, -9642.00, -10977.00, -99.32, -98.76, 4.00
10.00, 4, 250.00, -9684.00, -11018.00, -99.32, -98.76, 4.00
10.00, 4, 250.00, -9726.00, -11056.00, -99.21, -98.76, 4.00
10.00, 4, 250.00, -9766.00, -11095.00, -99.10, -98.87, 4.00
10.00, 4, 250.00, -9806.00, -11136.00, -98.98, -98.87, 4.00
10.00, 4, 250.00, -9848.00, -11178.00, -98.87, -98.98, 4.00
10.00, 4, 250.00, -9892.00, -11220.00, -98.76, -99.10, 4.00
10.00, 4, 250.00, -9936.00, -11260.00, -98.76, -99.21, 4.00
10.00, 4, 250.00, -9977.00, -11298.00, -98.76, -99.32, 4.00
10.00, 4, 250.00, -10017.00, -11338.00, -98.76, -99.32, 4.00
10.00, 4, 250.00, -10058.00, -11378.00, -98.76, -99.44, 4.00
10.00, 4, 250.00, -10102.00, -11420.00, -98.87, -99.44, 4.00
10.00, 4, 250.00, -10144.00, -11461.00, -98.87, -99.55, 4.00
10.00, 4, 250.00, -10188.00, -11504.00, -98.98, -99.55, 4.00
10.00, 4, 250.00, -10232.00, -11545.00, -99.10, -99.55, 4.00
10.00, 4, 250.00, -10273.00, -11583.00, -99.21, -99.55, 4.00
10.00, 4, 250.00, -10313.00, -11622.00, -99.32, -99.55, 4.00
10.00, 4, 250.00, -10356.00, -11665.00, -99.44, -99.44, 4.00
10.00, 4, 250.00, -10398.00, -11707.00, -99.44, -99.44, 4.00
10.00, 4, 250.00, -10441.00, -11750.00, -99.44, -99.32, 4.00
10.00, 4, 250.00, -10484.00, -11790.00, -99.44, -99.21, 4.00
10.00, 4, 250.00, -10525.00, -11828.00, -99.55, -99.21, 4.00
10.00, 4, 250.00, -10563.00, -11867.00, -99.44, -99.10, 4.00
10.00, 4, 250.00, -10604.00, -11907.00, -99.44, -98.98, 4.00
10.00, 4, 250.00, -10649.00, -11948.00, -99.44, -98.87, 4.00
10.00, 4, 250.00, -10693.00, -11990.00, -99.32, -98.76, 4.00
10.00, 4, 250.00, -10736.00, -12031.00, -99.32, -98.76, 4.00
10.00, 4, 250.00, -10778.00, -12070.00, -99.21, -98.76, 4.00
10.00, 4, 250.00, -10817.00, -12105.00, -99.10, -98.87, 4.00
10.00, 4, 250.00, -10859.00, -12145.00, -98.98, -98.87, 4.00
10.00, 4, 250.00, -10902.00, -12186.00, -98.87, -98.98, 4.00
10.00, 4, 250.00, -10946.00, -12226.00, -98.76, -99.10, 4.00
10.00, 4, 250.00, -10990.00, -12267.00, -98.76, -99.21, 4.00
10.00, 4, 250.00, -11034.00, -12308.00, -98.76, -99.21, 4.00
10.00, 4, 250.00, -11075.00, -12345.00, -98.76, -99.32, 4.00
10.00, 4, 250.00, -11115.00, -12383.00, -98.87, -99.44, 4.00
10.00, 4, 250.00, -11160.00, -12423.00, -98.98, -99.44, 4.00
10.00, 4, 250.00, -11206.00, -12463.00, -98.98, -99.44, 4.00
10.00, 4, 250.00, -11250.00, -12505.00, -99.10, -99.55, 4.00
10.00, 4, 250.00, -11292.00, -12546.00, -99.21, -99.55, 4.00
10.00, 4, 250.00, -11332.00, -12584.00, -99.32, -99.55, 4.00
10.00, 4, 250.00, -11374.00, -12623.00, -99.44, -99.44, 4.00
10.00, 4, 250.00, -11417.00, -12663.00, -99.44, -99.44, 4.00
10.00, 4, 250.00, -11461.00, -12703.00, -99.44, -99.44, 4.00
10.00, 4, 250.00, -11504.00, -12747.00, -99.55, -99.32, 4.00
10.00, 4, 250.00, -11547.00, -12789.00, -99.55, -99.32, 4.00
10.00, 4, 250.00, -11588.00, -12827.00, -99.55, -99.21, 4.00
10.00, 4, 250.00, -11631.00, -12862.00, -99.44, -99.10, 4.00
10.00, 4, 250.00, -11674.00, -12904.00, -99.44, -98.98, 4.00
10.00, 4, 250.00, -11716.00, -12947.00, -99.32, -98.87, 4.00
10.00, 4, 250.00, -11759.00, -12990.00, -99.32, -98.76, 4.00
10.00, 4, 250.00, -11800.00, -13032.00, -99.21, -98.76, 4.00
10.00, 4, 250.00, -11839.00, -13071.00, -99.10, -98.76, 4.00
10.00, 4, 250.00, -11879.00, -13109.00, -98.98, -98.76, 4.00
10.00, 4, 250.00, -11921.00, -13147.00, -98.87, -98.87, 4.00
10.00, 4, 250.00, -11962.00, -13189.00, -98.76, -98.87, 4.00
10.00, 4, 250.00, -12004.00, -13232.00, -98.76, -98.98, 4.00
10.00, 4, 250.00, -12045.00, -13274.00, -98.76, -99.10, 4.00
10.00, 4, 250.00, -12086.00, -13314.00, -98.76, -99.21, 4.00
10.00, 4, 250.00, -12127.00, -13351.00, -98.76, -99.32, 4.00
10.00, 4, 250.00, -12170.00, -13390.00, -98.87, -99.44, 4.00
10.00, 4, 250.00, -12213.00, -13431.00, -98.98, -99.44, 4.00
10.00, 4, 250.00, -12256.00, -13472.00, -99.10, -99.44, 4.00
10.00, 4, 250.00, -12298.00, -13513.00, -99.21, -99.55, 4.00
10.00, 4, 250.00, -12341.00, -13553.00, -99.32, -99.55, 4.00
10.00, 4, 250.00, -12381.00, -13594.00, -99.32, -99.55, 4.00
10.00, 4, 250.00, -12425.00, -13635.00, -99.44, -99.55, 4.00
10.00, 4, 250.00, -12470.00, -13673.00, -99.44, -99.44, 4.00
10.00, 4, 250.00, -12514.00, -13713.00, -99.44, -99.44, 4.00
10.00, 4, 250.00, -12558.00, -13755.00, -99.55, -99.44, 4.00
10.00, 4, 250.00, -12600.00, -13795.00, -99.55, -99.32, 4.00
10.00, 4, 250.00, -12643.00, -13833.00, -99.44, -99.21, 4.00
10.00, 4, 250.00, -12685.00, -13873.00, -99.44, -99.10, 4.00
10.00, 4, 250.00, -12730.00, -13914.00, -99.44, -98.98, 4.00
10.00, 4, 250.00, -12773.00, -13954.00, -99.32, -98.87, 4.00
10.00, 4, 250.00, -12817.00, -13996.00, -99.21, -98.87, 4.00
10.00, 4, 250.00, -12859.00, -14036.00, -99.10, -98.76, 4.00
10.00, 4, 250.00, -12902.00, -14076.00, -99.10, -98.76, 4.00
10.00, 4, 250.00, -12945.00, -14114.00, -98.98, -98.76, 4.00
10.00, 4, 250.00, -12987.00, -14152.00, -98.87, -98.76, 4.00
10.00, 4, 250.00, -13031.00, -14194.00, -98.76, -98.87, 4.00
10.00, 4, 250.00, -13072.00, -14235.00, -98.76, -98.98, 4.00
10.00, 4, 250.00, -13113.00, -14275.00, -98.76, -99.10, 4.00
10.00, 4, 250.00, -13155.00, -14314.00, -98.87, -99.21, 4.00
10.00, 4, 250.00, -13198.00, -14354.00, -98.87, -99.21, 4.00
10.00, 4, 250.00, -13239.00, -14393.00, -98.98, -99.32, 4.00
10.00, 4, 250.00, -13280.00, -14433.00, -99.10, -99.44, 4.00
10.00, 4, 250.00, -13323.00, -14474.00, -99.21, -99.44, 4.00
10.00, 4, 250.00, -13363.00, -14515.00, -99.32, -99.44, 4.00
10.00, 4, 250.00, -13404.00, -14554.00, -99.32, -99.55, 4.00
10.00, 4, 250.00, -13448.00, -14595.00, -99.44, -99.55, 4.00
10.00, 4, 250.00, -13491.00, -14633.00, -99.44, -99.55, 4.00
10.00, 4, 250.00, -13533.00, -14671.00, -99.44, -99.44, 4.00
10.00, 4, 250.00, -13576.00, -14712.00, -99.44, -99.44, 4.00
10.00, 4, 250.00, -13617.00, -14754.00, -99.44, -99.44, 4.00
10.00, 4, 250.00, -13658.00, -14792.00, -99.44, -99.32, 4.00
10.00, 4, 250.00, -13701.00, -14833.00, -99.44, -99.21, 4.00
10.00, 4, 250.00, -13745.00, -14873.00, -99.32, -99.21, 4.00
10.00, 4, 250.00, -13787.00, -14912.00, -99.32, -99.10, 4.00
10.00, 4, 250.00, -13828.00, -14953.00, -99.21, -98.98, 4.00
10.00, 4, 250.00, -13870.00, -14994.00, -99.10, -98.87, 4.00
10.00, 4, 250.00, -13911.00, -15035.00, -98.98, -98.76, 4.00
10.00, 4, 250.00, -13954.00, -15076.00, -98.87, -98.76, 4.00
10.00, 4, 250.00, -13998.00, -15115.00, -98.87, -98.76, 4.00
10.00, 4, 250.00, -14041.00, -15154.00, -98.76, -98.76, 4.00
10.00, 4, 250.00, -14081.00, -15194.00, -98.76, -98.87, 4.00
10.00, 4, 250.00, -14122.00, -15235.00, -98.76, -98.87, 4.00
10.00, 4, 250.00, -14164.00, -15277.00, -98.76, -98.98, 4.00
10.00, 4, 250.00, -14207.00, -15318.00, -98.87, -99.10, 4.00
10.00, 4, 250.00, -14250.00, -15360.00, -98.98, -99.21, 4.00
10.00, 4, 250.00, -14292.00, -15399.00, -99.10, -99.32, 4.00
10.00, 4, 250.00, -14334.00, -15438.00, -99.21, -99.44, 4.00
10.00, 4, 250.00, -14374.00, -15480.00, -99.21, -99.44, 4.00
10.00, 4, 250.00, -14413.00, -15521.00, -99.32, -99.55, 4.00
10.00, 4, 250.00, -14455.00, -15563.00, -99.44, -99.55, 4.00
10.00, 4, 250.00, -14500.00, -15603.00, -99.44, -99.55, 4.00
10.00, 4, 250.00, -14542.00, -15644.00, -99.44, -99.55, 4.00
10.00, 4, 250.00, -14584.00, -15684.00, -99.44, -99.55, 4.00
10.00, 4, 250.00, -14623.00, -15724.00, -99.44, -99.44, 4.00
10.00, 4, 250.00, -14664.00, -15766.00, -99.44, -99.44, 4.00
10.00, 4, 250.00, -14706.00, -15807.00, -99.44, -99.44, 4.00
10.00, 4, 250.00, -14750.00, -15848.00, -99.44, -99.32, 4.00
10.00, 4, 250.00, -14796.00, -15887.00, -99.32, -99.21, 4.00
10.00, 4, 250.00, -14840.00, -15925.00, -99.32, -99.10, 4.00
10.00, 4, 250.00, -14879.00, -15965.00, -99.21, -98.98, 4.00
10.00, 4, 250.00, -14919.00, -16006.00, -99.10, -98.87, 4.00
10.00, 4, 250.00, -14964.00, -16046.00, -98.98, -98.87, 4.00
10.00, 4, 250.00, -15008.00, -16086.00, -98.87, -98.76, 4.00
10.00, 4, 250.00, -15052.00, -16126.00, -98.87, -98.76, 4.00
10.00, 4, 250.00, -15097.00, -16165.00, -98.76, -98.76, 4.00
10.00, 4, 250.00, -15138.00, -16203.00, -98.76, -98.87, 4.00
10.00, 4, 250.00, -15179.00, -16243.00, -98.87, -98.87, 4.00
10.00, 4, 250.00, -15221.00, -16283.00, -98.87, -98.98, 4.00
10.00, 4, 250.00, -15265.00, -16324.00, -98.98, -99.10, 4.00
10.00, 4, 250.00, -15310.00, -16365.00, -99.10, -99.21, 4.00
10.00, 4, 250.00, -15352.00, -16405.00, -99.21, -99.32, 4.00
10.00, 4, 250.00, -15393.00, -16445.00, -99.32, -99.32, 4.00
10.00, 4, 250.00, -15435.00, -16484.00, -99.32, -99.44, 4.00
10.00, 4, 250.00, -15477.00, -16523.00, -99.44, -99.44, 4.00
10.00, 4, 250.00, -15521.00, -16565.00, -99.44, -99.44, 4.00
10.00, 4, 250.00, -15563.00, -16610.00, -99.44, -99.55, 4.00
10.00, 4, 250.00, -15604.00, -16651.00, -99.55, -99.55, 4.00
10.00, 4, 250.00, -15645.00, -16689.00, -99.55, -99.55, 4.00
10.00, 4, 250.00, -15685.00, -16725.00, -99.44, -99.55, 4.00
10.00, 4, 250.00, -15725.00, -16765.00, -99.44, -99.44, 4.00
10.00, 4, 250.00, -15767.00, -16807.00, -99.44, -99.44, 4.00
10.00, 4, 250.00, -15809.00, -16848.00, -99.32, -99.32, 4.00
10.00, 4, 250.00, -15851.00, -16891.00, -99.21, -99.21, 4.00
10.00, 4, 250.00, -15893.00, -16931.00, -99.21, -99.21, 4.00
10.00, 4, 250.00, -15933.00, -16967.00, -99.10, -99.10, 4.00
10.00, 4, 250.00, -15974.00, -17009.00, -98.98, -98.98, 4.00
10.00, 4, 250.00, -16017.00, -17051.00, -98.87, -98.87, 4.00
10.00, 4, 250.00, -16059.00, -17094.00, -98.76, -98.76, 4.00
10.00, 4, 250.00, -16102.00, -17136.00, -98.76, -98.76, 4.00
10.00, 4, 250.00, -16144.00, -17175.00, -98.76, -98.76, 4.00
10.00, 4, 250.00, -16183.00, -17211.00, -98.76, -98.87, 4.00
10.00, 4, 250.00, -16223.00, -17249.00, -98.76, -98.87, 4.00
10.00, 4, 250.00, -16267.00, -17290.00, -98.87, -98.98, 4.00
10.00, 4, 250.00, -16312.00, -17332.00, -98.98, -99.10, 4.00
10.00, 4, 250.00, -16355.00, -17373.00, -99.10, -99.10, 4.00
10.00, 4, 250.00, -16399.00, -17416.00, -99.21, -99.21, 4.00
10.00, 4, 250.00, -16442.00, -17455.00, -99.32, -99.32, 4.00
10.00, 4, 250.00, -16482.00, -17493.00, -99.32, -99.44, 4.00
10.00, 4, 250.00, -16525.00, -17534.00, -99.44, -99.44, 4.00
10.00, 4, 250.00, -16570.00, -17576.00, -99.44, -99.44, 4.00
