9069.00, 4, 250.00, 2093.00, 295.00, 99.89, 99.89, 5.00
10.00, 4, 250.00, 2095.00, 297.00, 99.89, -99.89, 5.00
10.00, 4, 250.00, 2110.00, 300.00, 99.89, -99.89, 5.00
10.00, 4, 250.00, 2129.00, 296.00, 99.89, -99.89, 5.00
10.00, 4, 250.00, 2152.00, 281.00, 99.89, -99.89, 5.00
10.00, 4, 250.00, 2181.00, 258.00, 99.89, -99.89, 5.00
10.00, 4, 250.00, 2211.00, 231.00, 99.89, -99.89, 5.00
10.00, 4, 250.00, 2242.00, 203.00, 99.89, -99.89, 5.00
10.00, 4, 250.00, 2276.00, 171.00, 99.89, -99.89, 5.00
10.00, 4, 250.00, 2310.00, 138.00, 99.89, -99.89, 5.00
10.00, 4, 250.00, 2344.00, 104.00, 99.89, -99.89, 5.00
10.00, 4, 250.00, 2381.00, 67.00, 99.89, -99.89, 5.00
10.00, 4, 250.00, 2418.00, 28.00, 99.89, -99.89, 5.00
10.00, 4, 250.00, 2456.00, -9.00, 99.89, -99.89, 5.00
10.00, 4, 250.00, 2494.00, -46.00, 99.89, -99.89, 5.00
10.00, 4, 250.00, 2532.00, -85.00, 99.89, -99.89, 5.00
10.00, 4, 250.00, 2571.00, -125.00, 99.89, -99.89, 5.00
10.00, 4, 250.00, 2610.00, -163.00, 99.89, -99.89, 5.00
10.00, 4, 250.00, 2649.00, -203.00, 99.89, -99.89, 5.00
10.00, 4, 250.00, 2688.00, -246.00, 99.89, -99.77, 5.00
10.00, 4, 250.00, 2729.00, -285.00, 99.89, -99.55, 5.00
10.00, 4, 250.00, 2768.00, -322.00, 99.89, -99.21, 5.00
10.00, 4, 250.00, 2808.00, -362.00, 99.89, -98.64, 5.00
10.00, 4, 250.00, 2849.00, -399.00, 99.89, -97.85, 5.00
10.00, 4, 250.00, 2891.00, -440.00, 99.89, -96.72, 5.00
10.00, 4, 250.00, 2931.00, -483.00, 99.89, -95.14, 5.00
10.00, 4, 250.00, 2973.00, -521.00, 99.89, -92.88, 5.00
10.00, 4, 250.00, 3015.00, -558.00, 99.89, -90.28, 5.00
10.00, 4, 250.00, 3055.00, -598.00, 99.89, -87.80, 5.00
10.00, 4, 250.00, 3096.00, -638.00, 99.89, -85.42, 5.00
10.00, 4, 250.00, 3138.00, -677.00, 99.89, -81.47, 5.00
10.00, 4, 250.00, 3179.00, -715.00, 99.89, -78.31, 5.00
10.00, 4, 250.00, 3221.00, -753.00, 99.89, -73.67, 5.00
10.00, 4, 250.00, 3262.00, -790.00, 99.89, -67.91, 5.00
10.00, 4, 250.00, 3304.00, -824.00, 99.77, -61.58, 5.00
10.00, 4, 250.00, 3345.00, -857.00, 99.44, -53.79, 5.00
10.00, 4, 250.00, 3386.00, -891.00, 98.87, -43.95, 5.00
10.00, 4, 250.00, 3427.00, -923.00, 97.40, -31.98, 5.00
10.00, 4, 250.00, 3466.00, -952.00, 94.01, -16.61, 5.00
10.00, 4, 250.00, 3508.00, -977.00, 86.67, -0.79, 5.00
10.00, 4, 250.00, 3547.00, -999.00, 71.30, 13.56, 5.00
10.00, 4, 250.00, 3584.00, -1013.00, 43.16, 26.89, 5.00
10.00, 4, 250.00, 3620.00, -1023.00, 3.84, 36.27, 5.00
10.00, 4, 250.00, 3652.00, -1027.00, -32.77, 41.13, 5.00
10.00, 4, 250.00, 3677.00, -1027.00, -61.02, 43.62, 5.00
10.00, 4, 250.00, 3691.00, -1021.00, -76.16, 42.37, 5.00
10.00, 4, 250.00, 3697.00, -1012.00, -82.49, 38.42, 5.00
10.00, 4, 250.00, 3693.00, -1001.00, -85.31, 30.51, 5.00
10.00, 4, 250.00, 3683.00, -988.00, -84.63, 20.79, 5.00
10.00, 4, 250.00, 3667.00, -976.00, -81.69, 7.80, 5.00
10.00, 4, 250.00, 3645.00, -966.00, -75.71, -5.31, 5.00
10.00, 4, 250.00, 3621.00, -958.00, -64.29, -18.08, 5.00
10.00, 4, 250.00, 3596.00, -954.00, -47.34, -28.36, 5.00
10.00, 4, 250.00, 3574.00, -954.00, -24.86, -36.16, 5.00
10.00, 4, 250.00, 3552.00, -956.00, 0.56, -40.79, 5.00
10.00, 4, 250.00, 3533.00, -963.00, 24.97, -43.28, 5.00
10.00, 4, 250.00, 3520.00, -973.00, 42.26, -43.39, 5.00
10.00, 4, 250.00, 3514.00, -985.00, 54.58, -40.34, 5.00
10.00, 4, 250.00, 3515.00, -1000.00, 60.45, -34.58, 5.00
10.00, 4, 250.00, 3520.00, -1013.00, 61.13, -26.10, 5.00
10.00, 4, 250.00, 3531.00, -1025.00, 58.31, -17.18, 5.00
10.00, 4, 250.00, 3546.00, -1038.00, 50.85, -7.12, 5.00
10.00, 4, 250.00, 3562.00, -1048.00, 37.85, 3.73, 5.00
10.00, 4, 250.00, 3578.00, -1056.00, 23.28, 13.79, 5.00
10.00, 4, 250.00, 3593.00, -1061.00, 6.44, 22.49, 5.00
10.00, 4, 250.00, 3606.00, -1062.00, -9.38, 28.25, 5.00
10.00, 4, 250.00, 3614.00, -1061.00, -24.86, 31.86, 5.00
10.00, 4, 250.00, 3620.00, -1056.00, -32.32, 33.11, 5.00
10.00, 4, 250.00, 3620.00, -1049.00, -38.31, 32.88, 5.00
10.00, 4, 250.00, 3617.00, -1040.00, -38.42, 29.27, 5.00
10.00, 4, 250.00, 3611.00, -1031.00, -36.50, 23.73, 5.00
10.00, 4, 250.00, 3603.00, -1020.00, -29.27, 17.29, 5.00
10.00, 4, 250.00, 3593.00, -1011.00, -19.21, 9.38, 5.00
10.00, 4, 250.00, 3585.00, -1003.00, -7.12, 0.79, 5.00
10.00, 4, 250.00, 3577.00, -996.00, 5.65, -6.67, 5.00
10.00, 4, 250.00, 3572.00, -991.00, 18.08, -13.67, 5.00
10.00, 4, 250.00, 3570.00, -989.00, 28.93, -19.32, 5.00
10.00, 4, 250.00, 3570.00, -989.00, 37.18, -24.29, 5.00
10.00, 4, 250.00, 3573.00, -991.00, 43.39, -26.21, 5.00
10.00, 4, 250.00, 3579.00, -996.00, 49.38, -27.23, 5.00
10.00, 4, 250.00, 3589.00, -1002.00, 52.54, -25.76, 5.00
10.00, 4, 250.00, 3602.00, -1009.00, 54.58, -22.49, 5.00
10.00, 4, 250.00, 3616.00, -1017.00, 56.50, -18.08, 5.00
10.00, 4, 250.00, 3631.00, -1025.00, 56.95, -12.43, 5.00
10.00, 4, 250.00, 3649.00, -1033.00, 58.64, -6.44, 5.00
10.00, 4, 250.00, 3669.00, -1040.00, 59.55, -0.11, 5.00
10.00, 4, 250.00, 3689.00, -1045.00, 61.47, 5.54, 5.00
10.00, 4, 250.00, 3711.00, -1048.00, 62.37, 9.72, 5.00
10.00, 4, 250.00, 3732.00, -1049.00, 63.16, 13.11, 5.00
10.00, 4, 250.00, 3755.00, -1049.00, 65.31, 14.92, 5.00
10.00, 4, 250.00, 3778.00, -1048.00, 65.99, 15.37, 5.00
10.00, 4, 250.00, 3803.00, -1045.00, 66.44, 15.14, 5.00
10.00, 4, 250.00, 3829.00, -1042.00, 65.65, 14.24, 5.00
10.00, 4, 250.00, 3853.00, -1037.00, 64.18, 12.43, 5.00
10.00, 4, 250.00, 3880.00, -1032.00, 61.92, 10.73, 5.00
10.00, 4, 250.00, 3906.00, -1028.00, 57.51, 8.93, 5.00
10.00, 4, 250.00, 3931.00, -1024.00, 52.77, 7.68, 5.00
10.00, 4, 250.00, 3958.00, -1020.00, 45.88, 6.67, 5.00
10.00, 4, 250.00, 3981.00, -1018.00, 37.18, 5.99, 5.00
10.00, 4, 250.00, 4006.00, -1014.00, 27.34, 5.65, 5.00
10.00, 4, 250.00, 4027.00, -1012.00, 17.40, 5.54, 5.00
10.00, 4, 250.00, 4047.00, -1009.00, 6.67, 5.42, 5.00
10.00, 4, 250.00, 4065.00, -1007.00, -2.37, 5.54, 5.00
10.00, 4, 250.00, 4078.00, -1005.00, -10.17, 5.65, 5.00
10.00, 4, 250.00, 4088.00, -1003.00, -15.82, 5.76, 5.00
10.00, 4, 250.00, 4093.00, -1002.00, -19.32, 5.88, 5.00
10.00, 4, 250.00, 4094.00, -1000.00, -20.45, 6.10, 5.00
10.00, 4, 250.00, 4094.00, -999.00, -20.11, 6.21, 5.00
10.00, 4, 250.00, 4092.00, -999.00, -19.32, 5.65, 5.00
10.00, 4, 250.00, 4088.00, -997.00, -18.31, 5.42, 5.00
10.00, 4, 250.00, 4083.00, -996.00, -17.40, 5.20, 5.00
10.00, 4, 250.00, 4077.00, -994.00, -16.61, 5.42, 5.00
10.00, 4, 250.00, 4073.00, -993.00, -16.27, 5.54, 5.00
10.00, 4, 250.00, 4067.00, -990.00, -16.05, 5.20, 5.00
10.00, 4, 250.00, 4062.00, -989.00, -16.05, 5.76, 5.00
10.00, 4, 250.00, 4056.00, -988.00, -16.50, 5.31, 5.00
10.00, 4, 250.00, 4051.00, -987.00, -16.84, 4.75, 5.00
10.00, 4, 250.00, 4044.00, -986.00, -17.51, 4.29, 5.00
10.00, 4, 250.00, 4039.00, -984.00, -18.31, 3.73, 5.00
10.00, 4, 250.00, 4034.00, -983.00, -18.98, 3.62, 5.00
10.00, 4, 250.00, 4028.00, -982.00, -19.32, 3.05, 5.00
