18164.00, 4, 250.00, 3373.00, 594.00, 99.89, 99.89, 6.00
9.00, 4, 250.00, 3377.00, 599.00, 98.98, -99.89, 6.00
10.00, 4, 250.00, 3391.00, 602.00, 98.87, -99.89, 6.00
11.00, 4, 250.00, 3410.00, 595.00, 98.53, -99.89, 6.00
10.00, 4, 250.00, 3434.00, 579.00, 97.74, -99.89, 6.00
10.00, 4, 250.00, 3460.00, 557.00, 96.05, -99.89, 6.00
10.00, 4, 250.00, 3490.00, 531.00, 92.54, -99.89, 6.00
10.00, 4, 250.00, 3523.00, 501.00, 84.86, -99.89, 6.00
10.00, 4, 250.00, 3556.00, 471.00, 68.59, -99.89, 6.00
10.00, 4, 250.00, 3588.00, 438.00, 38.87, -99.89, 6.00
10.00, 4, 250.00, 3619.00, 402.00, -0.45, -99.89, 6.00
10.00, 4, 250.00, 3647.00, 365.00, -39.89, -99.89, 6.00
10.00, 4, 250.00, 3668.00, 328.00, -66.33, -99.89, 6.00
10.00, 4, 250.00, 3678.00, 289.00, -79.44, -99.89, 6.00
10.00, 4, 250.00, 3678.00, 252.00, -85.20, -99.89, 6.00
10.00, 4, 250.00, 3671.00, 213.00, -85.88, -99.89, 6.00
10.00, 4, 250.00, 3656.00, 175.00, -84.07, -99.89, 6.00
10.00, 4, 250.00, 3636.00, 137.00, -78.42, -99.89, 6.00
10.00, 4, 250.00, 3612.00, 97.00, -67.01, -99.89, 6.00
10.00, 4, 250.00, 3587.00, 55.00, -46.21, -99.89, 6.00
10.00, 4, 250.00, 3562.00, 13.00, -17.29, -99.89, 6.00
10.00, 4, 250.00, 3541.00, -25.00, 13.67, -99.89, 6.00
10.00, 4, 250.00, 3523.00, -63.00, 41.13, -99.89, 6.00
10.00, 4, 250.00, 3512.00, -105.00, 59.44, -99.89, 6.00
10.00, 4, 250.00, 3509.00, -147.00, 68.59, -99.89, 6.00
10.00, 4, 250.00, 3515.00, -188.00, 72.54, -99.89, 6.00
10.00, 4, 250.00, 3526.00, -231.00, 70.06, -99.89, 6.00
10.00, 4, 250.00, 3542.00, -270.00, 62.94, -99.77, 6.00
10.00, 4, 250.00, 3560.00, -310.00, 49.83, -99.66, 6.00
10.00, 4, 250.00, 3580.00, -351.00, 31.75, -99.10, 6.00
10.00, 4, 250.00, 3597.00, -391.00, 7.34, -97.51, 6.00
10.00, 4, 250.00, 3614.00, -431.00, -15.14, -93.33, 6.00
10.00, 4, 250.00, 3625.00, -470.00, -34.80, -82.49, 6.00
10.00, 4, 250.00, 3634.00, -508.00, -47.80, -58.31, 6.00
10.00, 4, 250.00, 3635.00, -542.00, -54.12, -15.93, 6.00
10.00, 4, 250.00, 3630.00, -576.00, -56.27, 28.59, 6.00
10.00, 4, 250.00, 3620.00, -605.00, -52.43, 62.71, 6.00
10.00, 4, 250.00, 3604.00, -625.00, -39.55, 81.36, 6.00
10.00, 4, 250.00, 3589.00, -631.00, -18.08, 88.93, 6.00
10.00, 4, 250.00, 3575.00, -629.00, 6.21, 91.07, 6.00
10.00, 4, 250.00, 3563.00, -617.00, 30.73, 91.07, 6.00
10.00, 4, 250.00, 3557.00, -600.00, 50.73, 88.93, 6.00
10.00, 4, 250.00, 3557.00, -577.00, 62.82, 83.39, 6.00
10.00, 4, 250.00, 3562.00, -553.00, 70.28, 73.11, 6.00
10.00, 4, 250.00, 3574.00, -526.00, 74.12, 55.93, 6.00
10.00, 4, 250.00, 3589.00, -502.00, 75.48, 26.21, 6.00
10.00, 4, 250.00, 3607.00, -477.00, 75.25, -4.29, 6.00
10.00, 4, 250.00, 3628.00, -459.00, 74.58, -34.12, 6.00
10.00, 4, 250.00, 3652.00, -447.00, 74.35, -55.71, 6.00
10.00, 4, 250.00, 3677.00, -439.00, 72.09, -67.01, 6.00
10.00, 4, 250.00, 3706.00, -437.00, 71.19, -72.32, 6.00
10.00, 4, 250.00, 3733.00, -445.00, 68.81, -74.69, 6.00
10.00, 4, 250.00, 3762.00, -457.00, 67.46, -71.64, 6.00
10.00, 4, 250.00, 3790.00, -474.00, 65.08, -64.07, 6.00
10.00, 4, 250.00, 3818.00, -497.00, 63.05, -49.15, 6.00
10.00, 4, 250.00, 3846.00, -516.00, 60.56, -25.99, 6.00
10.00, 4, 250.00, 3874.00, -534.00, 57.29, 0.68, 6.00
10.00, 4, 250.00, 3900.00, -551.00, 53.56, 23.62, 6.00
10.00, 4, 250.00, 3926.00, -563.00, 47.57, 43.05, 6.00
10.00, 4, 250.00, 3951.00, -568.00, 41.24, 56.50, 6.00
10.00, 4, 250.00, 3974.00, -567.00, 33.56, 62.26, 6.00
10.00, 4, 250.00, 3996.00, -559.00, 25.31, 62.03, 6.00
10.00, 4, 250.00, 4018.00, -546.00, 14.92, 55.71, 6.00
10.00, 4, 250.00, 4036.00, -531.00, 3.28, 44.63, 6.00
10.00, 4, 250.00, 4051.00, -515.00, -7.23, 26.89, 6.00
10.00, 4, 250.00, 4062.00, -501.00, -14.35, 5.54, 6.00
10.00, 4, 250.00, 4069.00, -487.00, -22.60, -15.25, 6.00
10.00, 4, 250.00, 4073.00, -477.00, -25.99, -32.99, 6.00
10.00, 4, 250.00, 4073.00, -470.00, -26.33, -48.14, 6.00
10.00, 4, 250.00, 4070.00, -469.00, -24.41, -57.06, 6.00
10.00, 4, 250.00, 4066.00, -474.00, -20.68, -62.26, 6.00
10.00, 4, 250.00, 4060.00, -486.00, -12.99, -63.28, 6.00
10.00, 4, 250.00, 4054.00, -501.00, -4.07, -59.66, 6.00
10.00, 4, 250.00, 4049.00, -517.00, 4.97, -52.43, 6.00
10.00, 4, 250.00, 4045.00, -535.00, 13.33, -44.97, 6.00
10.00, 4, 250.00, 4044.00, -553.00, 21.58, -37.40, 6.00
10.00, 4, 250.00, 4044.00, -571.00, 25.88, -29.27, 6.00
10.00, 4, 250.00, 4047.00, -588.00, 29.04, -25.08, 6.00
10.00, 4, 250.00, 4053.00, -606.00, 30.17, -22.94, 6.00
10.00, 4, 250.00, 4060.00, -620.00, 27.57, -21.69, 6.00
10.00, 4, 250.00, 4068.00, -633.00, 24.52, -25.54, 6.00
10.00, 4, 250.00, 4075.00, -643.00, 19.44, -31.86, 6.00
10.00, 4, 250.00, 4085.00, -655.00, 14.80, -41.81, 6.00
10.00, 4, 250.00, 4093.00, -666.00, 7.68, -51.75, 6.00
10.00, 4, 250.00, 4099.00, -680.00, 2.15, -60.90, 6.00
10.00, 4, 250.00, 4105.00, -696.00, -2.37, -67.34, 6.00
10.00, 4, 250.00, 4108.00, -715.00, -5.42, -72.99, 6.00
10.00, 4, 250.00, 4110.00, -737.00, -7.46, -75.71, 6.00
10.00, 4, 250.00, 4110.00, -760.00, -8.70, -77.51, 6.00
10.00, 4, 250.00, 4110.00, -785.00, -8.59, -76.95, 6.00
10.00, 4, 250.00, 4110.00, -810.00, -8.36, -76.72, 6.00
10.00, 4, 250.00, 4108.00, -837.00, -8.02, -74.92, 6.00
10.00, 4, 250.00, 4106.00, -866.00, -7.57, -70.73, 6.00
10.00, 4, 250.00, 4104.00, -897.00, -7.23, -65.31, 6.00
10.00, 4, 250.00, 4102.00, -926.00, -7.01, -55.03, 6.00
10.00, 4, 250.00, 4100.00, -954.00, -6.89, -41.36, 6.00
10.00, 4, 250.00, 4098.00, -981.00, -7.12, -24.18, 6.00
10.00, 4, 250.00, 4096.00, -1006.00, -7.34, -4.97, 6.00
10.00, 4, 250.00, 4095.00, -1027.00, -7.68, 14.58, 6.00
10.00, 4, 250.00, 4093.00, -1042.00, -7.68, 32.32, 6.00
10.00, 4, 250.00, 4091.00, -1052.00, -8.25, 45.31, 6.00
10.00, 4, 250.00, 4089.00, -1055.00, -8.70, 53.33, 6.00
10.00, 4, 250.00, 4086.00, -1052.00, -9.27, 57.06, 6.00
10.00, 4, 250.00, 4084.00, -1044.00, -9.83, 56.27, 6.00
10.00, 4, 250.00, 4083.00, -1032.00, -10.28, 51.98, 6.00
10.00, 4, 250.00, 4081.00, -1018.00, -10.85, 43.84, 6.00
10.00, 4, 250.00, 4078.00, -1002.00, -10.73, 32.77, 6.00
10.00, 4, 250.00, 4076.00, -986.00, -12.43, 17.40, 6.00
10.00, 4, 250.00, 4073.00, -972.00, -12.77, 0.68, 6.00
10.00, 4, 250.00, 4071.00, -960.00, -12.99, -15.25, 6.00
10.00, 4, 250.00, 4068.00, -952.00, -13.22, -28.02, 6.00
10.00, 4, 250.00, 4065.00, -947.00, -14.69, -38.08, 6.00
10.00, 4, 250.00, 4062.00, -948.00, -14.69, -43.50, 6.00
10.00, 4, 250.00, 4058.00, -952.00, -15.25, -45.20, 6.00
10.00, 4, 250.00, 4054.00, -961.00, -15.82, -44.63, 6.00
10.00, 4, 250.00, 4049.00, -972.00, -17.51, -41.13, 6.00
10.00, 4, 250.00, 4044.00, -985.00, -18.42, -36.50, 6.00
10.00, 4, 250.00, 4038.00, -1000.00, -20.45, -30.51, 6.00
10.00, 4, 250.00, 4033.00, -1013.00, -21.58, -24.29, 6.00
10.00, 4, 250.00, 4027.00, -1026.00, -23.16, -19.55, 6.00
10.00, 4, 250.00, 4021.00, -1039.00, -23.84, -15.82, 6.00
10.00, 4, 250.00, 4015.00, -1049.00, -24.97, -13.22, 6.00
10.00, 4, 250.00, 4007.00, -1058.00, -25.88, -11.64, 6.00
10.00, 4, 250.00, 3998.00, -1066.00, -28.02, -11.07, 6.00
10.00, 4, 250.00, 3989.00, -1074.00, -29.83, -10.96, 6.00
10.00, 4, 250.00, 3980.00, -1080.00, -32.66, -11.41, 6.00
10.00, 4, 250.00, 3970.00, -1086.00, -34.35, -11.86, 6.00
10.00, 4, 250.00, 3959.00, -1091.00, -36.50, -12.43, 6.00
10.00, 4, 250.00, 3948.00, -1095.00, -38.19, -13.22, 6.00
10.00, 4, 250.00, 3935.00, -1100.00, -40.23, -13.22, 6.00
10.00, 4, 250.00, 3921.00, -1104.00, -42.60, -13.22, 6.00
10.00, 4, 250.00, 3907.00, -1109.00, -46.33, -14.12, 6.00
10.00, 4, 250.00, 3891.00, -1114.00, -49.04, -13.90, 6.00
10.00, 4, 250.00, 3875.00, -1119.00, -51.86, -13.56, 6.00
10.00, 4, 250.00, 3858.00, -1124.00, -54.92, -14.24, 6.00
10.00, 4, 250.00, 3839.00, -1128.00, -58.08, -13.67, 6.00
10.00, 4, 250.00, 3820.00, -1133.00, -61.36, -13.56, 6.00
10.00, 4, 250.00, 3799.00, -1139.00, -64.63, -13.22, 6.00
10.00, 4, 250.00, 3777.00, -1143.00, -68.02, -12.88, 6.00
10.00, 4, 250.00, 3753.00, -1148.00, -72.32, -12.32, 6.00
10.00, 4, 250.00, 3726.00, -1153.00, -75.93, -11.64, 6.00
10.00, 4, 250.00, 3700.00, -1157.00, -80.00, -10.96, 6.00
10.00, 4, 250.00, 3672.00, -1162.00, -83.50, -9.38, 6.00
10.00, 4, 250.00, 3643.00, -1166.00, -86.89, -8.47, 6.00
10.00, 4, 250.00, 3610.00, -1170.00, -89.94, -6.78, 6.00
10.00, 4, 250.00, 3578.00, -1173.00, -92.54, -4.97, 6.00
10.00, 4, 250.00, 3545.00, -1176.00, -94.58, -3.16, 6.00
10.00, 4, 250.00, 3509.00, -1178.00, -96.16, -0.68, 6.00
10.00, 4, 250.00, 3470.00, -1181.00, -97.40, 2.49, 6.00
10.00, 4, 250.00, 3434.00, -1182.00, -98.31, 5.76, 6.00
10.00, 4, 250.00, 3396.00, -1183.00, -98.98, 8.81, 6.00
10.00, 4, 250.00, 3356.00, -1182.00, -99.32, 12.66, 6.00
10.00, 4, 250.00, 3316.00, -1182.00, -99.55, 17.06, 6.00
10.00, 4, 250.00, 3277.00, -1179.00, -99.77, 21.92, 6.00
10.00, 4, 250.00, 3236.00, -1175.00, -99.77, 27.23, 6.00
10.00, 4, 250.00, 3193.00, -1169.00, -99.89, 33.56, 6.00
10.00, 4, 250.00, 3153.00, -1163.00, -99.89, 40.00, 6.00
10.00, 4, 250.00, 3110.00, -1153.00, -99.89, 46.33, 6.00
10.00, 4, 250.00, 3067.00, -1142.00, -99.89, 53.67, 6.00
10.00, 4, 250.00, 3026.00, -1128.00, -99.89, 60.90, 6.00
10.00, 4, 250.00, 2985.00, -1111.00, -99.89, 67.80, 6.00
10.00, 4, 250.00, 2942.00, -1092.00, -99.89, 74.35, 6.00
10.00, 4, 250.00, 2899.00, -1071.00, -99.89, 80.23, 6.00
10.00, 4, 250.00, 2858.00, -1047.00, -99.89, 84.75, 6.00
10.00, 4, 250.00, 2816.00, -1022.00, -99.89, 88.70, 6.00
10.00, 4, 250.00, 2773.00, -993.00, -99.89, 91.64, 6.00
10.00, 4, 250.00, 2732.00, -961.00, -99.89, 93.67, 6.00
10.00, 4, 250.00, 2688.00, -930.00, -99.89, 95.59, 6.00
10.00, 4, 250.00, 2645.00, -895.00, -99.89, 96.61, 6.00
10.00, 4, 250.00, 2602.00, -859.00, -99.89, 97.40, 6.00
10.00, 4, 250.00, 2560.00, -823.00, -99.89, 97.97, 6.00
10.00, 4, 250.00, 2519.00, -786.00, -99.89, 98.42, 6.00
10.00, 4, 250.00, 2477.00, -749.00, -99.89, 98.76, 6.00
10.00, 4, 250.00, 2434.00, -708.00, -99.89, 98.87, 6.00
10.00, 4, 250.00, 2389.00, -668.00, -99.89, 99.10, 6.00
10.00, 4, 250.00, 2344.00, -630.00, -99.89, 99.21, 6.00
10.00, 4, 250.00, 2302.00, -588.00, -99.89, 99.32, 6.00
10.00, 4, 250.00, 2259.00, -550.00, -99.89, 99.44, 6.00
10.00, 4, 250.00, 2215.00, -510.00, -99.89, 99.44, 6.00
10.00, 4, 250.00, 2171.00, -470.00, -99.89, 99.55, 6.00
10.00, 4, 250.00, 2127.00, -431.00, -99.89, 99.55, 6.00
10.00, 4, 250.00, 2081.00, -391.00, -99.89, 99.66, 6.00
10.00, 4, 250.00, 2038.00, -351.00, -99.89, 99.66, 6.00
10.00, 4, 250.00, 1995.00, -312.00, -99.89, 99.77, 6.00
10.00, 4, 250.00, 1950.00, -270.00, -99.89, 99.77, 6.00
10.00, 4, 250.00, 1907.00, -229.00, -99.89, 99.89, 6.00
10.00, 4, 250.00, 1862.00, -185.00, -99.89, 99.89, 6.00
10.00, 4, 250.00, 1816.00, -144.00, -99.89, 99.89, 6.00
10.00, 4, 250.00, 1773.00, -103.00, -99.89, 99.89, 6.00
10.00, 4, 250.00, 1731.00, -59.00, -99.89, 99.89, 6.00
10.00, 4, 250.00, 1686.00, -16.00, -99.89, 99.89, 6.00
10.00, 4, 250.00, 1642.00, 25.00, -99.89, 99.89, 6.00
10.00, 4, 250.00, 1598.00, 70.00, -99.89, 99.89, 6.00
10.00, 4, 250.00, 1553.00, 113.00, -99.89, 99.89, 6.00
10.00, 4, 250.00, 1512.00, 156.00, -99.89, 99.89, 6.00
10.00, 4, 250.00, 1470.00, 201.00, -99.89, 99.89, 6.00
10.00, 4, 250.00, 1423.00, 244.00, -99.89, 99.89, 6.00
10.00, 4, 250.00, 1380.00, 288.00, -99.89, 99.89, 6.00
10.00, 4, 250.00, 1336.00, 333.00, -99.89, 99.89, 6.00
10.00, 4, 250.00, 1290.00, 375.00, -99.89, 99.89, 6.00
10.00, 4, 250.00, 1246.00, 418.00, -99.89, 99.89, 6.00
10.00, 4, 250.00, 1203.00, 464.00, -99.89, 99.89, 6.00
10.00, 4, 250.00, 1159.00, 505.00, -99.89, 99.89, 6.00
10.00, 4, 250.00, 1114.00, 548.00, -99.89, 99.89, 6.00
10.00, 4, 250.00, 1069.00, 594.00, -99.89, 99.89, 6.00
10.00, 4, 250.00, 1024.00, 636.00, -99.89, 99.89, 6.00
10.00, 4, 250.00, 981.00, 679.00, -99.89, 99.89, 6.00
10.00, 4, 250.00, 936.00, 723.00, -99.89, 99.89, 6.00
10.00, 4, 250.00, 891.00, 766.00, -99.89, 99.89, 6.00
10.00, 4, 250.00, 848.00, 809.00, -99.89, 99.89, 6.00
10.00, 4, 250.00, 802.00, 852.00, -99.89, 99.89, 6.00
10.00, 4, 250.00, 758.00, 894.00, -99.89, 99.89, 6.00
10.00, 4, 250.00, 716.00, 937.00, -99.89, 99.89, 6.00
10.00, 4, 250.00, 672.00, 979.00, -99.89, 99.89, 6.00
10.00, 4, 250.00, 625.00, 1022.00, -99.89, 99.89, 6.00
10.00, 4, 250.00, 583.00, 1066.00, -99.89, 99.89, 6.00
10.00, 4, 250.00, 538.00, 1108.00, -99.89, 99.89, 6.00
10.00, 4, 250.00, 494.00, 1151.00, -99.89, 99.89, 6.00
10.00, 4, 250.00, 452.00, 1196.00, -99.89, 99.89, 6.00
10.00, 4, 250.00, 408.00, 1242.00, -99.89, 99.89, 6.00
10.00, 4, 250.00, 364.00, 1284.00, -99.89, 99.89, 6.00
10.00, 4, 250.00, 323.00, 1328.00, -99.77, 99.89, 6.00
10.00, 4, 250.00, 280.00, 1373.00, -99.77, 99.89, 6.00
10.00, 4, 250.00, 237.00, 1417.00, -99.77, 99.89, 6.00
10.00, 4, 250.00, 196.00, 1460.00, -99.77, 99.89, 6.00
10.00, 4, 250.00, 152.00, 1505.00, -99.77, 99.89, 6.00
10.00, 4, 250.00, 109.00, 1548.00, -99.89, 99.89, 6.00
10.00, 4, 250.00, 65.00, 1592.00, -99.89, 99.89, 6.00
10.00, 4, 250.00, 22.00, 1635.00, -99.89, 99.89, 6.00
10.00, 4, 250.00, -22.00, 1679.00, -99.89, 99.89, 6.00
10.00, 4, 250.00, -66.00, 1723.00, -99.89, 99.89, 6.00
10.00, 4, 250.00, -112.00, 1767.00, -99.89, 99.89, 6.00
10.00, 4, 250.00, -156.00, 1809.00, -99.89, 99.89, 6.00
10.00, 4, 250.00, -201.00, 1854.00, -99.89, 99.89, 6.00
10.00, 4, 250.00, -246.00, 1896.00, -99.89, 99.89, 6.00
10.00, 4, 250.00, -290.00, 1938.00, -99.89, 99.89, 6.00
10.00, 4, 250.00, -334.00, 1983.00, -99.89, 99.89, 6.00
10.00, 4, 250.00, -380.00, 2026.00, -99.89, 99.89, 6.00
10.00, 4, 250.00, -425.00, 2064.00, -99.89, 99.89, 6.00
10.00, 4, 250.00, -470.00, 2106.00, -99.89, 99.89, 6.00
10.00, 4, 250.00, -515.00, 2150.00, -99.89, 99.89, 6.00
10.00, 4, 250.00, -561.00, 2193.00, -99.89, 99.89, 6.00
10.00, 4, 250.00, -606.00, 2236.00, -99.89, 99.89, 6.00
10.00, 4, 250.00, -651.00, 2278.00, -99.89, 99.89, 6.00
10.00, 4, 250.00, -695.00, 2319.00, -99.89, 99.89, 6.00
10.00, 4, 250.00, -740.00, 2362.00, -99.89, 99.89, 6.00
10.00, 4, 250.00, -784.00, 2405.00, -99.89, 99.89, 6.00
10.00, 4, 250.00, -827.00, 2448.00, -99.89, 99.89, 6.00
10.00, 4, 250.00, -871.00, 2492.00, -99.89, 99.89, 6.00
10.00, 4, 250.00, -916.00, 2535.00, -99.89, 99.89, 6.00
10.00, 4, 250.00, -959.00, 2576.00, -99.89, 99.89, 6.00
10.00, 4, 250.00, -1002.00, 2620.00, -99.89, 99.89, 6.00
10.00, 4, 250.00, -1047.00, 2665.00, -99.89, 99.89, 6.00
10.00, 4, 250.00, -1089.00, 2709.00, -99.89, 99.89, 6.00
10.00, 4, 250.00, -1132.00, 2752.00, -99.89, 99.89, 6.00
10.00, 4, 250.00, -1175.00, 2796.00, -99.89, 99.77, 6.00
10.00, 4, 250.00, -1219.00, 2840.00, -99.89, 99.77, 6.00
10.00, 4, 250.00, -1263.00, 2883.00, -99.89, 99.77, 6.00
10.00, 4, 250.00, -1306.00, 2927.00, -99.89, 99.89, 6.00
10.00, 4, 250.00, -1349.00, 2972.00, -99.89, 99.89, 6.00
10.00, 4, 250.00, -1393.00, 3015.00, -99.89, 99.89, 6.00
10.00, 4, 250.00, -1437.00, 3057.00, -99.89, 99.89, 6.00
10.00, 4, 250.00, -1482.00, 3100.00, -99.89, 99.89, 6.00
10.00, 4, 250.00, -1526.00, 3147.00, -99.89, 99.89, 6.00
10.00, 4, 250.00, -1570.00, 3190.00, -99.89, 99.89, 6.00
10.00, 4, 250.00, -1612.00, 3233.00, -99.89, 99.89, 6.00
10.00, 4, 250.00, -1657.00, 3275.00, -99.89, 99.89, 6.00
10.00, 4, 250.00, -1702.00, 3317.00, -99.89, 99.89, 6.00
10.00, 4, 250.00, -1745.00, 3358.00, -99.89, 99.89, 6.00
10.00, 4, 250.00, -1788.00, 3401.00, -99.89, 99.89, 6.00
10.00, 4, 250.00, -1832.00, 3444.00, -99.89, 99.89, 6.00
10.00, 4, 250.00, -1875.00, 3486.00, -99.89, 99.89, 6.00
10.00, 4, 250.00, -1920.00, 3529.00, -99.89, 99.89, 6.00
10.00, 4, 250.00, -1965.00, 3572.00, -99.89, 99.89, 6.00
10.00, 4, 250.00, -2009.00, 3615.00, -99.89, 99.89, 6.00
10.00, 4, 250.00, -2054.00, 3659.00, -99.89, 99.89, 6.00
10.00, 4, 250.00, -2098.00, 3702.00, -99.89, 99.89, 6.00
10.00, 4, 250.00, -2140.00, 3745.00, -99.89, 99.89, 6.00
10.00, 4, 250.00, -2184.00, 3787.00, -99.89, 99.89, 6.00
10.00, 4, 250.00, -2229.00, 3830.00, -99.89, 99.89, 6.00
10.00, 4, 250.00, -2270.00, 3874.00, -99.89, 99.89, 6.00
10.00, 4, 250.00, -2313.00, 3918.00, -99.89, 99.89, 6.00
10.00, 4, 250.00, -2356.00, 3962.00, -99.89, 99.89, 6.00
10.00, 4, 250.00, -2400.00, 4006.00, -99.89, 99.89, 6.00
10.00, 4, 250.00, -2446.00, 4050.00, -99.89, 99.89, 6.00
10.00, 4, 250.00, -2492.00, 4092.00, -99.89, 99.89, 6.00
10.00, 4, 250.00, -2535.00, 4138.00, -99.89, 99.89, 6.00
10.00, 4, 250.00, -2578.00, 4183.00, -99.89, 99.89, 6.00
10.00, 4, 250.00, -2622.00, 4226.00, -99.89, 99.89, 6.00
10.00, 4, 250.00, -2666.00, 4270.00, -99.89, 99.89, 6.00
10.00, 4, 250.00, -2712.00, 4312.00, -99.89, 99.89, 6.00
10.00, 4, 250.00, -2757.00, 4355.00, -99.89, 99.89, 6.00
10.00, 4, 250.00, -2801.00, 4400.00, -99.89, 99.89, 6.00
10.00, 4, 250.00, -2845.00, 4444.00, -99.89, 99.89, 6.00
10.00, 4, 250.00, -2891.00, 4486.00, -99.89, 99.89, 6.00
10.00, 4, 250.00, -2935.00, 4530.00, -99.89, 99.89, 6.00
10.00, 4, 250.00, -2982.00, 4574.00, -99.89, 99.89, 6.00
10.00, 4, 250.00, -3029.00, 4616.00, -99.89, 99.89, 6.00
10.00, 4, 250.00, -3072.00, 4659.00, -99.89, 99.89, 6.00
10.00, 4, 250.00, -3114.00, 4701.00, -99.89, 99.89, 6.00
10.00, 4, 250.00, -3159.00, 4744.00, -99.89, 99.89, 6.00
10.00, 4, 250.00, -3204.00, 4786.00, -99.89, 99.89, 6.00
10.00, 4, 250.00, -3248.00, 4830.00, -99.89, 99.89, 6.00
10.00, 4, 250.00, -3292.00, 4874.00, -99.89, 99.89, 6.00
10.00, 4, 250.00, -3336.00, 4917.00, -99.89, 99.89, 6.00
10.00, 4, 250.00, -3379.00, 4960.00, -99.89, 99.89, 6.00
10.00, 4, 250.00, -3424.00, 5004.00, -99.89, 99.89, 6.00
10.00, 4, 250.00, -3468.00, 5047.00, -99.89, 99.89, 6.00
10.00, 4, 250.00, -3510.00, 5091.00, -99.89, 99.89, 6.00
10.00, 4, 250.00, -3554.00, 5135.00, -99.89, 99.89, 6.00
10.00, 4, 250.00, -3597.00, 5178.00, -99.89, 99.89, 6.00
10.00, 4, 250.00, -3638.00, 5223.00, -99.89, 99.89, 6.00
10.00, 4, 250.00, -3681.00, 5268.00, -99.89, 99.89, 6.00
10.00, 4, 250.00, -3724.00, 5312.00, -99.89, 99.89, 6.00
10.00, 4, 250.00, -3768.00, 5355.00, -99.89, 99.89, 6.00
10.00, 4, 250.00, -3811.00, 5398.00, -99.89, 99.89, 6.00
10.00, 4, 250.00, -3853.00, 5444.00, -99.89, 99.89, 6.00
10.00, 4, 250.00, -3896.00, 5489.00, -99.89, 99.89, 6.00
10.00, 4, 250.00, -3942.00, 5534.00, -99.89, 99.89, 6.00
10.00, 4, 250.00, -3986.00, 5575.00, -99.89, 99.89, 6.00
10.00, 4, 250.00, -4032.00, 5620.00, -99.89, 99.89, 6.00
10.00, 4, 250.00, -4075.00, 5662.00, -99.89, 99.89, 6.00
10.00, 4, 250.00, -4119.00, 5706.00, -99.89, 99.89, 6.00
10.00, 4, 250.00, -4164.00, 5751.00, -99.89, 99.89, 6.00
10.00, 4, 250.00, -4209.00, 5795.00, -99.89, 99.89, 6.00
10.00, 4, 250.00, -4255.00, 5837.00, -99.89, 99.89, 6.00
10.00, 4, 250.00, -4301.00, 5878.00, -99.89, 99.89, 6.00
10.00, 4, 250.00, -4345.00, 5918.00, -99.89, 99.89, 6.00
10.00, 4, 250.00, -4389.00, 5962.00, -99.89, 99.89, 6.00
10.00, 4, 250.00, -4434.00, 6006.00, -99.89, 99.89, 6.00
10.00, 4, 250.00, -4479.00, 6048.00, -99.89, 99.89, 6.00
10.00, 4, 250.00, -4523.00, 6090.00, -99.89, 99.89, 6.00
10.00, 4, 250.00, -4570.00, 6133.00, -99.89, 99.89, 6.00
10.00, 4, 250.00, -4613.00, 6173.00, -99.89, 99.89, 6.00
10.00, 4, 250.00, -4657.00, 6217.00, -99.89, 99.89, 6.00
10.00, 4, 250.00, -4702.00, 6262.00, -99.89, 99.89, 6.00
10.00, 4, 250.00, -4746.00, 6303.00, -99.89, 99.89, 6.00
10.00, 4, 250.00, -4789.00, 6346.00, -99.89, 99.89, 6.00
10.00, 4, 250.00, -4832.00, 6388.00, -99.89, 99.89, 6.00
10.00, 4, 250.00, -4876.00, 6431.00, -99.89, 99.89, 6.00
10.00, 4, 250.00, -4919.00, 6476.00, -99.89, 99.89, 6.00
10.00, 4, 250.00, -4963.00, 6520.00, -99.89, 99.89, 6.00
10.00, 4, 250.00, -5008.00, 6563.00, -99.89, 99.89, 6.00
10.00, 4, 250.00, -5052.00, 6607.00, -99.89, 99.89, 6.00
10.00, 4, 250.00, -5096.00, 6650.00, -99.89, 99.89, 6.00
10.00, 4, 250.00, -5139.00, 6693.00, -99.89, 99.89, 6.00
10.00, 4, 250.00, -5181.00, 6737.00, -99.89, 99.89, 6.00
10.00, 4, 250.00, -5226.00, 6782.00, -99.89, 99.89, 6.00
10.00, 4, 250.00, -5270.00, 6824.00, -99.89, 99.89, 6.00
10.00, 4, 250.00, -5316.00, 6867.00, -99.89, 99.89, 6.00
10.00, 4, 250.00, -5360.00, 6911.00, -99.89, 99.89, 6.00
10.00, 4, 250.00, -5404.00, 6956.00, -99.89, 99.89, 6.00
10.00, 4, 250.00, -5448.00, 7000.00, -99.89, 99.89, 6.00
10.00, 4, 250.00, -5493.00, 7045.00, -99.89, 99.89, 6.00
10.00, 4, 250.00, -5537.00, 7086.00, -99.89, 99.89, 6.00
10.00, 4, 250.00, -5581.00, 7128.00, -99.89, 99.89, 6.00
10.00, 4, 250.00, -5625.00, 7169.00, -99.89, 99.89, 6.00
10.00, 4, 250.00, -5667.00, 7213.00, -99.89, 99.89, 6.00
10.00, 4, 250.00, -5710.00, 7258.00, -99.89, 99.89, 6.00
10.00, 4, 250.00, -5755.00, 7300.00, -99.89, 99.89, 6.00
10.00, 4, 250.00, -5799.00, 7341.00, -99.89, 99.89, 6.00
10.00, 4, 250.00, -5843.00, 7385.00, -99.89, 99.89, 6.00
10.00, 4, 250.00, -5886.00, 7427.00, -99.89, 99.89, 6.00
10.00, 4, 250.00, -5929.00, 7471.00, -99.89, 99.89, 6.00
10.00, 4, 250.00, -5971.00, 7516.00, -99.89, 99.89, 6.00
10.00, 4, 250.00, -6016.00, 7559.00, -99.89, 99.89, 6.00
10.00, 4, 250.00, -6059.00, 7602.00, -99.89, 99.89, 6.00
10.00, 4, 250.00, -6102.00, 7645.00, -99.89, 99.89, 6.00
10.00, 4, 250.00, -6145.00, 7688.00, -99.89, 99.89, 6.00
10.00, 4, 250.00, -6186.00, 7734.00, -99.89, 99.89, 6.00
10.00, 4, 250.00, -6230.00, 7779.00, -99.89, 99.89, 6.00
10.00, 4, 250.00, -6276.00, 7821.00, -99.89, 99.89, 6.00
10.00, 4, 250.00, -6320.00, 7864.00, -99.89, 99.89, 6.00
10.00, 4, 250.00, -6364.00, 7909.00, -99.89, 99.89, 6.00
10.00, 4, 250.00, -6408.00, 7950.00, -99.89, 99.89, 6.00
10.00, 4, 250.00, -6449.00, 7997.00, -99.89, 99.89, 6.00
10.00, 4, 250.00, -6496.00, 8042.00, -99.89, 99.89, 6.00
10.00, 4, 250.00, -6542.00, 8084.00, -99.89, 99.89, 6.00
10.00, 4, 250.00, -6586.00, 8126.00, -99.89, 99.89, 6.00
10.00, 4, 250.00, -6632.00, 8169.00, -99.89, 99.89, 6.00
10.00, 4, 250.00, -6675.00, 8212.00, -99.89, 99.89, 6.00
10.00, 4, 250.00, -6718.00, 8260.00, -99.89, 99.89, 6.00
10.00, 4, 250.00, -6766.00, 8302.00, -99.89, 99.89, 6.00
10.00, 4, 250.00, -6812.00, 8344.00, -99.89, 99.89, 6.00
10.00, 4, 250.00, -6856.00, 8388.00, -99.89, 99.89, 6.00
10.00, 4, 250.00, -6902.00, 8429.00, -99.89, 99.89, 6.00
10.00, 4, 250.00, -6945.00, 8471.00, -99.89, 99.89, 6.00
10.00, 4, 250.00, -6989.00, 8516.00, -99.89, 99.89, 6.00
10.00, 4, 250.00, -7034.00, 8557.00, -99.89, 99.89, 6.00
10.00, 4, 250.00, -7079.00, 8599.00, -99.89, 99.89, 6.00
10.00, 4, 250.00, -7125.00, 8643.00, -99.89, 99.89, 6.00
10.00, 4, 250.00, -7169.00, 8687.00, -99.89, 99.89, 6.00
10.00, 4, 250.00, -7211.00, 8729.00, -99.89, 99.89, 6.00
10.00, 4, 250.00, -7255.00, 8773.00, -99.89, 99.89, 6.00
10.00, 4, 250.00, -7300.00, 8817.00, -99.89, 99.89, 6.00
10.00, 4, 250.00, -7344.00, 8861.00, -99.89, 99.89, 6.00
10.00, 4, 250.00, -7386.00, 8905.00, -99.89, 99.89, 6.00
10.00, 4, 250.00, -7430.00, 8948.00, -99.89, 99.89, 6.00
10.00, 4, 250.00, -7472.00, 8993.00, -99.89, 99.89, 6.00
10.00, 4, 250.00, -7514.00, 9038.00, -99.89, 99.89, 6.00
10.00, 4, 250.00, -7559.00, 9081.00, -99.89, 99.89, 6.00
10.00, 4, 250.00, -7602.00, 9125.00, -99.89, 99.89, 6.00
10.00, 4, 250.00, -7646.00, 9171.00, -99.89, 99.89, 6.00
10.00, 4, 250.00, -7690.00, 9214.00, -99.89, 99.89, 6.00
10.00, 4, 250.00, -7732.00, 9257.00, -99.89, 99.89, 6.00
10.00, 4, 250.00, -7776.00, 9304.00, -99.89, 99.89, 6.00
10.00, 4, 250.00, -7821.00, 9348.00, -99.89, 99.89, 6.00
10.00, 4, 250.00, -7864.00, 9392.00, -99.89, 99.89, 6.00
10.00, 4, 250.00, -7909.00, 9436.00, -99.89, 99.89, 6.00
10.00, 4, 250.00, -7952.00, 9478.00, -99.89, 99.89, 6.00
10.00, 4, 250.00, -7993.00, 9525.00, -99.89, 99.89, 6.00
10.00, 4, 250.00, -8039.00, 9568.00, -99.89, 99.89, 6.00
10.00, 4, 250.00, -8085.00, 9611.00, -99.89, 99.89, 6.00
10.00, 4, 250.00, -8130.00, 9653.00, -99.89, 99.89, 6.00
10.00, 4, 250.00, -8173.00, 9695.00, -99.89, 99.89, 6.00
10.00, 4, 250.00, -8218.00, 9737.00, -99.89, 99.89, 6.00
10.00, 4, 250.00, -8261.00, 9783.00, -99.89, 99.89, 6.00
10.00, 4, 250.00, -8307.00, 9827.00, -99.89, 99.89, 6.00
10.00, 4, 250.00, -8353.00, 9867.00, -99.89, 99.89, 6.00
10.00, 4, 250.00, -8397.00, 9910.00, -99.89, 99.89, 6.00
10.00, 4, 250.00, -8440.00, 9954.00, -99.89, 99.89, 6.00
10.00, 4, 250.00, -8484.00, 9994.00, -99.89, 99.89, 6.00
10.00, 4, 250.00, -8526.00, 10040.00, -99.89, 99.89, 6.00
10.00, 4, 250.00, -8570.00, 10084.00, -99.89, 99.89, 6.00
10.00, 4, 250.00, -8615.00, 10125.00, -99.89, 99.89, 6.00
10.00, 4, 250.00, -8660.00, 10168.00, -99.89, 99.89, 6.00
10.00, 4, 250.00, -8703.00, 10211.00, -99.89, 99.89, 6.00
10.00, 4, 250.00, -8746.00, 10253.00, -99.89, 99.89, 6.00
10.00, 4, 250.00, -8789.00, 10299.00, -99.89, 99.89, 6.00
10.00, 4, 250.00, -8835.00, 10342.00, -99.89, 99.89, 6.00
10.00, 4, 250.00, -8879.00, 10385.00, -99.89, 99.89, 6.00
10.00, 4, 250.00, -8923.00, 10429.00, -99.89, 99.89, 6.00
10.00, 4, 250.00, -8967.00, 10471.00, -99.89, 99.89, 6.00
10.00, 4, 250.00, -9010.00, 10514.00, -99.89, 99.89, 6.00
10.00, 4, 250.00, -9053.00, 10558.00, -99.89, 99.89, 6.00
10.00, 4, 250.00, -9099.00, 10602.00, -99.89, 99.89, 6.00
10.00, 4, 250.00, -9144.00, 10645.00, -99.89, 99.89, 6.00
10.00, 4, 250.00, -9189.00, 10688.00, -99.89, 99.89, 6.00
10.00, 4, 250.00, -9234.00, 10732.00, -99.89, 99.89, 6.00
10.00, 4, 250.00, -9277.00, 10775.00, -99.89, 99.89, 6.00
10.00, 4, 250.00, -9321.00, 10819.00, -99.89, 99.89, 6.00
10.00, 4, 250.00, -9366.00, 10862.00, -99.89, 99.89, 6.00
10.00, 4, 250.00, -9410.00, 10905.00, -99.89, 99.89, 6.00
10.00, 4, 250.00, -9455.00, 10946.00, -99.89, 99.89, 6.00
10.00, 4, 250.00, -9499.00, 10989.00, -99.89, 99.89, 6.00
10.00, 4, 250.00, -9542.00, 11032.00, -99.89, 99.89, 6.00
10.00, 4, 250.00, -9586.00, 11077.00, -99.89, 99.89, 6.00
10.00, 4, 250.00, -9631.00, 11118.00, -99.89, 99.89, 6.00
10.00, 4, 250.00, -9675.00, 11159.00, -99.89, 99.89, 6.00
10.00, 4, 250.00, -9718.00, 11205.00, -99.89, 99.89, 6.00
10.00, 4, 250.00, -9761.00, 11247.00, -99.89, 99.89, 6.00
10.00, 4, 250.00, -9802.00, 11290.00, -99.89, 99.89, 6.00
10.00, 4, 250.00, -9844.00, 11336.00, -99.89, 99.89, 6.00
10.00, 4, 250.00, -9889.00, 11379.00, -99.89, 99.89, 6.00
10.00, 4, 250.00, -9931.00, 11421.00, -99.89, 99.89, 6.00
10.00, 4, 250.00, -9974.00, 11465.00, -99.89, 99.89, 6.00
10.00, 4, 250.00, -10016.00, 11509.00, -99.89, 99.89, 6.00
10.00, 4, 250.00, -10057.00, 11554.00, -99.89, 99.89, 6.00
10.00, 4, 250.00, -10102.00, 11598.00, -99.89, 99.89, 6.00
10.00, 4, 250.00, -10147.00, 11641.00, -99.89, 99.89, 6.00
10.00, 4, 250.00, -10190.00, 11685.00, -99.89, 99.89, 6.00
10.00, 4, 250.00, -10235.00, 11730.00, -99.89, 99.89, 6.00
10.00, 4, 250.00, -10278.00, 11773.00, -99.89, 99.89, 6.00
10.00, 4, 250.00, -10318.00, 11819.00, -99.89, 99.89, 6.00
10.00, 4, 250.00, -10364.00, 11863.00, -99.89, 99.89, 6.00
10.00, 4, 250.00, -10410.00, 11906.00, -99.89, 99.89, 6.00
10.00, 4, 250.00, -10454.00, 11947.00, -99.89, 99.89, 6.00
10.00, 4, 250.00, -10500.00, 11990.00, -99.89, 99.89, 6.00
10.00, 4, 250.00, -10542.00, 12034.00, -99.89, 99.89, 6.00
10.00, 4, 250.00, -10586.00, 12080.00, -99.89, 99.89, 6.00
10.00, 4, 250.00, -10632.00, 12122.00, -99.89, 99.89, 6.00
10.00, 4, 250.00, -10679.00, 12164.00, -99.89, 99.89, 6.00
10.00, 4, 250.00, -10724.00, 12208.00, -99.89, 99.89, 6.00
10.00, 4, 250.00, -10767.00, 12249.00, -99.89, 99.89, 6.00
10.00, 4, 250.00, -10810.00, 12291.00, -99.89, 99.89, 6.00
10.00, 4, 250.00, -10854.00, 12337.00, -99.89, 99.89, 6.00
10.00, 4, 250.00, -10900.00, 12379.00, -99.89, 99.89, 6.00
10.00, 4, 250.00, -10945.00, 12420.00, -99.89, 99.89, 6.00
10.00, 4, 250.00, -10990.00, 12464.00, -99.89, 99.89, 6.00
10.00, 4, 250.00, -11034.00, 12507.00, -99.89, 99.89, 6.00
10.00, 4, 250.00, -11077.00, 12549.00, -99.89, 99.89, 6.00
10.00, 4, 250.00, -11119.00, 12593.00, -99.89, 99.89, 6.00
10.00, 4, 250.00, -11164.00, 12638.00, -99.89, 99.89, 6.00
10.00, 4, 250.00, -11209.00, 12681.00, -99.89, 99.89, 6.00
10.00, 4, 250.00, -11253.00, 12725.00, -99.89, 99.89, 6.00
10.00, 4, 250.00, -11296.00, 12770.00, -99.89, 99.89, 6.00
10.00, 4, 250.00, -11337.00, 12812.00, -99.89, 99.89, 6.00
10.00, 4, 250.00, -11382.00, 12857.00, -99.89, 99.89, 6.00
10.00, 4, 250.00, -11426.00, 12902.00, -99.89, 99.89, 6.00
10.00, 4, 250.00, -11471.00, 12946.00, -99.89, 99.89, 6.00
10.00, 4, 250.00, -11515.00, 12990.00, -99.89, 99.89, 6.00
10.00, 4, 250.00, -11559.00, 13035.00, -99.89, 99.89, 6.00
10.00, 4, 250.00, -11602.00, 13078.00, -99.89, 99.89, 6.00
10.00, 4, 250.00, -11646.00, 13125.00, -99.89, 99.89, 6.00
10.00, 4, 250.00, -11690.00, 13169.00, -99.89, 99.89, 6.00
10.00, 4, 250.00, -11735.00, 13211.00, -99.89, 99.89, 6.00
10.00, 4, 250.00, -11781.00, 13257.00, -99.89, 99.89, 6.00
10.00, 4, 250.00, -11822.00, 13300.00, -99.89, 99.89, 6.00
10.00, 4, 250.00, -11865.00, 13344.00, -99.89, 99.89, 6.00
10.00, 4, 250.00, -11910.00, 13388.00, -99.89, 99.89, 6.00
10.00, 4, 250.00, -11953.00, 13431.00, -99.89, 99.89, 6.00
10.00, 4, 250.00, -11999.00, 13475.00, -99.89, 99.89, 6.00
10.00, 4, 250.00, -12043.00, 13517.00, -99.89, 99.89, 6.00
10.00, 4, 250.00, -12085.00, 13558.00, -99.89, 99.89, 6.00
10.00, 4, 250.00, -12129.00, 13604.00, -99.89, 99.89, 6.00
10.00, 4, 250.00, -12174.00, 13648.00, -99.89, 99.89, 6.00
10.00, 4, 250.00, -12219.00, 13689.00, -99.89, 99.89, 6.00
10.00, 4, 250.00, -12262.00, 13733.00, -99.89, 99.89, 6.00
10.00, 4, 250.00, -12306.00, 13776.00, -99.89, 99.89, 6.00
10.00, 4, 250.00, -12349.00, 13820.00, -99.89, 99.89, 6.00
10.00, 4, 250.00, -12392.00, 13865.00, -99.89, 99.89, 6.00
10.00, 4, 250.00, -12436.00, 13908.00, -99.89, 99.89, 6.00
10.00, 4, 250.00, -12482.00, 13950.00, -99.89, 99.89, 6.00
10.00, 4, 250.00, -12525.00, 13993.00, -99.89, 99.89, 6.00
10.00, 4, 250.00, -12569.00, 14035.00, -99.89, 99.89, 6.00
10.00, 4, 250.00, -12612.00, 14080.00, -99.89, 99.89, 6.00
10.00, 4, 250.00, -12656.00, 14126.00, -99.89, 99.89, 6.00
10.00, 4, 250.00, -12699.00, 14168.00, -99.89, 99.89, 6.00
10.00, 4, 250.00, -12744.00, 14211.00, -99.89, 99.89, 6.00
10.00, 4, 250.00, -12791.00, 14255.00, -99.89, 99.89, 6.00
10.00, 4, 250.00, -12834.00, 14298.00, -99.89, 99.89, 6.00
10.00, 4, 250.00, -12879.00, 14342.00, -99.89, 99.89, 6.00
10.00, 4, 250.00, -12925.00, 14386.00, -99.89, 99.89, 6.00
10.00, 4, 250.00, -12969.00, 14429.00, -99.89, 99.89, 6.00
10.00, 4, 250.00, -13015.00, 14472.00, -99.89, 99.89, 6.00
10.00, 4, 250.00, -13060.00, 14516.00, -99.89, 99.89, 6.00
10.00, 4, 250.00, -13104.00, 14560.00, -99.89, 99.89, 6.00
10.00, 4, 250.00, -13149.00, 14603.00, -99.89, 99.89, 6.00
10.00, 4, 250.00, -13195.00, 14646.00, -99.89, 99.89, 6.00
10.00, 4, 250.00, -13238.00, 14690.00, -99.89, 99.89, 6.00
10.00, 4, 250.00, -13284.00, 14731.00, -99.89, 99.89, 6.00
10.00, 4, 250.00, -13329.00, 14773.00, -99.89, 99.89, 6.00
10.00, 4, 250.00, -13372.00, 14816.00, -99.89, 99.89, 6.00
10.00, 4, 250.00, -13417.00, 14859.00, -99.89, 99.89, 6.00
10.00, 4, 250.00, -13461.00, 14901.00, -99.89, 99.89, 6.00
10.00, 4, 250.00, -13506.00, 14943.00, -99.89, 99.89, 6.00
10.00, 4, 250.00, -13551.00, 14987.00, -99.89, 99.89, 6.00
10.00, 4, 250.00, -13593.00, 15030.00, -99.89, 99.89, 6.00
10.00, 4, 250.00, -13636.00, 15075.00, -99.89, 99.89, 6.00
10.00, 4, 250.00, -13678.00, 15118.00, -99.89, 99.89, 6.00
10.00, 4, 250.00, -13721.00, 15162.00, -99.89, 99.89, 6.00
10.00, 4, 250.00, -13764.00, 15206.00, -99.89, 99.89, 6.00
10.00, 4, 250.00, -13807.00, 15249.00, -99.89, 99.89, 6.00
10.00, 4, 250.00, -13849.00, 15293.00, -99.89, 99.89, 6.00
10.00, 4, 250.00, -13892.00, 15336.00, -99.89, 99.89, 6.00
10.00, 4, 250.00, -13934.00, 15379.00, -99.89, 99.89, 6.00
10.00, 4, 250.00, -13978.00, 15425.00, -99.89, 99.89, 6.00
10.00, 4, 250.00, -14023.00, 15469.00, -99.89, 99.89, 6.00
10.00, 4, 250.00, -14067.00, 15513.00, -99.89, 99.89, 6.00
10.00, 4, 250.00, -14109.00, 15558.00, -99.89, 99.89, 6.00
10.00, 4, 250.00, -14152.00, 15603.00, -99.89, 99.89, 6.00
10.00, 4, 250.00, -14195.00, 15646.00, -99.89, 99.89, 6.00
10.00, 4, 250.00, -14239.00, 15690.00, -99.89, 99.89, 6.00
10.00, 4, 250.00, -14284.00, 15733.00, -99.89, 99.89, 6.00
10.00, 4, 250.00, -14331.00, 15776.00, -99.89, 99.89, 6.00
10.00, 4, 250.00, -14374.00, 15820.00, -99.89, 99.89, 6.00
10.00, 4, 250.00, -14418.00, 15865.00, -99.89, 99.89, 6.00
10.00, 4, 250.00, -14462.00, 15909.00, -99.89, 99.89, 6.00
10.00, 4, 250.00, -14506.00, 15950.00, -99.89, 99.89, 6.00
10.00, 4, 250.00, -14552.00, 15994.00, -99.89, 99.89, 6.00
10.00, 4, 250.00, -14596.00, 16036.00, -99.89, 99.89, 6.00
10.00, 4, 250.00, -14639.00, 16077.00, -99.89, 99.89, 6.00
10.00, 4, 250.00, -14683.00, 16121.00, -99.89, 99.89, 6.00
10.00, 4, 250.00, -14727.00, 16164.00, -99.89, 99.89, 6.00
10.00, 4, 250.00, -14774.00, 16206.00, -99.89, 99.89, 6.00
10.00, 4, 250.00, -14819.00, 16248.00, -99.89, 99.89, 6.00
10.00, 4, 250.00, -14862.00, 16292.00, -99.89, 99.89, 6.00
10.00, 4, 250.00, -14904.00, 16335.00, -99.89, 99.89, 6.00
10.00, 4, 250.00, -14948.00, 16378.00, -99.89, 99.89, 6.00
10.00, 4, 250.00, -14991.00, 16422.00, -99.89, 99.89, 6.00
10.00, 4, 250.00, -15036.00, 16467.00, -99.89, 99.89, 6.00
10.00, 4, 250.00, -15082.00, 16511.00, -99.89, 99.89, 6.00
10.00, 4, 250.00, -15125.00, 16554.00, -99.89, 99.89, 6.00
10.00, 4, 250.00, -15167.00, 16598.00, -99.89, 99.89, 6.00
10.00, 4, 250.00, -15210.00, 16641.00, -99.89, 99.89, 6.00
10.00, 4, 250.00, -15254.00, 16686.00, -99.89, 99.89, 6.00
10.00, 4, 250.00, -15301.00, 16731.00, -99.89, 99.89, 6.00
10.00, 4, 250.00, -15347.00, 16774.00, -99.89, 99.89, 6.00
10.00, 4, 250.00, -15392.00, 16818.00, -99.89, 99.89, 6.00
10.00, 4, 250.00, -15434.00, 16863.00, -99.89, 99.89, 6.00
10.00, 4, 250.00, -15478.00, 16906.00, -99.89, 99.89, 6.00
10.00, 4, 250.00, -15522.00, 16950.00, -99.89, 99.89, 6.00
10.00, 4, 250.00, -15568.00, 16997.00, -99.89, 99.89, 6.00
10.00, 4, 250.00, -15612.00, 17039.00, -99.89, 99.89, 6.00
10.00, 4, 250.00, -15655.00, 17083.00, -99.89, 99.89, 6.00
10.00, 4, 250.00, -15700.00, 17129.00, -99.89, 99.89, 6.00
10.00, 4, 250.00, -15745.00, 17171.00, -99.89, 99.89, 6.00
10.00, 4, 250.00, -15789.00, 17216.00, -99.89, 99.89, 6.00
10.00, 4, 250.00, -15833.00, 17259.00, -99.89, 99.89, 6.00
10.00, 4, 250.00, -15880.00, 17300.00, -99.89, 99.89, 6.00
10.00, 4, 250.00, -15921.00, 17343.00, -99.89, 99.89, 6.00
10.00, 4, 250.00, -15965.00, 17386.00, -99.89, 99.89, 6.00
10.00, 4, 250.00, -16009.00, 17429.00, -99.89, 99.89, 6.00
10.00, 4, 250.00, -16051.00, 17473.00, -99.89, 99.89, 6.00
10.00, 4, 250.00, -16096.00, 17516.00, -99.89, 99.89, 6.00
10.00, 4, 250.00, -16139.00, 17560.00, -99.89, 99.89, 6.00
10.00, 4, 250.00, -16180.00, 17603.00, -99.89, 99.89, 6.00
10.00, 4, 250.00, -16223.00, 17646.00, -99.89, 99.89, 6.00
10.00, 4, 250.00, -16266.00, 17689.00, -99.89, 99.89, 6.00
10.00, 4, 250.00, -16311.00, 17735.00, -99.89, 99.89, 6.00
10.00, 4, 250.00, -16354.00, 17779.00, -99.89, 99.89, 6.00
10.00, 4, 250.00, -16396.00, 17821.00, -99.89, 99.89, 6.00
10.00, 4, 250.00, -16440.00, 17865.00, -99.89, 99.89, 6.00
10.00, 4, 250.00, -16486.00, 17911.00, -99.89, 99.89, 6.00
10.00, 4, 250.00, -16529.00, 17955.00, -99.89, 99.89, 6.00
10.00, 4, 250.00, -16573.00, 17997.00, -99.89, 99.89, 6.00
10.00, 4, 250.00, -16619.00, 18041.00, -99.89, 99.89, 6.00
10.00, 4, 250.00, -16664.00, 18086.00, -99.89, 99.89, 6.00
10.00, 4, 250.00, -16707.00, 18128.00, -99.89, 99.89, 6.00
10.00, 4, 250.00, -16752.00, 18172.00, -99.89, 99.89, 6.00
10.00, 4, 250.00, -16797.00, 18216.00, -99.89, 99.89, 6.00
10.00, 4, 250.00, -16842.00, 18258.00, -99.89, 99.89, 6.00
10.00, 4, 250.00, -16889.00, 18301.00, -99.89, 99.89, 6.00
10.00, 4, 250.00, -16934.00, 18345.00, -99.89, 99.89, 6.00
10.00, 4, 250.00, -16980.00, 18390.00, -99.89, 99.89, 6.00
10.00, 4, 250.00, -17025.00, 18433.00, -99.89, 99.89, 6.00
10.00, 4, 250.00, -17068.00, 18476.00, -99.89, 99.89, 6.00
10.00, 4, 250.00, -17113.00, 18519.00, -99.89, 99.89, 6.00
10.00, 4, 250.00, -17158.00, 18561.00, -99.89, 99.89, 6.00
10.00, 4, 250.00, -17202.00, 18603.00, -99.89, 99.89, 6.00
10.00, 4, 250.00, -17248.00, 18645.00, -99.89, 99.89, 6.00
10.00, 4, 250.00, -17293.00, 18687.00, -99.89, 99.89, 6.00
10.00, 4, 250.00, -17336.00, 18727.00, -99.89, 99.89, 6.00
10.00, 4, 250.00, -17381.00, 18770.00, -99.89, 99.89, 6.00
10.00, 4, 250.00, -17425.00, 18814.00, -99.89, 99.89, 6.00
10.00, 4, 250.00, -17466.00, 18857.00, -99.89, 99.89, 6.00
10.00, 4, 250.00, -17510.00, 18902.00, -99.89, 99.89, 6.00
10.00, 4, 250.00, -17552.00, 18944.00, -99.89, 99.89, 6.00
10.00, 4, 250.00, -17596.00, 18986.00, -99.89, 99.89, 6.00
10.00, 4, 250.00, -17639.00, 19031.00, -99.89, 99.89, 6.00
10.00, 4, 250.00, -17683.00, 19074.00, -99.89, 99.89, 6.00
10.00, 4, 250.00, -17726.00, 19118.00, -99.89, 99.89, 6.00
10.00, 4, 250.00, -17769.00, 19161.00, -99.89, 99.89, 6.00
10.00, 4, 250.00, -17813.00, 19205.00, -99.89, 99.89, 6.00
10.00, 4, 250.00, -17857.00, 19248.00, -99.89, 99.89, 6.00
10.00, 4, 250.00, -17900.00, 19293.00, -99.89, 99.89, 6.00
10.00, 4, 250.00, -17944.00, 19338.00, -99.89, 99.89, 6.00
10.00, 4, 250.00, -17987.00, 19383.00, -99.89, 99.89, 6.00
10.00, 4, 250.00, -18030.00, 19426.00, -99.89, 99.89, 6.00
10.00, 4, 250.00, -18074.00, 19469.00, -99.89, 99.89, 6.00
10.00, 4, 250.00, -18119.00, 19515.00, -99.89, 99.89, 6.00
10.00, 4, 250.00, -18163.00, 19558.00, -99.89, 99.89, 6.00
10.00, 4, 250.00, -18207.00, 19600.00, -99.89, 99.89, 6.00
10.00, 4, 250.00, -18251.00, 19645.00, -99.89, 99.89, 6.00
10.00, 4, 250.00, -18296.00, 19689.00, -99.89, 99.89, 6.00
10.00, 4, 250.00, -18339.00, 19730.00, -99.89, 99.89, 6.00
10.00, 4, 250.00, -18382.00, 19773.00, -99.89, 99.89, 6.00
10.00, 4, 250.00, -18428.00, 19817.00, -99.89, 99.89, 6.00
10.00, 4, 250.00, -18472.00, 19860.00, -99.89, 99.89, 6.00
10.00, 4, 250.00, -18515.00, 19903.00, -99.89, 99.89, 6.00
10.00, 4, 250.00, -18561.00, 19945.00, -99.89, 99.89, 6.00
10.00, 4, 250.00, -18605.00, 19987.00, -99.89, 99.89, 6.00
10.00, 4, 250.00, -18647.00, 20030.00, -99.89, 99.89, 6.00
10.00, 4, 250.00, -18692.00, 20073.00, -99.89, 99.89, 6.00
10.00, 4, 250.00, -18734.00, 20117.00, -99.89, 99.89, 6.00
10.00, 4, 250.00, -18778.00, 20158.00, -99.89, 99.89, 6.00
10.00, 4, 250.00, -18822.00, 20201.00, -99.89, 99.89, 6.00
10.00, 4, 250.00, -18866.00, 20243.00, -99.89, 99.89, 6.00
10.00, 4, 250.00, -18909.00, 20289.00, -99.89, 99.89, 6.00
10.00, 4, 250.00, -18954.00, 20333.00, -99.89, 99.89, 6.00
10.00, 4, 250.00, -18996.00, 20376.00, -99.89, 99.89, 6.00
10.00, 4, 250.00, -19041.00, 20420.00, -99.89, 99.89, 6.00
10.00, 4, 250.00, -19087.00, 20464.00, -99.89, 99.89, 6.00
10.00, 4, 250.00, -19131.00, 20506.00, -99.89, 99.89, 6.00
10.00, 4, 250.00, -19176.00, 20552.00, -99.89, 99.89, 6.00
10.00, 4, 250.00, -19222.00, 20597.00, -99.89, 99.89, 6.00
10.00, 4, 250.00, -19265.00, 20641.00, -99.89, 99.89, 6.00
10.00, 4, 250.00, -19308.00, 20686.00, -99.89, 99.89, 6.00
10.00, 4, 250.00, -19355.00, 20727.00, -99.89, 99.89, 6.00
10.00, 4, 250.00, -19400.00, 20771.00, -99.89, 99.89, 6.00
10.00, 4, 250.00, -19445.00, 20817.00, -99.89, 99.89, 6.00
10.00, 4, 250.00, -19488.00, 20860.00, -99.89, 99.89, 6.00
10.00, 4, 250.00, -19532.00, 20904.00, -99.89, 99.89, 6.00
10.00, 4, 250.00, -19577.00, 20949.00, -99.89, 99.89, 6.00
10.00, 4, 250.00, -19623.00, 20991.00, -99.89, 99.89, 6.00
10.00, 4, 250.00, -19666.00, 21034.00, -99.89, 99.89, 6.00
10.00, 4, 250.00, -19711.00, 21078.00, -99.89, 99.89, 6.00
10.00, 4, 250.00, -19755.00, 21120.00, -99.89., 4, 250.00, -26465.00, 27754.00, -99.89, 99.89, 6.00
416.00, 4, 250.00, -26508.00, 27795.00, 99.89, -80.90, 6.00
10.00, 4, 250.00, -26545.00, 27831.00, 99.89, -99.89, 6.00
10.00, 4, 250.00, -26567.00, 27859.00, 99.89, -99.89, 6.00
10.00, 4, 250.00, -26579.00, 27872.00, 99.89, -99.77, 6.00
10.00, 4, 250.00, -26579.00, 27872.00, 99.89, -99.66, 6.00
10.00, 4, 250.00, -26570.00, 27865.00, 99.89, -99.66, 6.00
10.00, 4, 250.00, -26554.00, 27849.00, 99.89, -99.66, 6.00
10.00, 4, 250.00, -26534.00, 27829.00, 99.89, -99.77, 6.00
10.00, 4, 250.00, -26510.00, 27803.00, 99.89, -99.77, 6.00
10.00, 4, 250.00, -26481.00, 27775.00, 99.89, -99.89, 6.00
11.00, 4, 250.00, -26451.00, 27743.00, 99.89, -99.89, 6.00
10.00, 4, 250.00, -26418.00, 27710.00, 99.89, -99.89, 6.00
10.00, 4, 250.00, -26384.00, 27675.00, 99.89, -99.89, 6.00
10.00, 4, 250.00, -26350.00, 27639.00, 99.89, -99.89, 6.00
10.00, 4, 250.00, -26314.00, 27603.00, 99.89, -99.89, 6.00
10.00, 4, 250.00, -26276.00, 27565.00, 99.89, -99.89, 6.00
10.00, 4, 250.00, -26238.00, 27526.00, 99.89, -99.89, 6.00
10.00, 4, 250.00, -26201.00, 27487.00, 99.89, -99.89, 6.00
10.00, 4, 250.00, -26162.00, 27447.00, 99.89, -99.89, 6.00
10.00, 4, 250.00, -26125.00, 27408.00, 99.89, -99.89, 6.00
10.00, 4, 250.00, -26086.00, 27368.00, 99.89, -99.89, 6.00
10.00, 4, 250.00, -26046.00, 27327.00, 99.89, -99.89, 6.00
10.00, 4, 250.00, -26007.00, 27288.00, 99.89, -99.89, 6.00
10.00, 4, 250.00, -25967.00, 27247.00, 99.89, -99.89, 6.00
10.00, 4, 250.00, -25927.00, 27205.00, 99.89, -99.89, 6.00
10.00, 4, 250.00, -25887.00, 27165.00, 99.89, -99.89, 6.00
10.00, 4, 250.00, -25847.00, 27125.00, 99.89, -99.89, 6.00
10.00, 4, 250.00, -25805.00, 27084.00, 99.89, -99.89, 6.00
10.00, 4, 250.00, -25763.00, 27043.00, 99.89, -99.89, 6.00
10.00, 4, 250.00, -25723.00, 27002.00, 99.89, -99.89, 6.00
10.00, 4, 250.00, -25681.00, 26960.00, 99.89, -99.89, 6.00
10.00, 4, 250.00, -25640.00, 26918.00, 99.89, -99.89, 6.00
10.00, 4, 250.00, -25601.00, 26877.00, 99.89, -99.89, 6.00
10.00, 4, 250.00, -25559.00, 26840.00, 99.89, -99.89, 6.00
10.00, 4, 250.00, -25515.00, 26799.00, 99.89, -99.89, 6.00
10.00, 4, 250.00, -25475.00, 26755.00, 99.89, -99.89, 6.00
10.00, 4, 250.00, -25433.00, 26714.00, 99.89, -99.89, 6.00
10.00, 4, 250.00, -25390.00, 26673.00, 99.89, -99.89, 6.00
10.00, 4, 250.00, -25349.00, 26631.00, 99.89, -99.89, 6.00
10.00, 4, 250.00, -25307.00, 26591.00, 99.89, -99.89, 6.00
10.00, 4, 250.00, -25265.00, 26552.00, 99.89, -99.89, 6.00
10.00, 4, 250.00, -25223.00, 26508.00, 99.89, -99.89, 6.00
10.00, 4, 250.00, -25183.00, 26466.00, 99.89, -99.89, 6.00
10.00, 4, 250.00, -25142.00, 26424.00, 99.89, -99.89, 6.00
10.00, 4, 250.00, -25100.00, 26382.00, 99.89, -99.89, 6.00
10.00, 4, 250.00, -25060.00, 26343.00, 99.89, -99.89, 6.00
10.00, 4, 250.00, -25017.00, 26304.00, 99.89, -99.89, 6.00
10.00, 4, 250.00, -24974.00, 26261.00, 99.89, -99.89, 6.00
10.00, 4, 250.00, -24935.00, 26219.00, 99.89, -99.89, 6.00
10.00, 4, 250.00, -24893.00, 26177.00, 99.89, -99.89, 6.00
10.00, 4, 250.00, -24851.00, 26135.00, 99.89, -99.89, 6.00
10.00, 4, 250.00, -24810.00, 26095.00, 99.89, -99.89, 6.00
10.00, 4, 250.00, -24768.00, 26054.00, 99.89, -99.89, 6.00
10.00, 4, 250.00, -24724.00, 26012.00, 99.89, -99.89, 6.00
10.00, 4, 250.00, -24684.00, 25969.00, 99.89, -99.89, 6.00
10.00, 4, 250.00, -24643.00, 25926.00, 99.89, -99.89, 6.00
10.00, 4, 250.00, -24601.00, 25884.00, 99.89, -99.89, 6.00
10.00, 4, 250.00, -24561.00, 25843.00, 99.89, -99.89, 6.00
10.00, 4, 250.00, -24518.00, 25803.00, 99.89, -99.89, 6.00
10.00, 4, 250.00, -24474.00, 25761.00, 99.89, -99.89, 6.00
10.00, 4, 250.00, -24434.00, 25717.00, 99.77, -99.77, 6.00
10.00, 4, 250.00, -24392.00, 25674.00, 99.66, -99.66, 6.00
10.00, 4, 250.00, -24351.00, 25632.00, 99.66, -99.55, 6.00
10.00, 4, 250.00, -24312.00, 25591.00, 99.55, -99.32, 6.00
10.00, 4, 250.00, -24270.00, 25550.00, 99.44, -99.21, 6.00
10.00, 4, 250.00, -24226.00, 25507.00, 99.32, -98.98, 6.00
10.00, 4, 250.00, -24188.00, 25463.00, 99.10, -98.76, 6.00
10.00, 4, 250.00, -24148.00, 25423.00, 98.98, -98.64, 6.00
10.00, 4, 250.00, -24107.00, 25382.00, 98.87, -98.53, 6.00
10.00, 4, 250.00, -24070.00, 25340.00, 98.64, -98.42, 6.00
10.00, 4, 250.00, -24029.00, 25300.00, 98.42, -98.31, 6.00
10.00, 4, 250.00, -23986.00, 25260.00, 98.19, -98.19, 6.00
10.00, 4, 250.00, -23947.00, 25217.00, 98.08, -98.19, 6.00
10.00, 4, 250.00, -23908.00, 25176.00, 97.97, -98.08, 6.00
10.00, 4, 250.00, -23868.00, 25136.00, 97.74, -98.08, 6.00
10.00, 4, 250.00, -23829.00, 25095.00, 97.74, -97.97, 6.00
10.00, 4, 250.00, -23792.00, 25055.00, 97.85, -97.97, 6.00
10.00, 4, 250.00, -23751.00, 25015.00, 97.97, -97.97, 6.00
10.00, 4, 250.00, -23712.00, 24974.00, 98.19, -97.97, 6.00
10.00, 4, 250.00, -23673.00, 24933.00, 98.42, -98.08, 6.00
10.00, 4, 250.00, -23633.00, 24894.00, 98.64, -98.19, 6.00
10.00, 4, 250.00, -23594.00, 24854.00, 98.87, -98.42, 6.00
10.00, 4, 250.00, -23555.00, 24814.00, 99.10, -98.64, 6.00
10.00, 4, 250.00, -23516.00, 24777.00, 99.32, -98.76, 6.00
10.00, 4, 250.00, -23474.00, 24738.00, 99.44, -98.98, 6.00
10.00, 4, 250.00, -23434.00, 24696.00, 99.55, -99.21, 6.00
10.00, 4, 250.00, -23394.00, 24655.00, 99.55, -99.44, 6.00
10.00, 4, 250.00, -23355.00, 24616.00, 99.66, -99.55, 6.00
10.00, 4, 250.00, -23315.00, 24575.00, 99.66, -99.66, 6.00
10.00, 4, 250.00, -23276.00, 24536.00, 99.66, -99.66, 6.00
10.00, 4, 250.00, -23234.00, 24496.00, 99.66, -99.77, 6.00
10.00, 4, 250.00, -23194.00, 24455.00, 99.77, -99.77, 6.00
10.00, 4, 250.00, -23155.00, 24414.00, 99.77, -99.77, 6.00
10.00, 4, 250.00, -23113.00, 24373.00, 99.66, -99.89, 6.00
10.00, 4, 250.00, -23074.00, 24331.00, 99.66, -99.89, 6.00
10.00, 4, 250.00, -23034.00, 24291.00, 99.66, -99.89, 6.00
10.00, 4, 250.00, -22992.00, 24253.00, 99.66, -99.89, 6.00
10.00, 4, 250.00, -22950.00, 24210.00, 99.66, -99.89, 6.00
10.00, 4, 250.00, -22910.00, 24168.00, 99.66, -99.89, 6.00
10.00, 4, 250.00, -22870.00, 24125.00, 99.66, -99.89, 6.00
10.00, 4, 250.00, -22828.00, 24083.00, 99.66, -99.89, 6.00
10.00, 4, 250.00, -22789.00, 24041.00, 99.77, -99.89, 6.00
10.00, 4, 250.00, -22750.00, 24002.00, 99.77, -99.89, 6.00
10.00, 4, 250.00, -22708.00, 23961.00, 99.77, -99.77, 6.00
10.00, 4, 250.00, -22667.00, 23916.00, 99.77, -99.77, 6.00
10.00, 4, 250.00, -22629.00, 23873.00, 99.89, -99.77, 6.00
10.00, 4, 250.00, -22588.00, 23831.00, 99.89, -99.77, 6.00
10.00, 4, 250.00, -22547.00, 23789.00, 99.89, -99.77, 6.00
10.00, 4, 250.00, -22507.00, 23750.00, 99.89, -99.89, 6.00
10.00, 4, 250.00, -22465.00, 23710.00, 99.89, -99.89, 6.00
10.00, 4, 250.00, -22425.00, 23667.00, 99.89, -99.89, 6.00
10.00, 4, 250.00, -22386.00, 23625.00, 99.89, -99.89, 6.00
10.00, 4, 250.00, -22345.00, 23582.00, 99.89, -99.89, 6.00
10.00, 4, 250.00, -22304.00, 23540.00, 99.89, -99.89, 6.00
10.00, 4, 250.00, -22263.00, 23500.00, 99.89, -99.89, 6.00
10.00, 4, 250.00, -22222.00, 23459.00, 99.89, -99.89, 6.00
10.00, 4, 250.00, -22181.00, 23416.00, 99.89, -99.89, 6.00
10.00, 4, 250.00, -22141.00, 23373.00, 99.89, -99.89, 6.00
10.00, 4, 250.00, -22100.00, 23331.00, 99.89, -99.89, 6.00
10.00, 4, 250.00, -22060.00, 23290.00, 99.89, -99.89, 6.00
10.00, 4, 250.00, -22020.00, 23248.00, 99.89, -99.89, 6.00
10.00, 4, 250.00, -21978.00, 23208.00, 99.89, -99.89, 6.00
10.00, 4, 250.00, -21936.00, 23166.00, 99.89, -99.89, 6.00
10.00, 4, 250.00, -21896.00, 23122.00, 99.89, -99.89, 6.00
10.00, 4, 250.00, -21854.00, 23080.00, 99.89, -99.89, 6.00
10.00, 4, 250.00, -21812.00, 23040.00, 99.89, -99.89, 6.00
10.00, 4, 250.00, -21773.00, 22999.00, 99.89, -99.89, 6.00
10.00, 4, 250.00, -21730.00, 22958.00, 99.89, -99.89, 6.00
10.00, 4, 250.00, -21686.00, 22917.00, 99.89, -99.89, 6.00
10.00, 4, 250.00, -21646.00, 22873.00, 99.89, -99.89, 6.00
10.00, 4, 250.00, -21605.00, 22831.00, 99.89, -99.89, 6.00
10.00, 4, 250.00, -21561.00, 22790.00, 99.89, -99.89, 6.00
10.00, 4, 250.00, -21520.00, 22750.00, 99.89, -99.89, 6.00
10.00, 4, 250.00, -21479.00, 22712.00, 99.89, -99.89, 6.00
10.00, 4, 250.00, -21436.00, 22669.00, 99.89, -99.89, 6.00
10.00, 4, 250.00, -21395.00, 22626.00, 99.89, -99.89, 6.00
10.00, 4, 250.00, -21354.00, 22583.00, 99.89, -99.89, 6.00
10.00, 4, 250.00, -21312.00, 22542.00, 99.89, -99.89, 6.00
10.00, 4, 250.00, -21272.00, 22503.00, 99.89, -99.89, 6.00
10.00, 4, 250.00, -21231.00, 22464.00, 99.89, -99.89, 6.00
10.00, 4, 250.00, -21189.00, 22423.00, 99.89, -99.89, 6.00
10.00, 4, 250.00, -21147.00, 22381.00, 99.89, -99.89, 6.00
10.00, 4, 250.00, -21107.00, 22339.00, 99.89, -99.89, 6.00
10.00, 4, 250.00, -21064.00, 22297.00, 99.89, -99.89, 6.00
10.00, 4, 250.00, -21022.00, 22255.00, 99.89, -99.89, 6.00
10.00, 4, 250.00, -20981.00, 22217.00, 99.89, -99.89, 6.00
10.00, 4, 250.00, -20937.00, 22177.00, 99.89, -99.89, 6.00
10.00, 4, 250.00, -20895.00, 22133.00, 99.89, -99.89, 6.00
10.00, 4, 250.00, -20854.00, 22089.00, 99.89, -99.89, 6.00
10.00, 4, 250.00, -20813.00, 22049.00, 99.89, -99.89, 6.00
10.00, 4, 250.00, -20771.00, 22007.00, 99.89, -99.89, 6.00
10.00, 4, 250.00, -20729.00, 21966.00, 99.89, -99.89, 6.00
10.00, 4, 250.00, -20686.00, 21927.00, 99.89, -99.89, 6.00
10.00, 4, 250.00, -20643.00, 21885.00, 99.89, -99.89, 6.00
10.00, 4, 250.00, -20603.00, 21840.00, 99.89, -99.89, 6.00
10.00, 4, 250.00, -20560.00, 21798.00, 99.89, -99.89, 6.00
10.00, 4, 250.00, -20518.00, 21756.00, 99.89, -99.89, 6.00
10.00, 4, 250.00, -20477.00, 21715.00, 99.89, -99.89, 6.00
10.00, 4, 250.00, -20434.00, 21674.00, 99.89, -99.89, 6.00
10.00, 4, 250.00, -20390.00, 21630.00, 99.89, -99.89, 6.00
10.00, 4, 250.00, -20349.00, 21587.00, 99.89, -99.89, 6.00
10.00, 4, 250.00, -20310.00, 21545.00, 99.89, -99.89, 6.00
10.00, 4, 250.00, -20267.00, 21503.00, 99.89, -99.89, 6.00
10.00, 4, 250.00, -20227.00, 21462.00, 99.89, -99.89, 6.00
10.00, 4, 250.00, -20185.00, 21421.00, 99.89, -99.89, 6.00
10.00, 4, 250.00, -20141.00, 21378.00, 99.89, -99.89, 6.00
10.00, 4, 250.00, -20103.00, 21335.00, 99.89, -99.89, 6.00
10.00, 4, 250.00, -20063.00, 21294.00, 99.89, -99.89, 6.00
10.00, 4, 250.00, -20022.00, 21250.00, 99.89, -99.89, 6.00
10.00, 4, 250.00, -19982.00, 21208.00, 99.89, -99.89, 6.00
10.00, 4, 250.00, -19941.00, 21168.00, 99.89, -99.89, 6.00
10.00, 4, 250.00, -19899.00, 21126.00, 99.89, -99.89, 6.00
10.00, 4, 250.00, -19858.00, 21084.00, 99.89, -99.89, 6.00
10.00, 4, 250.00, -19818.00, 21042.00, 99.89, -99.89, 6.00
10.00, 4, 250.00, -19776.00, 21001.00, 99.89, -99.89, 6.00
10.00, 4, 250.00, -19736.00, 20961.00, 99.89, -99.89, 6.00
10.00, 4, 250.00, -19696.00, 20920.00, 99.89, -99.89, 6.00
10.00, 4, 250.00, -19653.00, 20878.00, 99.89, -99.89, 6.00
10.00, 4, 250.00, -19612.00, 20834.00, 99.89, -99.89, 6.00
10.00, 4, 250.00, -19571.00, 20793.00, 99.89, -99.89, 6.00
10.00, 4, 250.00, -19529.00, 20752.00, 99.89, -99.89, 6.00
10.00, 4, 250.00, -19488.00, 20709.00, 99.89, -99.89, 6.00
10.00, 4, 250.00, -19446.00, 20670.00, 99.89, -99.89, 6.00
10.00, 4, 250.00, -19403.00, 20629.00, 99.89, -99.89, 6.00
10.00, 4, 250.00, -19362.00, 20587.00, 99.89, -99.89, 6.00
10.00, 4, 250.00, -19321.00, 20544.00, 99.89, -99.89, 6.00
10.00, 4, 250.00, -19278.00, 20501.00, 99.89, -99.89, 6.00
10.00, 4, 250.00, -19237.00, 20459.00, 99.89, -99.89, 6.00
10.00, 4, 250.00, -19196.00, 20420.00, 99.89, -99.89, 6.00
10.00, 4, 250.00, -19151.00, 20378.00, 99.89, -99.89, 6.00
10.00, 4, 250.00, -19109.00, 20336.00, 99.89, -99.89, 6.00
10.00, 4, 250.00, -19069.00, 20294.00, 99.89, -99.89, 6.00
10.00, 4, 250.00, -19026.00, 20250.00, 99.89, -99.89, 6.00
10.00, 4, 250.00, -18984.00, 20208.00, 99.89, -99.89, 6.00
10.00, 4, 250.00, -18943.00, 20168.00, 99.89, -99.89, 6.00
10.00, 4, 250.00, -18901.00, 20128.00, 99.89, -99.89, 6.00
10.00, 4, 250.00, -18858.00, 20086.00, 99.89, -99.89, 6.00
10.00, 4, 250.00, -18817.00, 20043.00, 99.89, -99.89, 6.00
10.00, 4, 250.00, -18777.00, 19999.00, 99.89, -99.89, 6.00
10.00, 4, 250.00, -18736.00, 19958.00, 99.89, -99.89, 6.00
10.00, 4, 250.00, -18695.00, 19918.00, 99.89, -99.89, 6.00
10.00, 4, 250.00, -18653.00, 19879.00, 99.89, -99.89, 6.00
10.00, 4, 250.00, -18612.00, 19836.00, 99.89, -99.89, 6.00
10.00, 4, 250.00, -18571.00, 19792.00, 99.89, -99.89, 6.00
10.00, 4, 250.00, -18531.00, 19749.00, 99.89, -99.89, 6.00
10.00, 4, 250.00, -18489.00, 19707.00, 99.89, -99.89, 6.00
10.00, 4, 250.00, -18447.00, 19668.00, 99.89, -99.89, 6.00
10.00, 4, 250.00, -18407.00, 19627.00, 99.89, -99.89, 6.00
10.00, 4, 250.00, -18364.00, 19584.00, 99.89, -99.89, 6.00
10.00, 4, 250.00, -18324.00, 19540.00, 99.89, -99.89, 6.00
10.00, 4, 250.00, -18284.00, 19498.00, 99.89, -99.89, 6.00
10.00, 4, 250.00, -18243.00, 19455.00, 99.89, -99.89, 6.00
10.00, 4, 250.00, -18203.00, 19413.00, 99.89, -99.89, 6.00
10.00, 4, 250.00, -18161.00, 19372.00, 99.89, -99.89, 6.00
10.00, 4, 250.00, -18119.00, 19330.00, 99.89, -99.89, 6.00
10.00, 4, 250.00, -18079.00, 19285.00, 99.89, -99.89, 6.00
10.00, 4, 250.00, -18038.00, 19242.00, 99.89, -99.89, 6.00
10.00, 4, 250.00, -17997.00, 19201.00, 99.89, -99.89, 6.00
10.00, 4, 250.00, -17957.00, 19159.00, 99.89, -99.89, 6.00
10.00, 4, 250.00, -17917.00, 19118.00, 99.89, -99.89, 6.00
10.00, 4, 250.00, -17874.00, 19076.00, 99.89, -99.89, 6.00
10.00, 4, 250.00, -17833.00, 19033.00, 99.89, -99.89, 6.00
10.00, 4, 250.00, -17793.00, 18991.00, 99.89, -99.89, 6.00
10.00, 4, 250.00, -17750.00, 18949.00, 99.89, -99.89, 6.00
10.00, 4, 250.00, -17709.00, 18907.00, 99.89, -99.89, 6.00
10.00, 4, 250.00, -17668.00, 18865.00, 99.89, -99.89, 6.00
10.00, 4, 250.00, -17626.00, 18823.00, 99.89, -99.89, 6.00
10.00, 4, 250.00, -17584.00, 18780.00, 99.89, -99.89, 6.00
10.00, 4, 250.00, -17544.00, 18737.00, 99.89, -99.89, 6.00
10.00, 4, 250.00, -17504.00, 18696.00, 99.89, -99.89, 6.00
10.00, 4, 250.00, -17463.00, 18656.00, 99.89, -99.89, 6.00
10.00, 4, 250.00, -17423.00, 18616.00, 99.89, -99.89, 6.00
10.00, 4, 250.00, -17381.00, 18575.00, 99.89, -99.89, 6.00
10.00, 4, 250.00, -17340.00, 18534.00, 99.89, -99.89, 6.00
10.00, 4, 250.00, -17299.00, 18491.00, 99.89, -99.89, 6.00
10.00, 4, 250.00, -17256.00, 18448.00, 99.89, -99.89, 6.00
10.00, 4, 250.00, -17215.00, 18409.00, 99.89, -99.89, 6.00
10.00, 4, 250.00, -17172.00, 18368.00, 99.89, -99.89, 6.00
10.00, 4, 250.00, -17131.00, 18325.00, 99.89, -99.89, 6.00
10.00, 4, 250.00, -17089.00, 18282.00, 99.89, -99.89, 6.00
10.00, 4, 250.00, -17048.00, 18241.00, 99.89, -99.89, 6.00
10.00, 4, 250.00, -17007.00, 18199.00, 99.89, -99.89, 6.00
10.00, 4, 250.00, -16964.00, 18157.00, 99.89, -99.89, 6.00
10.00, 4, 250.00, -16922.00, 18117.00, 99.89, -99.89, 6.00
10.00, 4, 250.00, -16881.00, 18076.00, 99.89, -99.89, 6.00
10.00, 4, 250.00, -16838.00, 18035.00, 99.89, -99.89, 6.00
10.00, 4, 250.00, -16794.00, 17992.00, 99.89, -99.89, 6.00
10.00, 4, 250.00, -16752.00, 17948.00, 99.89, -99.89, 6.00
10.00, 4, 250.00, -16711.00, 17906.00, 99.89, -99.89, 6.00
10.00, 4, 250.00, -16669.00, 17865.00, 99.89, -99.89, 6.00
10.00, 4, 250.00, -16627.00, 17823.00, 99.89, -99.89, 6.00
10.00, 4, 250.00, -16585.00, 17782.00, 99.89, -99.89, 6.00
10.00, 4, 250.00, -16542.00, 17739.00, 99.89, -99.89, 6.00
10.00, 4, 250.00, -16502.00, 17694.00, 99.89, -99.89, 6.00
10.00, 4, 250.00, -16460.00, 17653.00, 99.89, -99.89, 6.00
10.00, 4, 250.00, -16418.00, 17613.00, 99.89, -99.89, 6.00
10.00, 4, 250.00, -16376.00, 17570.00, 99.89, -99.89, 6.00
10.00, 4, 250.00, -16335.00, 17528.00, 99.89, -99.89, 6.00
10.00, 4, 250.00, -16295.00, 17485.00, 99.89, -99.89, 6.00
10.00, 4, 250.00, -16254.00, 17440.00, 99.89, -99.89, 6.00
10.00, 4, 250.00, -16212.00, 17398.00, 99.89, -99.89, 6.00
10.00, 4, 250.00, -16172.00, 17357.00, 99.89, -99.89, 6.00
10.00, 4, 250.00, -16132.00, 17316.00, 99.89, -99.89, 6.00
10.00, 4, 250.00, -16091.00, 17275.00, 99.89, -99.89, 6.00
10.00, 4, 250.00, -16050.00, 17233.00, 99.89, -99.89, 6.00
10.00, 4, 250.00, -16011.00, 17191.00, 99.89, -99.89, 6.00
10.00, 4, 250.00, -15970.00, 17149.00, 99.89, -99.89, 6.00
10.00, 4, 250.00, -15929.00, 17106.00, 99.89, -99.89, 6.00
10.00, 4, 250.00, -15889.00, 17066.00, 99.89, -99.89, 6.00
10.00, 4, 250.00, -15848.00, 17023.00, 99.89, -99.89, 6.00
10.00, 4, 250.00, -15804.00, 16980.00, 99.89, -99.89, 6.00
10.00, 4, 250.00, -15764.00, 16938.00, 99.89, -99.89, 6.00
10.00, 4, 250.00, -15724.00, 16896.00, 99.89, -99.89, 6.00
10.00, 4, 250.00, -15682.00, 16854.00, 99.89, -99.89, 6.00
10.00, 4, 250.00, -15640.00, 16814.00, 99.89, -99.89, 6.00
10.00, 4, 250.00, -15600.00, 16772.00, 99.89, -99.89, 6.00
10.00, 4, 250.00, -15558.00, 16728.00, 99.89, -99.89, 6.00
10.00, 4, 250.00, -15516.00, 16685.00, 99.89, -99.89, 6.00
10.00, 4, 250.00, -15475.00, 16642.00, 99.89, -99.89, 6.00
10.00, 4, 250.00, -15434.00, 16602.00, 99.89, -99.89, 6.00
10.00, 4, 250.00, -15392.00, 16561.00, 99.89, -99.89, 6.00
10.00, 4, 250.00, -15351.00, 16520.00, 99.89, -99.89, 6.00
10.00, 4, 250.00, -15309.00, 16477.00, 99.89, -99.89, 6.00
10.00, 4, 250.00, -15265.00, 16434.00, 99.89, -99.89, 6.00
10.00, 4, 250.00, -15224.00, 16389.00, 99.89, -99.89, 6.00
10.00, 4, 250.00, -15183.00, 16349.00, 99.89, -99.89, 6.00
10.00, 4, 250.00, -15141.00, 16309.00, 99.89, -99.89, 6.00
10.00, 4, 250.00, -15100.00, 16266.00, 99.89, -99.89, 6.00
10.00, 4, 250.00, -15057.00, 16225.00, 99.89, -99.89, 6.00
10.00, 4, 250.00, -15016.00, 16182.00, 99.89, -99.89, 6.00
10.00, 4, 250.00, -14976.00, 16140.00, 99.89, -99.89, 6.00
10.00, 4, 250.00, -14935.00, 16101.00, 99.89, -99.89, 6.00
10.00, 4, 250.00, -14892.00, 16059.00, 99.89, -99.89, 6.00
10.00, 4, 250.00, -14852.00, 16018.00, 99.89, -99.89, 6.00
10.00, 4, 250.00, -14810.00, 15978.00, 99.89, -99.89, 6.00
10.00, 4, 250.00, -14768.00, 15935.00, 99.89, -99.89, 6.00
10.00, 4, 250.00, -14726.00, 15891.00, 99.89, -99.89, 6.00
10.00, 4, 250.00, -14684.00, 15852.00, 99.89, -99.89, 6.00
10.00, 4, 250.00, -14643.00, 15811.00, 99.89, -99.89, 6.00
10.00, 4, 250.00, -14602.00, 15768.00, 99.89, -99.89, 6.00
10.00, 4, 250.00, -14562.00, 15727.00, 99.89, -99.89, 6.00
10.00, 4, 250.00, -14519.00, 15685.00, 99.89, -99.89, 6.00
10.00, 4, 250.00, -14478.00, 15641.00, 99.89, -99.89, 6.00
10.00, 4, 250.00, -14439.00, 15598.00, 99.89, -99.89, 6.00
10.00, 4, 250.00, -14397.00, 15558.00, 99.89, -99.89, 6.00
10.00, 4, 250.00, -14353.00, 15515.00, 99.89, -99.89, 6.00
10.00, 4, 250.00, -14313.00, 15472.00, 99.89, -99.89, 6.00
10.00, 4, 250.00, -14272.00, 15430.00, 99.89, -99.89, 6.00
10.00, 4, 250.00, -14230.00, 15387.00, 99.89, -99.89, 6.00
10.00, 4, 250.00, -14190.00, 15344.00, 99.89, -99.89, 6.00
10.00, 4, 250.00, -14149.00, 15303.00, 99.89, -99.89, 6.00
10.00, 4, 250.00, -14108.00, 15261.00, 99.89, -99.89, 6.00
10.00, 4, 250.00, -14067.00, 15218.00, 99.89, -99.89, 6.00
10.00, 4, 250.00, -14027.00, 15176.00, 99.89, -99.89, 6.00
10.00, 4, 250.00, -13985.00, 15133.00, 99.89, -99.89, 6.00
10.00, 4, 250.00, -13944.00, 15091.00, 99.89, -99.89, 6.00
10.00, 4, 250.00, -13903.00, 15048.00, 99.89, -99.89, 6.00
10.00, 4, 250.00, -13862.00, 15005.00, 99.89, -99.89, 6.00
10.00, 4, 250.00, -13822.00, 14964.00, 99.89, -99.89, 6.00
10.00, 4, 250.00, -13782.00, 14922.00, 99.89, -99.89, 6.00
10.00, 4, 250.00, -13741.00, 14880.00, 99.89, -99.89, 6.00
10.00, 4, 250.00, -13701.00, 14839.00, 99.89, -99.89, 6.00
10.00, 4, 250.00, -13661.00, 14798.00, 99.89, -99.89, 6.00
10.00, 4, 250.00, -13619.00, 14756.00, 99.89, -99.89, 6.00
10.00, 4, 250.00, -13579.00, 14715.00, 99.89, -99.89, 6.00
10.00, 4, 250.00, -13539.00, 14672.00, 99.89, -99.89, 6.00
10.00, 4, 250.00, -13497.00, 14631.00, 99.89, -99.89, 6.00
10.00, 4, 250.00, -13456.00, 14590.00, 99.89, -99.89, 6.00
10.00, 4, 250.00, -13414.00, 14550.00, 99.89, -99.89, 6.00
10.00, 4, 250.00, -13372.00, 14508.00, 99.89, -99.89, 6.00
10.00, 4, 250.00, -13332.00, 14466.00, 99.89, -99.89, 6.00
10.00, 4, 250.00, -13292.00, 14425.00, 99.89, -99.89, 6.00
10.00, 4, 250.00, -13249.00, 14384.00, 99.89, -99.89, 6.00
10.00, 4, 250.00, -13208.00, 14340.00, 99.89, -99.89, 6.00
10.00, 4, 250.00, -13166.00, 14299.00, 99.89, -99.89, 6.00
10.00, 4, 250.00, -13123.00, 14260.00, 99.89, -99.89, 6.00
10.00, 4, 250.00, -13081.00, 14216.00, 99.89, -99.89, 6.00
10.00, 4, 250.00, -13040.00, 14174.00, 99.89, -99.89, 6.00
10.00, 4, 250.00, -12998.00, 14134.00, 99.89, -99.89, 6.00
10.00, 4, 250.00, -12955.00, 14091.00, 99.89, -99.89, 6.00
10.00, 4, 250.00, -12914.00, 14049.00, 99.89, -99.89, 6.00
10.00, 4, 250.00, -12870.00, 14009.00, 99.89, -99.89, 6.00
10.00, 4, 250.00, -12827.00, 13967.00, 99.89, -99.89, 6.00
10.00, 4, 250.00, -12787.00, 13924.00, 99.89, -99.89, 6.00
10.00, 4, 250.00, -12744.00, 13882.00, 99.89, -99.89, 6.00
10.00, 4, 250.00, -12701.00, 13840.00, 99.89, -99.89, 6.00
10.00, 4, 250.00, -12660.00, 13798.00, 99.89, -99.89, 6.00
10.00, 4, 250.00, -12618.00, 13757.00, 99.89, -99.89, 6.00
10.00, 4, 250.00, -12575.00, 13714.00, 99.89, -99.89, 6.00
10.00, 4, 250.00, -12534.00, 13672.00, 99.89, -99.89, 6.00
10.00, 4, 250.00, -12494.00, 13629.00, 99.89, -99.89, 6.00
10.00, 4, 250.00, -12452.00, 13586.00, 99.89, -99.89, 6.00
10.00, 4, 250.00, -12411.00, 13545.00, 99.89, -99.89, 6.00
10.00, 4, 250.00, -12370.00, 13505.00, 99.89, -99.89, 6.00
10.00, 4, 250.00, -12328.00, 13463.00, 99.89, -99.89, 6.00
10.00, 4, 250.00, -12287.00, 13420.00, 99.89, -99.89, 6.00
10.00, 4, 250.00, -12247.00, 13377.00, 99.89, -99.89, 6.00
10.00, 4, 250.00, -12206.00, 13336.00, 99.89, -99.89, 6.00
10.00, 4, 250.00, -12165.00, 13294.00, 99.89, -99.89, 6.00
10.00, 4, 250.00, -12123.00, 13252.00, 99.89, -99.89, 6.00
10.00, 4, 250.00, -12081.00, 13209.00, 99.89, -99.89, 6.00
10.00, 4, 250.00, -12041.00, 13168.00, 99.89, -99.89, 6.00
10.00, 4, 250.00, -12002.00, 13126.00, 99.89, -99.89, 6.00
10.00, 4, 250.00, -11958.00, 13082.00, 99.89, -99.89, 6.00
10.00, 4, 250.00, -11919.00, 13039.00, 99.89, -99.89, 6.00
10.00, 4, 250.00, -11878.00, 12998.00, 99.89, -99.89, 6.00
10.00, 4, 250.00, -11837.00, 12957.00, 99.89, -99.89, 6.00
10.00, 4, 250.00, -11796.00, 12912.00, 99.89, -99.89, 6.00
10.00, 4, 250.00, -11756.00, 12870.00, 99.89, -99.89, 6.00
10.00, 4, 250.00, -11712.00, 12828.00, 99.89, -99.89, 6.00
10.00, 4, 250.00, -11671.00, 12784.00, 99.89, -99.89, 6.00
10.00, 4, 250.00, -11631.00, 12743.00, 99.89, -99.89, 6.00
10.00, 4, 250.00, -11589.00, 12703.00, 99.89, -99.89, 6.00
10.00, 4, 250.00, -11548.00, 12657.00, 99.89, -99.89, 6.00
10.00, 4, 250.00, -11507.00, 12615.00, 99.89, -99.89, 6.00
10.00, 4, 250.00, -11465.00, 12573.00, 99.89, -99.89, 6.00
10.00, 4, 250.00, -11423.00, 12530.00, 99.89, -99.89, 6.00
10.00, 4, 250.00, -11381.00, 12491.00, 99.89, -99.89, 6.00
10.00, 4, 250.00, -11339.00, 12449.00, 99.89, -99.89, 6.00
10.00, 4, 250.00, -11298.00, 12407.00, 99.89, -99.89, 6.00
10.00, 4, 250.00, -11258.00, 12365.00, 99.89, -99.89, 6.00
10.00, 4, 250.00, -11216.00, 12324.00, 99.89, -99.89, 6.00
10.00, 4, 250.00, -11174.00, 12281.00, 99.89, -99.89, 6.00
10.00, 4, 250.00, -11134.00, 12241.00, 99.89, -99.89, 6.00
10.00, 4, 250.00, -11092.00, 12200.00, 99.89, -99.89, 6.00
10.00, 4, 250.00, -11051.00, 12157.00, 99.89, -99.89, 6.00
10.00, 4, 250.00, -11011.00, 12115.00, 99.89, -99.89, 6.00
10.00, 4, 250.00, -10967.00, 12075.00, 99.89, -99.89, 6.00
10.00, 4, 250.00, -10925.00, 12034.00, 99.89, -99.89, 6.00
10.00, 4, 250.00, -10885.00, 11991.00, 99.89, -99.89, 6.00
10.00, 4, 250.00, -10843.00, 11951.00, 99.89, -99.89, 6.00
10.00, 4, 250.00, -10800.00, 11909.00, 99.89, -99.89, 6.00
10.00, 4, 250.00, -10759.00, 11866.00, 99.89, -99.89, 6.00
10.00, 4, 250.00, -10719.00, 11826.00, 99.89, -99.89, 6.00
10.00, 4, 250.00, -10676.00, 11783.00, 99.89, -99.89, 6.00
10.00, 4, 250.00, -10634.00, 11741.00, 99.89, -99.89, 6.00
10.00, 4, 250.00, -10592.00, 11701.00, 99.89, -99.89, 6.00
10.00, 4, 250.00, -10550.00, 11654.00, 99.89, -99.89, 6.00
10.00, 4, 250.00, -10509.00, 11612.00, 99.89, -99.89, 6.00
10.00, 4, 250.00, -10470.00, 11572.00, 99.89, -99.89, 6.00
10.00, 4, 250.00, -10427.00, 11529.00, 99.89, -99.89, 6.00
10.00, 4, 250.00, -10384.00, 11486.00, 99.89, -99.89, 6.00
10.00, 4, 250.00, -10344.00, 11445.00, 99.89, -99.89, 6.00
10.00, 4, 250.00, -10304.00, 11402.00, 99.89, -99.89, 6.00
10.00, 4, 250.00, -10262.00, 11358.00, 99.89, -99.89, 6.00
10.00, 4, 250.00, -10220.00, 11316.00, 99.89, -99.89, 6.00
10.00, 4, 250.00, -10178.00, 11274.00, 99.89, -99.89, 6.00
10.00, 4, 250.00, -10139.00, 11230.00, 99.89, -99.89, 6.00
10.00, 4, 250.00, -10097.00, 11188.00, 99.89, -99.89, 6.00
10.00, 4, 250.00, -10055.00, 11145.00, 99.89, -99.89, 6.00
10.00, 4, 250.00, -10016.00, 11103.00, 99.89, -99.89, 6.00
10.00, 4, 250.00, -9975.00, 11060.00, 99.89, -99.89, 6.00
10.00, 4, 250.00, -9935.00, 11019.00, 99.89, -99.89, 6.00
10.00, 4, 250.00, -9895.00, 10977.00, 99.89, -99.89, 6.00
10.00, 4, 250.00, -9855.00, 10935.00, 99.89, -99.89, 6.00
10.00, 4, 250.00, -9813.00, 10894.00, 99.89, -99.89, 6.00
10.00, 4, 250.00, -9775.00, 10851.00, 99.89, -99.89, 6.00
10.00, 4, 250.00, -9735.00, 10809.00, 99.89, -99.89, 6.00
10.00, 4, 250.00, -9695.00, 10768.00, 99.89, -99.89, 6.00
10.00, 4, 250.00, -9654.00, 10725.00, 99.89, -99.89, 6.00
10.00, 4, 250.00, -9614.00, 10683.00, 99.89, -99.89, 6.00
10.00, 4, 250.00, -9572.00, 10642.00, 99.89, -99.89, 6.00
10.00, 4, 250.00, -9531.00, 10600.00, 99.89, -99.89, 6.00
10.00, 4, 250.00, -9490.00, 10557.00, 99.89, -99.89, 6.00
10.00, 4, 250.00, -9451.00, 10516.00, 99.89, -99.89, 6.00
10.00, 4, 250.00, -9408.00, 10476.00, 99.89, -99.89, 6.00
10.00, 4, 250.00, -9367.00, 10435.00, 99.89, -99.89, 6.00
10.00, 4, 250.00, -9327.00, 10391.00, 99.89, -99.89, 6.00
10.00, 4, 250.00, -9285.00, 10350.00, 99.89, -99.89, 6.00
10.00, 4, 250.00, -9244.00, 10308.00, 99.89, -99.89, 6.00
10.00, 4, 250.00, -9203.00, 10265.00, 99.89, -99.89, 6.00
10.00, 4, 250.00, -9160.00, 10224.00, 99.89, -99.89, 6.00
10.00, 4, 250.00, -9117.00, 10184.00, 99.89, -99.89, 6.00
10.00, 4, 250.00, -9075.00, 10142.00, 99.89, -99.89, 6.00
10.00, 4, 250.00, -9034.00, 10099.00, 99.89, -99.89, 6.00
10.00, 4, 250.00, -8992.00, 10057.00, 99.89, -99.89, 6.00
10.00, 4, 250.00, -8951.00, 10015.00, 99.89, -99.89, 6.00
10.00, 4, 250.00, -8909.00, 9975.00, 99.89, -99.89, 6.00
10.00, 4, 250.00, -8867.00, 9934.00, 99.89, -99.89, 6.00
10.00, 4, 250.00, -8826.00, 9893.00, 99.89, -99.89, 6.00
10.00, 4, 250.00, -8783.00, 9851.00, 99.89, -99.89, 6.00
10.00, 4, 250.00, -8742.00, 9807.00, 99.89, -99.89, 6.00
10.00, 4, 250.00, -8701.00, 9765.00, 99.89, -99.89, 6.00
10.00, 4, 250.00, -8660.00, 9723.00, 99.89, -99.89, 6.00
10.00, 4, 250.00, -8617.00, 9683.00, 99.89, -99.89, 6.00
10.00, 4, 250.00, -8576.00, 9642.00, 99.89, -99.89, 6.00
10.00, 4, 250.00, -8535.00, 9601.00, 99.89, -99.89, 6.00
10.00, 4, 250.00, -8495.00, 9558.00, 99.89, -99.89, 6.00
10.00, 4, 250.00, -8454.00, 9516.00, 99.89, -99.89, 6.00
10.00, 4, 250.00, -8413.00, 9473.00, 99.89, -99.89, 6.00
10.00, 4, 250.00, -8372.00, 9433.00, 99.89, -99.89, 6.00
10.00, 4, 250.00, -8329.00, 9390.00, 99.89, -99.89, 6.00
10.00, 4, 250.00, -8289.00, 9348.00, 99.89, -99.89, 6.00
10.00, 4, 250.00, -8248.00, 9305.00, 99.89, -99.89, 6.00
10.00, 4, 250.00, -8205.00, 9261.00, 99.89, -99.89, 6.00
10.00, 4, 250.00, -8165.00, 9220.00, 99.89, -99.89, 6.00
10.00, 4, 250.00, -8123.00, 9180.00, 99.89, -99.89, 6.00
10.00, 4, 250.00, -8081.00, 9136.00, 99.89, -99.89, 6.00
10.00, 4, 250.00, -8040.00, 9093.00, 99.89, -99.89, 6.00
10.00, 4, 250.00, -7998.00, 9051.00, 99.89, -99.89, 6.00
10.00, 4, 250.00, -7958.00, 9007.00, 99.89, -99.89, 6.00
10.00, 4, 250.00, -7919.00, 8964.00, 99.89, -99.89, 6.00
10.00, 4, 250.00, -7876.00, 8923.00, 99.89, -99.89, 6.00
10.00, 4, 250.00, -7835.00, 8882.00, 99.89, -99.89, 6.00
10.00, 4, 250.00, -7794.00, 8838.00, 99.89, -99.89, 6.00
10.00, 4, 250.00, -7754.00, 8795.00, 99.89, -99.89, 6.00
10.00, 4, 250.00, -7712.00, 8751.00, 99.89, -99.89, 6.00
10.00, 4, 250.00, -7672.00, 8709.00, 99.89, -99.89, 6.00
10.00, 4, 250.00, -7630.00, 8669.00, 99.89, -99.89, 6.00
10.00, 4, 250.00, -7587.00, 8628.00, 99.89, -99.89, 6.00
10.00, 4, 250.00, -7546.00, 8586.00, 99.89, -99.89, 6.00
10.00, 4, 250.00, -7505.00, 8543.00, 99.89, -99.89, 6.00
10.00, 4, 250.00, -7465.00, 8500.00, 99.89, -99.89, 6.00
10.00, 4, 250.00, -7425.00, 8459.00, 99.89, -99.89, 6.00
10.00, 4, 250.00, -7383.00, 8418.00, 99.89, -99.89, 6.00
10.00, 4, 250.00, -7343.00, 8379.00, 99.89, -99.89, 6.00
10.00, 4, 250.00, -7303.00, 8337.00, 99.89, -99.89, 6.00
10.00, 4, 250.00, -7262.00, 8295.00, 99.89, -99.89, 6.00
10.00, 4, 250.00, -7220.00, 8253.00, 99.89, -99.89, 6.00
10.00, 4, 250.00, -7180.00, 8210.00, 99.89, -99.89, 6.00
10.00, 4, 250.00, -7140.00, 8169.00, 99.89, -99.89, 6.00
10.00, 4, 250.00, -7097.00, 8130.00, 99.89, -99.89, 6.00
10.00, 4, 250.00, -7055.00, 8087.00, 99.89, -99.89, 6.00
10.00, 4, 250.00, -7013.00, 8045.00, 99.89, -99.89, 6.00
10.00, 4, 250.00, -6973.00, 8003.00, 99.89, -99.89, 6.00
10.00, 4, 250.00, -6932.00, 7960.00, 99.89, -99.89, 6.00
10.00, 4, 250.00, -6891.00, 7920.00, 99.89, -99.89, 6.00
10.00, 4, 250.00, -6848.00, 7880.00, 99.89, -99.89, 6.00
10.00, 4, 250.00, -6806.00, 7836.00, 99.89, -99.89, 6.00
10.00, 4, 250.00, -6764.00, 7794.00, 99.89, -99.89, 6.00
10.00, 4, 250.00, -6722.00, 7751.00, 99.89, -99.89, 6.00
10.00, 4, 250.00, -6679.00, 7708.00, 99.89, -99.89, 6.00
10.00, 4, 250.00, -6640.00, 7668.00, 99.89, -99.89, 6.00
10.00, 4, 250.00, -6598.00, 7629.00, 99.89, -99.89, 6.00
10.00, 4, 250.00, -6555.00, 7586.00, 99.89, -99.89, 6.00
10.00, 4, 250.00, -6514.00, 7541.00, 99.89, -99.89, 6.00
10.00, 4, 250.00, -6471.00, 7498.00, 99.89, -99.89, 6.00
10.00, 4, 250.00, -6430.00, 7457.00, 99.89, -99.89, 6.00
10.00, 4, 250.00, -6390.00, 7414.00, 99.89, -99.89, 6.00
10.00, 4, 250.00, -6348.00, 7374.00, 99.89, -99.89, 6.00
10.00, 4, 250.00, -6306.00, 7332.00, 99.89, -99.89, 6.00
10.00, 4, 250.00, -6264.00, 7289.00, 99.89, -99.89, 6.00
10.00, 4, 250.00, -6224.00, 7247.00, 99.89, -99.89, 6.00
10.00, 4, 250.00, -6184.00, 7205.00, 99.89, -99.89, 6.00
10.00, 4, 250.00, -6142.00, 7163.00, 99.89, -99.89, 6.00
10.00, 4, 250.00, -6101.00, 7122.00, 99.89, -99.89, 6.00
10.00, 4, 250.00, -6058.00, 7082.00, 99.89, -99.89, 6.00
10.00, 4, 250.00, -6019.00, 7038.00, 99.89, -99.89, 6.00
10.00, 4, 250.00, -5979.00, 6996.00, 99.89, -99.89, 6.00
10.00, 4, 250.00, -5939.00, 6953.00, 99.89, -99.89, 6.00
10.00, 4, 250.00, -5899.00, 6911.00, 99.89, -99.89, 6.00
10.00, 4, 250.00, -5859.00, 6868.00, 99.89, -99.89, 6.00
10.00, 4, 250.00, -5817.00, 6828.00, 99.89, -99.89, 6.00
10.00, 4, 250.00, -5776.00, 6786.00, 99.89, -99.89, 6.00
10.00, 4, 250.00, -5735.00, 6743.00, 99.89, -99.89, 6.00
10.00, 4, 250.00, -5695.00, 6702.00, 99.89, -99.89, 6.00
10.00, 4, 250.00, -5655.00, 6661.00, 99.89, -99.89, 6.00
10.00, 4, 250.00, -5616.00, 6620.00, 99.89, -99.89, 6.00
10.00, 4, 250.00, -5574.00, 6578.00, 99.89, -99.89, 6.00
10.00, 4, 250.00, -5533.00, 6535.00, 99.89, -99.89, 6.00
10.00, 4, 250.00, -5494.00, 6493.00, 99.89, -99.89, 6.00
10.00, 4, 250.00, -5452.00, 6450.00, 99.89, -99.89, 6.00
10.00, 4, 250.00, -5410.00, 6408.00, 99.89, -99.89, 6.00
10.00, 4, 250.00, -5369.00, 6369.00, 99.89, -99.89, 6.00
10.00, 4, 250.00, -5327.00, 6331.00, 99.89, -99.89, 6.00
10.00, 4, 250.00, -5285.00, 6287.00, 99.89, -99.89, 6.00
10.00, 4, 250.00, -5244.00, 6244.00, 99.89, -99.89, 6.00
10.00, 4, 250.00, -5202.00, 6202.00, 99.89, -99.89, 6.00
10.00, 4, 250.00, -5161.00, 6161.00, 99.89, -99.89, 6.00
10.00, 4, 250.00, -5121.00, 6120.00, 99.89, -99.89, 6.00
10.00, 4, 250.00, -5079.00, 6082.00, 99.89, -99.89, 6.00
10.00, 4, 250.00, -5035.00, 6040.00, 99.89, -99.89, 6.00
10.00, 4, 250.00, -4995.00, 5996.00, 99.89, -99.89, 6.00
10.00, 4, 250.00, -4953.00, 5954.00, 99.89, -99.89, 6.00
10.00, 4, 250.00, -4911.00, 5912.00, 99.89, -99.89, 6.00
10.00, 4, 250.00, -4870.00, 5872.00, 99.89, -99.89, 6.00
10.00, 4, 250.00, -4829.00, 5834.00, 99.89, -99.89, 6.00
10.00, 4, 250.00, -4787.00, 5794.00, 99.89, -99.89, 6.00
10.00, 4, 250.00, -4747.00, 5750.00, 99.89, -99.89, 6.00
10.00, 4, 250.00, -4707.00, 5708.00, 99.89, -99.89, 6.00
10.00, 4, 250.00, -4665.00, 5666.00, 99.89, -99.89, 6.00
10.00, 4, 250.00, -4623.00, 5624.00, 99.89, -99.89, 6.00
10.00, 4, 250.00, -4583.00, 5585.00, 99.89, -99.89, 6.00
10.00, 4, 250.00, -4539.00, 5546.00, 99.89, -99.89, 6.00
10.00, 4, 250.00, -4498.00, 5501.00, 99.89, -99.89, 6.00
10.00, 4, 250.00, -4457.00, 5458.00, 99.89, -99.89, 6.00
10.00, 4, 250.00, -4416.00, 5416.00, 99.89, -99.89, 6.00
10.00, 4, 250.00, -4375.00, 5374.00, 99.89, -99.89, 6.00
10.00, 4, 250.00, -4334.00, 5335.00, 99.89, -99.89, 6.00
10.00, 4, 250.00, -4291.00, 5293.00, 99.89, -99.89, 6.00
10.00, 4, 250.00, -4247.00, 5250.00, 99.89, -99.89, 6.00
10.00, 4, 250.00, -4208.00, 5206.00, 99.89, -99.89, 6.00
10.00, 4, 250.00, -4167.00, 5163.00, 99.89, -99.89, 6.00
10.00, 4, 250.00, -4124.00, 5121.00, 99.89, -99.89, 6.00
10.00, 4, 250.00, -4083.00, 5080.00, 99.89, -99.89, 6.00
10.00, 4, 250.00, -4041.00, 5040.00, 99.89, -99.89, 6.00
10.00, 4, 250.00, -3998.00, 4995.00, 99.89, -99.89, 6.00
10.00, 4, 250.00, -3959.00, 4951.00, 99.89, -99.89, 6.00
10.00, 4, 250.00, -3916.00, 4910.00, 99.89, -99.89, 6.00
10.00, 4, 250.00, -3875.00, 4867.00, 99.89, -99.89, 6.00
10.00, 4, 250.00, -3836.00, 4825.00, 99.89, -99.89, 6.00
10.00, 4, 250.00, -3793.00, 4785.00, 99.89, -99.89, 6.00
10.00, 4, 250.00, -3750.00, 4741.00, 99.89, -99.89, 6.00
10.00, 4, 250.00, -3712.00, 4697.00, 99.89, -99.89, 6.00
10.00, 4, 250.00, -3671.00, 4656.00, 99.89, -99.89, 6.00
10.00, 4, 250.00, -3630.00, 4614.00, 99.89, -99.89, 6.00
10.00, 4, 250.00, -3592.00, 4573.00, 99.89, -99.89, 6.00
10.00, 4, 250.00, -3550.00, 4534.00, 99.89, -99.89, 6.00
10.00, 4, 250.00, -3507.00, 4491.00, 99.89, -99.89, 6.00
10.00, 4, 250.00, -3469.00, 4448.00, 99.89, -99.89, 6.00
10.00, 4, 250.00, -3428.00, 4407.00, 99.89, -99.89, 6.00
10.00, 4, 250.00, -3387.00, 4366.00, 99.89, -99.89, 6.00
10.00, 4, 250.00, -3346.00, 4324.00, 99.89, -99.89, 6.00
10.00, 4, 250.00, -3308.00, 4285.00, 99.89, -99.89, 6.00
10.00, 4, 250.00, -3264.00, 4244.00, 99.89, -99.89, 6.00
10.00, 4, 250.00, -3223.00, 4201.00, 99.89, -99.89, 6.00
10.00, 4, 250.00, -3184.00, 4158.00, 99.89, -99.89, 6.00
10.00, 4, 250.00, -3142.00, 4117.00, 99.89, -99.89, 6.00
10.00, 4, 250.00, -3102.00, 4075.00, 99.89, -99.89, 6.00
10.00, 4, 250.00, -3061.00, 4034.00, 99.89, -99.89, 6.00
10.00, 4, 250.00, -3018.00, 3992.00, 99.89, -99.89, 6.00
10.00, 4, 250.00, -2976.00, 3951.00, 99.89, -99.89, 6.00
10.00, 4, 250.00, -2934.00, 3907.00, 99.89, -99.89, 6.00
10.00, 4, 250.00, -2893.00, 3864.00, 99.89, -99.89, 6.00
10.00, 4, 250.00, -2852.00, 3823.00, 99.89, -99.89, 6.00
10.00, 4, 250.00, -2810.00, 3784.00, 99.89, -99.89, 6.00
10.00, 4, 250.00, -2766.00, 3744.00, 99.89, -99.89, 6.00
10.00, 4, 250.00, -2725.00, 3701.00, 99.89, -99.89, 6.00
10.00, 4, 250.00, -2685.00, 3657.00, 99.89, -99.89, 6.00
10.00, 4, 250.00, -2642.00, 3614.00, 99.89, -99.89, 6.00
10.00, 4, 250.00, -2600.00, 3572.00, 99.89, -99.89, 6.00
10.00, 4, 250.00, -2559.00, 3532.00, 99.89, -99.89, 6.00
10.00, 4, 250.00, -2517.00, 3493.00, 99.89, -99.89, 6.00
10.00, 4, 250.00, -2474.00, 3449.00, 99.89, -99.89, 6.00
10.00, 4, 250.00, -2433.00, 3405.00, 99.89, -99.89, 6.00
10.00, 4, 250.00, -2391.00, 3364.00, 99.89, -99.89, 6.00
10.00, 4, 250.00, -2350.00, 3322.00, 99.89, -99.89, 6.00
10.00, 4, 250.00, -2309.00, 3283.00, 99.89, -99.89, 6.00
10.00, 4, 250.00, -2268.00, 3244.00, 99.89, -99.89, 6.00
10.00, 4, 250.00, -2226.00, 3200.00, 99.89, -99.89, 6.00
10.00, 4, 250.00, -2186.00, 3158.00, 99.89, -99.89, 6.00
10.00, 4, 250.00, -2148.00, 3115.00, 99.89, -99.89, 6.00
10.00, 4, 250.00, -2106.00, 3072.00, 99.89, -99.89, 6.00
10.00, 4, 250.00, -2064.00, 3030.00, 99.89, -99.89, 6.00
10.00, 4, 250.00, -2022.00, 2990.00, 99.89, -99.89, 6.00
10.00, 4, 250.00, -1981.00, 2949.00, 99.89, -99.89, 6.00
10.00, 4, 250.00, -1940.00, 2905.00, 99.89, -99.89, 6.00
10.00, 4, 250.00, -1900.00, 2862.00, 99.89, -99.89, 6.00
10.00, 4, 250.00, -1858.00, 2821.00, 99.89, -99.89, 6.00
10.00, 4, 250.00, -1818.00, 2779.00, 99.89, -99.89, 6.00
10.00, 4, 250.00, -1777.00, 2738.00, 99.89, -99.89, 6.00
10.00, 4, 250.00, -1735.00, 2698.00, 99.89, -99.89, 6.00
10.00, 4, 250.00, -1696.00, 2654.00, 99.89, -99.89, 6.00
10.00, 4, 250.00, -1654.00, 2610.00, 99.89, -99.89, 6.00
10.00, 4, 250.00, -1613.00, 2571.00, 99.89, -99.89, 6.00
10.00, 4, 250.00, -1573.00, 2530.00, 99.89, -99.89, 6.00
10.00, 4, 250.00, -1532.00, 2489.00, 99.89, -99.89, 6.00
10.00, 4, 250.00, -1490.00, 2448.00, 99.89, -99.89, 6.00
10.00, 4, 250.00, -1448.00, 2406.00, 99.89, -99.89, 6.00
10.00, 4, 250.00, -1410.00, 2363.00, 99.89, -99.89, 6.00
10.00, 4, 250.00, -1366.00, 2321.00, 99.89, -99.89, 6.00
10.00, 4, 250.00, -1325.00, 2281.00, 99.89, -99.89, 6.00
10.00, 4, 250.00, -1284.00, 2241.00, 99.89, -99.89, 6.00
10.00, 4, 250.00, -1242.00, 2201.00, 99.89, -99.89, 6.00
10.00, 4, 250.00, -1200.00, 2159.00, 99.89, -99.89, 6.00
10.00, 4, 250.00, -1160.00, 2116.00, 99.89, -99.89, 6.00
10.00, 4, 250.00, -1118.00, 2074.00, 99.89, -99.89, 6.00
10.00, 4, 250.00, -1075.00, 2035.00, 99.89, -99.89, 6.00
10.00, 4, 250.00, -1037.00, 1996.00, 99.89, -99.89, 6.00
10.00, 4, 250.00, -995.00, 1956.00, 99.89, -99.89, 6.00
10.00, 4, 250.00, -953.00, 1914.00, 99.89, -99.89, 6.00
10.00, 4, 250.00, -913.00, 1871.00, 99.89, -99.89, 6.00
10.00, 4, 250.00, -871.00, 1829.00, 99.89, -99.89, 6.00
10.00, 4, 250.00, -830.00, 1787.00, 99.89, -99.89, 6.00
10.00, 4, 250.00, -789.00, 1746.00, 99.89, -99.89, 6.00
10.00, 4, 250.00, -748.00, 1707.00, 99.89, -99.89, 6.00
10.00, 4, 250.00, -705.00, 1665.00, 99.89, -99.89, 6.00
10.00, 4, 250.00, -664.00, 1621.00, 99.89, -99.89, 6.00
10.00, 4, 250.00, -623.00, 1580.00, 99.89, -99.89, 6.00
10.00, 4, 250.00, -581.00, 1538.00, 99.89, -99.89, 6.00
10.00, 4, 250.00, -540.00, 1496.00, 99.89, -99.89, 6.00
10.00, 4, 250.00, -498.00, 1457.00, 99.89, -99.89, 6.00
10.00, 4, 250.00, -455.00, 1416.00, 99.89, -99.89, 6.00
10.00, 4, 250.00, -413.00, 1373.00, 99.89, -99.89, 6.00
10.00, 4, 250.00, -371.00, 1330.00, 99.89, -99.89, 6.00
10.00, 4, 250.00, -329.00, 1288.00, 99.89, -99.89, 6.00
10.00, 4, 250.00, -288.00, 1248.00, 99.89, -99.89, 6.00
10.00, 4, 250.00, -246.00, 1206.00, 99.89, -99.89, 6.00
10.00, 4, 250.00, -202.00, 1164.00, 99.89, -99.89, 6.00
10.00, 4, 250.00, -161.00, 1120.00, 99.89, -99.89, 6.00
10.00, 4, 250.00, -121.00, 1077.00, 99.89, -99.89, 6.00
10.00, 4, 250.00, -78.00, 1036.00, 99.89, -99.89, 6.00
10.00, 4, 250.00, -36.00, 994.00, 99.89, -99.89, 6.00
10.00, 4, 250.00, 6.00, 954.00, 99.89, -99.89, 6.00
10.00, 4, 250.00, 48.00, 912.00, 99.89, -99.89, 6.00
10.00, 4, 250.00, 90.00, 869.00, 99.89, -99.89, 6.00
10.00, 4, 250.00, 130.00, 827.00, 99.89, -99.89, 6.00
10.00, 4, 250.00, 172.00, 785.00, 99.89, -99.89, 6.00
10.00, 4, 250.00, 213.00, 745.00, 99.89, -99.89, 6.00
10.00, 4, 250.00, 252.00, 703.00, 99.89, -99.89, 6.00
10.00, 4, 250.00, 294.00, 662.00, 99.89, -99.89, 6.00
10.00, 4, 250.00, 336.00, 620.00, 99.89, -99.89, 6.00
10.00, 4, 250.00, 373.00, 577.00, 99.89, -99.89, 6.00
10.00, 4, 250.00, 414.00, 536.00, 99.89, -99.89, 6.00
10.00, 4, 250.00, 455.00, 495.00, 99.89, -99.89, 6.00
10.00, 4, 250.00, 495.00, 454.00, 99.89, -99.89, 6.00
10.00, 4, 250.00, 536.00, 414.00, 99.89, -99.89, 6.00
10.00, 4, 250.00, 579.00, 370.00, 99.89, -99.89, 6.00
10.00, 4, 250.00, 619.00, 329.00, 99.89, -99.89, 6.00
10.00, 4, 250.00, 659.00, 288.00, 99.89, -99.89, 6.00
10.00, 4, 250.00, 700.00, 245.00, 99.89, -99.89, 6.00
10.00, 4, 250.00, 742.00, 203.00, 99.89, -99.89, 6.00
10.00, 4, 250.00, 783.00, 164.00, 99.89, -99.89, 6.00
10.00, 4, 250.00, 825.00, 122.00, 99.89, -99.89, 6.00
10.00, 4, 250.00, 865.00, 79.00, 99.89, -99.89, 6.00
10.00, 4, 250.00, 907.00, 37.00, 99.89, -99.89, 6.00
10.00, 4, 250.00, 950.00, -7.00, 99.89, -99.89, 6.00
10.00, 4, 250.00, 992.00, -46.00, 99.89, -99.89, 6.00
10.00, 4, 250.00, 1032.00, -87.00, 99.89, -99.89, 6.00
10.00, 4, 250.00, 1074.00, -128.00, 99.89, -99.89, 6.00
10.00, 4, 250.00, 1116.00, -169.00, 99.89, -99.89, 6.00
10.00, 4, 250.00, 1158.00, -212.00, 99.89, -99.89, 6.00
10.00, 4, 250.00, 1199.00, -255.00, 99.89, -99.89, 6.00
10.00, 4, 250.00, 1241.00, -297.00, 99.89, -99.89, 6.00
10.00, 4, 250.00, 1282.00, -336.00, 99.89, -99.89, 6.00
10.00, 4, 250.00, 1326.00, -377.00, 99.89, -99.89, 6.00
10.00, 4, 250.00, 1368.00, -419.00, 99.89, -99.89, 6.00
10.00, 4, 250.00, 1408.00, -461.00, 99.89, -99.89, 6.00
10.00, 4, 250.00, 1451.00, -503.00, 99.89, -99.89, 6.00
10.00, 4, 250.00, 1492.00, -542.00, 99.89, -99.89, 6.00
10.00, 4, 250.00, 1533.00, -582.00, 99.89, -99.89, 6.00
10.00, 4, 250.00, 1575.00, -623.00, 99.89, -99.89, 6.00
10.00, 4, 250.00, 1616.00, -665.00, 99.89, -99.89, 6.00
10.00, 4, 250.00, 1657.00, -709.00, 99.89, -99.89, 6.00
10.00, 4, 250.00, 1698.00, -752.00, 99.89, -99.89, 6.00
10.00, 4, 250.00, 1740.00, -793.00, 99.89, -99.89, 6.00
10.00, 4, 250.00, 1781.00, -833.00, 99.89, -99.89, 6.00
10.00, 4, 250.00, 1822.00, -875.00, 99.89, -99.89, 6.00
10.00, 4, 250.00, 1864.00, -917.00, 99.89, -99.89, 6.00
10.00, 4, 250.00, 1905.00, -959.00, 99.89, -99.89, 6.00
10.00, 4, 250.00, 1945.00, -1002.00, 99.89, -99.89, 6.00
10.00, 4, 250.00, 1986.00, -1044.00, 99.89, -99.89, 6.00
10.00, 4, 250.00, 2029.00, -1085.00, 99.89, -99.89, 6.00
10.00, 4, 250.00, 2070.00, -1126.00, 99.89, -99.89, 6.00
10.00, 4, 250.00, 2111.00, -1169.00, 99.89, -99.89, 6.00
10.00, 4, 250.00, 2151.00, -1213.00, 99.89, -99.89, 6.00
10.00, 4, 250.00, 2192.00, -1255.00, 99.89, -99.89, 6.00
10.00, 4, 250.00, 2233.00, -1296.00, 99.89, -99.89, 6.00
10.00, 4, 250.00, 2275.00, -1338.00, 99.89, -99.89, 6.00
10.00, 4, 250.00, 2316.00, -1380.00, 99.89, -99.89, 6.00
10.00, 4, 250.00, 2356.00, -1422.00, 99.89, -99.89, 6.00
10.00, 4, 250.00, 2397.00, -1464.00, 99.89, -99.89, 6.00
10.00, 4, 250.00, 2439.00, -1506.00, 99.89, -99.89, 6.00
10.00, 4, 250.00, 2480.00, -1547.00, 99.89, -99.89, 6.00
10.00, 4, 250.00, 2520.00, -1587.00, 99.89, -99.89, 6.00
10.00, 4, 250.00, 2561.00, -1629.00, 99.89, -99.89, 6.00
10.00, 4, 250.00, 2602.00, -1671.00, 99.89, -99.89, 6.00
10.00, 4, 250.00, 2643.00, -1713.00, 99.89, -99.89, 6.00
10.00, 4, 250.00, 2683.00, -1755.00, 99.89, -99.89, 6.00
10.00, 4, 250.00, 2725.00, -1794.00, 99.89, -99.89, 6.00
10.00, 4, 250.00, 2766.00, -1834.00, 99.89, -99.89, 6.00
10.00, 4, 250.00, 2806.00, -1874.00, 99.89, -99.89, 6.00
10.00, 4, 250.00, 2847.00, -1915.00, 99.89, -99.89, 6.00
10.00, 4, 250.00, 2888.00, -1956.00, 99.89, -99.89, 6.00
10.00, 4, 250.00, 2928.00, -1999.00, 99.89, -99.89, 6.00
10.00, 4, 250.00, 2969.00, -2042.00, 99.89, -99.89, 6.00
10.00, 4, 250.00, 3010.00, -2083.00, 99.89, -99.89, 6.00
10.00, 4, 250.00, 3051.00, -2122.00, 99.89, -99.89, 6.00
10.00, 4, 250.00, 3092.00, -2166.00, 99.89, -99.89, 6.00
10.00, 4, 250.00, 3134.00, -2207.00, 99.89, -99.89, 6.00
10.00, 4, 250.00, 3175.00, -2248.00, 99.89, -99.89, 6.00
10.00, 4, 250.00, 3217.00, -2290.00, 99.89, -99.89, 6.00
10.00, 4, 250.00, 3259.00, -2331.00, 99.89, -99.89, 6.00
10.00, 4, 250.00, 3301.00, -2371.00, 99.89, -99.89, 6.00
10.00, 4, 250.00, 3342.00, -2413.00, 99.89, -99.89, 6.00
10.00, 4, 250.00, 3384.00, -2454.00, 99.89, -99.89, 6.00
10.00, 4, 250.00, 3427.00, -2496.00, 99.89, -99.89, 6.00
10.00, 4, 250.00, 3466.00, -2540.00, 99.89, -99.89, 6.00
10.00, 4, 250.00, 3510.00, -2580.00, 99.89, -99.89, 6.00
10.00, 4, 250.00, 3552.00, -2622.00, 99.89, -99.89, 6.00
10.00, 4, 250.00, 3594.00, -2664.00, 99.89, -99.89, 6.00
10.00, 4, 250.00, 3636.00, -2705.00, 99.89, -99.89, 6.00
10.00, 4, 250.00, 3678.00, -2748.00, 99.89, -99.89, 6.00
10.00, 4, 250.00, 3721.00, -2792.00, 99.89, -99.89, 6.00
10.00, 4, 250.00, 3762.00, -2833.00, 99.89, -99.89, 6.00
10.00, 4, 250.00, 3804.00, -2872.00, 99.89, -99.89, 6.00
10.00, 4, 250.00, 3847.00, -2914.00, 99.89, -99.89, 6.00
10.00, 4, 250.00, 3889.00, -2956.00, 99.89, -99.89, 6.00
10.00, 4, 250.00, 3930.00, -2999.00, 99.89, -99.89, 6.00
10.00, 4, 250.00, 3972.00, -3041.00, 99.89, -99.89, 6.00
10.00, 4, 250.00, 4014.00, -3083.00, 99.89, -99.89, 6.00
10.00, 4, 250.00, 4055.00, -3124.00, 99.89, -99.89, 6.00
10.00, 4, 250.00, 4097.00, -3165.00, 99.89, -99.89, 6.00
10.00, 4, 250.00, 4136.00, -3207.00, 99.89, -99.89, 6.00
10.00, 4, 250.00, 4177.00, -3249.00, 99.89, -99.89, 6.00
10.00, 4, 250.00, 4218.00, -3292.00, 99.89, -99.89, 6.00
10.00, 4, 250.00, 4260.00, -3334.00, 99.89, -99.89, 6.00
10.00, 4, 250.00, 4300.00, -3375.00, 99.89, -99.89, 6.00
10.00, 4, 250.00, 4341.00, -3416.00, 99.89, -99.89, 6.00
10.00, 4, 250.00, 4382.00, -3459.00, 99.89, -99.89, 6.00
10.00, 4, 250.00, 4424.00, -3501.00, 99.89, -99.89, 6.00
10.00, 4, 250.00, 4462.00, -3543.00, 99.89, -99.89, 6.00
10.00, 4, 250.00, 4503.00, -3587.00, 99.89, -99.89, 6.00
10.00, 4, 250.00, 4545.00, -3628.00, 99.89, -99.89, 6.00
10.00, 4, 250.00, 4585.00, -3669.00, 99.89, -99.89, 6.00
10.00, 4, 250.00, 4625.00, -3711.00, 99.89, -99.89, 6.00
10.00, 4, 250.00, 4668.00, -3753.00, 99.89, -99.89, 6.00
10.00, 4, 250.00, 4710.00, -3797.00, 99.89, -99.89, 6.00
10.00, 4, 250.00, 4751.00, -3839.00, 99.89, -99.89, 6.00
10.00, 4, 250.00, 4793.00, -3879.00, 99.89, -99.89, 6.00
10.00, 4, 250.00, 4835.00, -3920.00, 99.89, -99.89, 6.00
10.00, 4, 250.00, 4875.00, -3961.00, 99.89, -99.89, 6.00
10.00, 4, 250.00, 4916.00, -4003.00, 99.89, -99.89, 6.00
10.00, 4, 250.00, 4957.00, -4046.00, 99.89, -99.89, 6.00
10.00, 4, 250.00, 5000.00, -4090.00, 99.89, -99.89, 6.00
10.00, 4, 250.00, 5041.00, -4131.00, 99.89, -99.89, 6.00
10.00, 4, 250.00, 5083.00, -4171.00, 99.89, -99.89, 6.00
10.00, 4, 250.00, 5124.00, -4213.00, 99.89, -99.89, 6.00
10.00, 4, 250.00, 5166.00, -4253.00, 99.89, -99.89, 6.00
10.00, 4, 250.00, 5208.00, -4294.00, 99.89, -99.89, 6.00
10.00, 4, 250.00, 5249.00, -4337.00, 99.89, -99.89, 6.00
10.00, 4, 250.00, 5291.00, -4378.00, 99.89, -99.89, 6.00
10.00, 4, 250.00, 5332.00, -4418.00, 99.89, -99.89, 6.00
10.00, 4, 250.00, 5372.00, -4458.00, 99.89, -99.89, 6.00
10.00, 4, 250.00, 5415.00, -4499.00, 99.89, -99.89, 6.00
10.00, 4, 250.00, 5456.00, -4541.00, 99.89, -99.89, 6.00
10.00, 4, 250.00, 5496.00, -4586.00, 99.89, -99.89, 6.00
10.00, 4, 250.00, 5537.00, -4626.00, 99.89, -99.89, 6.00
10.00, 4, 250.00, 5580.00, -4666.00, 99.89, -99.89, 6.00
10.00, 4, 250.00, 5621.00, -4709.00, 99.89, -99.89, 6.00
10.00, 4, 250.00, 5662.00, -4750.00, 99.89, -99.89, 6.00
10.00, 4, 250.00, 5705.00, -4792.00, 99.89, -99.89, 6.00
10.00, 4, 250.00, 5746.00, -4836.00, 99.89, -99.89, 6.00
10.00, 4, 250.00, 5788.00, -4877.00, 99.89, -99.89, 6.00
10.00, 4, 250.00, 5830.00, -4918.00, 99.89, -99.89, 6.00
