17525.00, 4, 250.00, 1759.00, 3276.00, 99.89, 99.89, 7.00
10.00, 4, 250.00, 1762.00, 3278.00, 99.66, 99.89, 7.00
10.00, 4, 250.00, 1774.00, 3292.00, 99.66, 99.89, 7.00
10.00, 4, 250.00, 1792.00, 3313.00, 99.77, 99.89, 7.00
10.00, 4, 250.00, 1814.00, 3336.00, 99.89, 99.89, 7.00
10.00, 4, 250.00, 1842.00, 3365.00, 99.89, 99.77, 7.00
10.00, 4, 250.00, 1872.00, 3394.00, 99.89, 99.66, 7.00
10.00, 4, 250.00, 1904.00, 3428.00, 99.89, 99.32, 7.00
10.00, 4, 250.00, 1937.00, 3461.00, 99.89, 98.42, 7.00
10.00, 4, 250.00, 1972.00, 3496.00, 99.89, 95.82, 7.00
10.00, 4, 250.00, 2008.00, 3533.00, 99.89, 88.70, 7.00
10.00, 4, 250.00, 2046.00, 3571.00, 99.89, 70.51, 7.00
10.00, 4, 250.00, 2082.00, 3605.00, 99.89, 32.09, 7.00
10.00, 4, 250.00, 2121.00, 3638.00, 99.89, -15.93, 7.00
10.00, 4, 250.00, 2159.00, 3663.00, 99.89, -56.95, 7.00
10.00, 4, 250.00, 2197.00, 3685.00, 99.89, -77.40, 7.00
10.00, 4, 250.00, 2237.00, 3696.00, 100.00, -86.21, 7.00
10.00, 4, 250.00, 2276.00, 3696.00, 100.00, -90.17, 7.00
10.00, 4, 250.00, 2317.00, 3690.00, 100.00, -89.72, 7.00
10.00, 4, 250.00, 2358.00, 3675.00, 100.00, -86.33, 7.00
10.00, 4, 250.00, 2399.00, 3655.00, 100.00, -77.06, 7.00
10.00, 4, 250.00, 2437.00, 3632.00, 100.00, -56.27, 7.00
10.00, 4, 250.00, 2476.00, 3606.00, 100.00, -18.76, 7.00
10.00, 4, 250.00, 2515.00, 3582.00, 100.00, 31.53, 7.00
10.00, 4, 250.00, 2554.00, 3566.00, 100.00, 68.14, 7.00
10.00, 4, 250.00, 2595.00, 3559.00, 100.00, 85.65, 7.00
10.00, 4, 250.00, 2636.00, 3562.00, 100.00, 92.43, 7.00
10.00, 4, 250.00, 2675.00, 3573.00, 100.00, 95.03, 7.00
10.00, 4, 250.00, 2718.00, 3590.00, 100.00, 96.16, 7.00
10.00, 4, 250.00, 2758.00, 3613.00, 100.00, 96.72, 7.00
10.00, 4, 250.00, 2798.00, 3638.00, 100.00, 96.95, 7.00
10.00, 4, 250.00, 2837.00, 3667.00, 100.00, 96.95, 7.00
10.00, 4, 250.00, 2880.00, 3700.00, 100.00, 96.95, 7.00
10.00, 4, 250.00, 2919.00, 3734.00, 100.00, 96.72, 7.00
10.00, 4, 250.00, 2959.00, 3768.00, 100.00, 96.16, 7.00
10.00, 4, 250.00, 2998.00, 3803.00, 99.89, 95.48, 7.00
10.00, 4, 250.00, 3038.00, 3839.00, 99.89, 94.35, 7.00
10.00, 4, 250.00, 3077.00, 3878.00, 99.89, 92.66, 7.00
10.00, 4, 250.00, 3119.00, 3917.00, 99.89, 89.94, 7.00
10.00, 4, 250.00, 3160.00, 3954.00, 99.89, 83.73, 7.00
10.00, 4, 250.00, 3200.00, 3993.00, 99.89, 74.80, 7.00
10.00, 4, 250.00, 3242.00, 4030.00, 99.89, 58.76, 7.00
10.00, 4, 250.00, 3283.00, 4067.00, 99.89, 32.20, 7.00
10.00, 4, 250.00, 3323.00, 4098.00, 99.89, -0.90, 7.00
10.00, 4, 250.00, 3365.00, 4131.00, 99.89, -32.54, 7.00
10.00, 4, 250.00, 3407.00, 4153.00, 99.66, -60.00, 7.00
10.00, 4, 250.00, 3447.00, 4165.00, 99.10, -76.84, 7.00
10.00, 4, 250.00, 3489.00, 4167.00, 97.29, -83.73, 7.00
10.00, 4, 250.00, 3531.00, 4160.00, 91.07, -86.21, 7.00
10.00, 4, 250.00, 3573.00, 4147.00, 71.07, -86.10, 7.00
10.00, 4, 250.00, 3612.00, 4129.00, 25.99, -83.39, 7.00
10.00, 4, 250.00, 3652.00, 4108.00, -32.77, -77.63, 7.00
10.00, 4, 250.00, 3684.00, 4083.00, -74.46, -67.46, 7.00
10.00, 4, 250.00, 3706.00, 4060.00, -90.06, -48.25, 7.00
10.00, 4, 250.00, 3715.00, 4034.00, -95.14, -23.16, 7.00
10.00, 4, 250.00, 3715.00, 4011.00, -96.50, 10.62, 7.00
10.00, 4, 250.00, 3705.00, 3993.00, -96.72, 39.89, 7.00
10.00, 4, 250.00, 3687.00, 3981.00, -96.05, 63.05, 7.00
10.00, 4, 250.00, 3661.00, 3975.00, -93.45, 75.37, 7.00
10.00, 4, 250.00, 3635.00, 3977.00, -87.46, 82.71, 7.00
10.00, 4, 250.00, 3607.00, 3990.00, -73.79, 85.65, 7.00
10.00, 4, 250.00, 3578.00, 4008.00, -47.91, 84.86, 7.00
10.00, 4, 250.00, 3549.00, 4029.00, -9.72, 81.47, 7.00
10.00, 4, 250.00, 3523.00, 4054.00, 32.99, 75.25, 7.00
10.00, 4, 250.00, 3502.00, 4079.00, 64.52, 63.50, 7.00
10.00, 4, 250.00, 3492.00, 4105.00, 79.44, 44.29, 7.00
10.00, 4, 250.00, 3491.00, 4133.00, 86.10, 17.63, 7.00
10.00, 4, 250.00, 3499.00, 4155.00, 87.57, -15.14, 7.00
10.00, 4, 250.00, 3515.00, 4173.00, 84.86, -43.73, 7.00
10.00, 4, 250.00, 3534.00, 4184.00, 77.74, -63.28, 7.00
10.00, 4, 250.00, 3557.00, 4187.00, 64.52, -74.58, 7.00
10.00, 4, 250.00, 3581.00, 4186.00, 40.79, -80.00, 7.00
10.00, 4, 250.00, 3604.00, 4174.00, 6.89, -82.60, 7.00
10.00, 4, 250.00, 3625.00, 4158.00, -25.88, -81.36, 7.00
10.00, 4, 250.00, 3644.00, 4138.00, -55.71, -77.29, 7.00
10.00, 4, 250.00, 3652.00, 4115.00, -72.43, -69.60, 7.00
10.00, 4, 250.00, 3652.00, 4091.00, -79.44, -56.38, 7.00
10.00, 4, 250.00, 3644.00, 4068.00, -80.45, -36.84, 7.00
10.00, 4, 250.00, 3627.00, 4044.00, -77.06, -10.73, 7.00
10.00, 4, 250.00, 3607.00, 4022.00, -65.31, 18.42, 7.00
10.00, 4, 250.00, 3586.00, 4004.00, -45.54, 44.75, 7.00
10.00, 4, 250.00, 3563.00, 3994.00, -17.18, 62.94, 7.00
10.00, 4, 250.00, 3544.00, 3992.00, 14.46, 73.33, 7.00
10.00, 4, 250.00, 3528.00, 3999.00, 44.52, 77.06, 7.00
10.00, 4, 250.00, 3518.00, 4012.00, 62.71, 77.40, 7.00
10.00, 4, 250.00, 3517.00, 4028.00, 71.86, 74.12, 7.00
10.00, 4, 250.00, 3522.00, 4049.00, 73.90, 68.02, 7.00
10.00, 4, 250.00, 3533.00, 4072.00, 71.86, 58.19, 7.00
10.00, 4, 250.00, 3550.00, 4094.00, 62.82, 44.41, 7.00
10.00, 4, 250.00, 3569.00, 4117.00, 47.12, 29.72, 7.00
10.00, 4, 250.00, 3588.00, 4140.00, 23.62, 14.80, 7.00
10.00, 4, 250.00, 3606.00, 4157.00, -4.52, 0.45, 7.00
10.00, 4, 250.00, 3621.00, 4173.00, -31.86, -9.49, 7.00
10.00, 4, 250.00, 3633.00, 4186.00, -51.41, -16.05, 7.00
10.00, 4, 250.00, 3636.00, 4196.00, -63.05, -20.00, 7.00
10.00, 4, 250.00, 3635.00, 4200.00, -67.68, -21.69, 7.00
10.00, 4, 250.00, 3625.00, 4199.00, -67.12, -21.58, 7.00
10.00, 4, 250.00, 3610.00, 4197.00, -57.85, -20.68, 7.00
10.00, 4, 250.00, 3593.00, 4193.00, -41.69, -20.11, 7.00
10.00, 4, 250.00, 3576.00, 4187.00, -16.05, -19.89, 7.00
10.00, 4, 250.00, 3559.00, 4181.00, 12.54, -20.45, 7.00
10.00, 4, 250.00, 3546.00, 4175.00, 40.90, -21.81, 7.00
10.00, 4, 250.00, 3540.00, 4168.00, 58.98, -23.95, 7.00
10.00, 4, 250.00, 3539.00, 4161.00, 69.27, -25.76, 7.00
10.00, 4, 250.00, 3546.00, 4153.00, 74.12, -29.04, 7.00
10.00, 4, 250.00, 3558.00, 4145.00, 74.69, -32.66, 7.00
10.00, 4, 250.00, 3576.00, 4134.00, 72.09, -36.27, 7.00
10.00, 4, 250.00, 3595.00, 4123.00, 66.44, -40.90, 7.00
10.00, 4, 250.00, 3617.00, 4112.00, 58.53, -45.76, 7.00
10.00, 4, 250.00, 3640.00, 4098.00, 48.81, -50.28, 7.00
10.00, 4, 250.00, 3662.00, 4083.00, 37.29, -55.37, 7.00
10.00, 4, 250.00, 3685.00, 4068.00, 27.23, -60.68, 7.00
10.00, 4, 250.00, 3707.00, 4050.00, 15.48, -65.20, 7.00
10.00, 4, 250.00, 3727.00, 4029.00, 6.89, -70.17, 7.00
10.00, 4, 250.00, 3741.00, 4007.00, 1.02, -74.58, 7.00
10.00, 4, 250.00, 3755.00, 3983.00, -0.23, -78.87, 7.00
10.00, 4, 250.00, 3763.00, 3959.00, 0.00, -82.71, 7.00
10.00, 4, 250.00, 3769.00, 3931.00, 4.52, -85.65, 7.00
10.00, 4, 250.00, 3775.00, 3902.00, 10.40, -88.14, 7.00
10.00, 4, 250.00, 3780.00, 3870.00, 14.69, -90.51, 7.00
10.00, 4, 250.00, 3785.00, 3839.00, 17.51, -92.20, 7.00
10.00, 4, 250.00, 3790.00, 3807.00, 19.66, -93.90, 7.00
10.00, 4, 250.00, 3797.00, 3774.00, 20.56, -94.92, 7.00
10.00, 4, 250.00, 3804.00, 3737.00, 20.00, -95.82, 7.00
10.00, 4, 250.00, 3810.00, 3701.00, 18.19, -96.84, 7.00
10.00, 4, 250.00, 3816.00, 3664.00, 16.72, -97.40, 7.00
10.00, 4, 250.00, 3823.00, 3627.00, 15.37, -97.97, 7.00
10.00, 4, 250.00, 3831.00, 3588.00, 14.12, -98.42, 7.00
10.00, 4, 250.00, 3838.00, 3553.00, 13.33, -98.87, 7.00
10.00, 4, 250.00, 3845.00, 3516.00, 13.33, -99.10, 7.00
10.00, 4, 250.00, 3851.00, 3476.00, 14.01, -99.32, 7.00
10.00, 4, 250.00, 3856.00, 3437.00, 15.37, -99.55, 7.00
10.00, 4, 250.00, 3861.00, 3398.00, 17.40, -99.66, 7.00
10.00, 4, 250.00, 3867.00, 3358.00, 19.77, -99.77, 7.00
10.00, 4, 250.00, 3874.00, 3320.00, 23.16, -99.77, 7.00
10.00, 4, 250.00, 3881.00, 3282.00, 27.46, -99.89, 7.00
10.00, 4, 250.00, 3889.00, 3240.00, 31.75, -99.89, 7.00
10.00, 4, 250.00, 3897.00, 3198.00, 37.18, -99.89, 7.00
10.00, 4, 250.00, 3906.00, 3157.00, 42.71, -99.89, 7.00
10.00, 4, 250.00, 3917.00, 3117.00, 48.59, -99.89, 7.00
10.00, 4, 250.00, 3930.00, 3075.00, 55.14, -99.89, 7.00
10.00, 4, 250.00, 3946.00, 3034.00, 61.58, -99.89, 7.00
10.00, 4, 250.00, 3964.00, 2995.00, 68.36, -99.89, 7.00
10.00, 4, 250.00, 3984.00, 2953.00, 75.14, -99.89, 7.00
10.00, 4, 250.00, 4005.00, 2910.00, 80.68, -99.89, 7.00
10.00, 4, 250.00, 4029.00, 2868.00, 85.08, -99.89, 7.00
10.00, 4, 250.00, 4057.00, 2827.00, 89.04, -99.89, 7.00
10.00, 4, 250.00, 4085.00, 2784.00, 92.20, -99.89, 7.00
10.00, 4, 250.00, 4113.00, 2742.00, 94.35, -99.89, 7.00
10.00, 4, 250.00, 4147.00, 2701.00, 95.93, -99.89, 7.00
10.00, 4, 250.00, 4179.00, 2659.00, 97.06, -99.89, 7.00
10.00, 4, 250.00, 4213.00, 2617.00, 97.85, -99.89, 7.00
10.00, 4, 250.00, 4248.00, 2576.00, 98.42, -99.89, 7.00
10.00, 4, 250.00, 4284.00, 2534.00, 98.76, -99.89, 7.00
10.00, 4, 250.00, 4320.00, 2493.00, 98.98, -99.89, 7.00
10.00, 4, 250.00, 4356.00, 2452.00, 99.21, -99.89, 7.00
10.00, 4, 250.00, 4393.00, 2410.00, 99.32, -99.89, 7.00
10.00, 4, 250.00, 4430.00, 2368.00, 99.32, -99.89, 7.00
10.00, 4, 250.00, 4466.00, 2326.00, 99.44, -99.89, 7.00
10.00, 4, 250.00, 4504.00, 2285.00, 99.55, -99.89, 7.00
10.00, 4, 250.00, 4543.00, 2245.00, 99.55, -99.89, 7.00
10.00, 4, 250.00, 4581.00, 2203.00, 99.55, -99.89, 7.00
10.00, 4, 250.00, 4617.00, 2165.00, 99.66, -99.89, 7.00
10.00, 4, 250.00, 4658.00, 2122.00, 99.66, -99.89, 7.00
10.00, 4, 250.00, 4697.00, 2079.00, 99.77, -99.89, 7.00
10.00, 4, 250.00, 4735.00, 2039.00, 99.77, -99.89, 7.00
10.00, 4, 250.00, 4774.00, 1999.00, 99.77, -99.89, 7.00
10.00, 4, 250.00, 4816.00, 1957.00, 99.89, -99.89, 7.00
10.00, 4, 250.00, 4855.00, 1913.00, 99.89, -99.89, 7.00
10.00, 4, 250.00, 4894.00, 1872.00, 99.89, -99.89, 7.00
10.00, 4, 250.00, 4936.00, 1832.00, 99.89, -99.89, 7.00
10.00, 4, 250.00, 4976.00, 1787.00, 99.89, -99.89, 7.00
10.00, 4, 250.00, 5016.00, 1747.00, 99.89, -99.89, 7.00
10.00, 4, 250.00, 5058.00, 1708.00, 99.89, -99.89, 7.00
10.00, 4, 250.00, 5097.00, 1665.00, 99.89, -99.89, 7.00
10.00, 4, 250.00, 5138.00, 1622.00, 99.89, -99.89, 7.00
10.00, 4, 250.00, 5180.00, 1581.00, 99.89, -99.89, 7.00
10.00, 4, 250.00, 5222.00, 1538.00, 99.89, -99.89, 7.00
10.00, 4, 250.00, 5264.00, 1497.00, 99.89, -99.89, 7.00
10.00, 4, 250.00, 5304.00, 1456.00, 99.89, -99.89, 7.00
10.00, 4, 250.00, 5345.00, 1414.00, 99.89, -99.89, 7.00
10.00, 4, 250.00, 5385.00, 1372.00, 99.89, -99.89, 7.00
10.00, 4, 250.00, 5428.00, 1329.00, 99.89, -99.89, 7.00
10.00, 4, 250.00, 5469.00, 1284.00, 99.89, -99.89, 7.00
10.00, 4, 250.00, 5508.00, 1245.00, 99.89, -99.89, 7.00
10.00, 4, 250.00, 5549.00, 1203.00, 99.89, -99.89, 7.00
10.00, 4, 250.00, 5591.00, 1160.00, 99.89, -99.89, 7.00
10.00, 4, 250.00, 5631.00, 1118.00, 99.89, -99.89, 7.00
10.00, 4, 250.00, 5672.00, 1075.00, 99.89, -99.89, 7.00
10.00, 4, 250.00, 5714.00, 1033.00, 99.89, -99.89, 7.00
10.00, 4, 250.00, 5755.00, 991.00, 99.89, -99.89, 7.00
10.00, 4, 250.00, 5797.00, 950.00, 99.89, -99.89, 7.00
10.00, 4, 250.00, 5837.00, 909.00, 99.89, -99.89, 7.00
10.00, 4, 250.00, 5877.00, 866.00, 99.89, -99.89, 7.00
10.00, 4, 250.00, 5916.00, 824.00, 99.89, -99.89, 7.00
10.00, 4, 250.00, 5959.00, 783.00, 99.89, -99.89, 7.00
10.00, 4, 250.00, 5999.00, 741.00, 99.89, -99.89, 7.00
10.00, 4, 250.00, 6038.00, 699.00, 99.89, -99.89, 7.00
10.00, 4, 250.00, 6081.00, 657.00, 99.89, -99.89, 7.00
10.00, 4, 250.00, 6122.00, 615.00, 99.89, -99.89, 7.00
10.00, 4, 250.00, 6162.00, 573.00, 99.89, -99.89, 7.00
10.00, 4, 250.00, 6203.00, 532.00, 99.89, -99.89, 7.00
10.00, 4, 250.00, 6244.00, 490.00, 99.89, -99.89, 7.00
10.00, 4, 250.00, 6285.00, 449.00, 99.89, -99.89, 7.00
10.00, 4, 250.00, 6326.00, 406.00, 99.89, -99.89, 7.00
10.00, 4, 250.00, 6366.00, 362.00, 99.89, -99.89, 7.00
10.00, 4, 250.00, 6407.00, 320.00, 99.89, -99.89, 7.00
10.00, 4, 250.00, 6446.00, 279.00, 99.89, -99.89, 7.00
10.00, 4, 250.00, 6487.00, 237.00, 99.89, -99.89, 7.00
10.00, 4, 250.00, 6528.00, 197.00, 99.89, -99.89, 7.00
10.00, 4, 250.00, 6570.00, 155.00, 99.89, -99.89, 7.00
10.00, 4, 250.00, 6609.00, 114.00, 99.89, -99.89, 7.00
10.00, 4, 250.00, 6649.00, 71.00, 99.89, -99.89, 7.00
10.00, 4, 250.00, 6689.00, 28.00, 99.89, -99.89, 7.00
10.00, 4, 250.00, 6731.00, -13.00, 99.89, -99.89, 7.00
10.00, 4, 250.00, 6769.00, -54.00, 99.89, -99.89, 7.00
10.00, 4, 250.00, 6811.00, -97.00, 99.89, -99.89, 7.00
10.00, 4, 250.00, 6851.00, -138.00, 99.89, -99.89, 7.00
10.00, 4, 250.00, 6891.00, -180.00, 99.89, -99.89, 7.00
10.00, 4, 250.00, 6930.00, -221.00, 99.89, -99.89, 7.00
10.00, 4, 250.00, 6972.00, -262.00, 99.89, -99.89, 7.00
10.00, 4, 250.00, 7013.00, -303.00, 99.89, -99.89, 7.00
10.00, 4, 250.00, 7055.00, -343.00, 99.89, -99.89, 7.00
10.00, 4, 250.00, 7095.00, -384.00, 99.89, -99.89, 7.00
10.00, 4, 250.00, 7136.00, -427.00, 99.89, -99.89, 7.00
10.00, 4, 250.00, 7176.00, -468.00, 99.89, -99.89, 7.00
10.00, 4, 250.00, 7217.00, -509.00, 99.89, -99.89, 7.00
10.00, 4, 250.00, 7260.00, -550.00, 99.89, -99.89, 7.00
10.00, 4, 250.00, 7299.00, -593.00, 99.89, -99.89, 7.00
10.00, 4, 250.00, 7342.00, -637.00, 99.89, -99.89, 7.00
10.00, 4, 250.00, 7384.00, -678.00, 99.89, -99.89, 7.00
10.00, 4, 250.00, 7424.00, -719.00, 99.89, -99.89, 7.00
10.00, 4, 250.00, 7465.00, -762.00, 99.89, -99.89, 7.00
10.00, 4, 250.00, 7508.00, -803.00, 99.89, -99.89, 7.00
10.00, 4, 250.00, 7550.00, -844.00, 99.89, -99.89, 7.00
10.00, 4, 250.00, 7591.00, -887.00, 99.89, -99.89, 7.00
10.00, 4, 250.00, 7633.00, -930.00, 99.89, -99.89, 7.00
10.00, 4, 250.00, 7675.00, -972.00, 99.89, -99.89, 7.00
10.00, 4, 250.00, 7715.00, -1015.00, 99.89, -99.89, 7.00
10.00, 4, 250.00, 7758.00, -1058.00, 99.89, -99.89, 7.00
10.00, 4, 250.00, 7801.00, -1099.00, 99.89, -99.89, 7.00
10.00, 4, 250.00, 7842.00, -1140.00, 99.89, -99.89, 7.00
10.00, 4, 250.00, 7882.00, -1183.00, 99.89, -99.89, 7.00
10.00, 4, 250.00, 7924.00, -1226.00, 99.89, -99.89, 7.00
10.00, 4, 250.00, 7964.00, -1267.00, 99.89, -99.89, 7.00
10.00, 4, 250.00, 8006.00, -1309.00, 99.89, -99.89, 7.00
10.00, 4, 250.00, 8047.00, -1352.00, 99.89, -99.89, 7.00
10.00, 4, 250.00, 8087.00, -1393.00, 99.89, -99.89, 7.00
10.00, 4, 250.00, 8128.00, -1435.00, 99.89, -99.89, 7.00
10.00, 4, 250.00, 8169.00, -1478.00, 99.89, -99.89, 7.00
10.00, 4, 250.00, 8209.00, -1518.00, 99.89, -99.89, 7.00
10.00, 4, 250.00, 8250.00, -1560.00, 99.89, -99.89, 7.00
10.00, 4, 250.00, 8291.00, -1601.00, 99.89, -99.89, 7.00
10.00, 4, 250.00, 8332.00, -1641.00, 99.89, -99.89, 7.00
10.00, 4, 250.00, 8372.00, -1683.00, 99.89, -99.89, 7.00
10.00, 4, 250.00, 8413.00, -1725.00, 99.89, -99.89, 7.00
10.00, 4, 250.00, 8452.00, -1766.00, 99.89, -99.89, 7.00
10.00, 4, 250.00, 8493.00, -1806.00, 99.89, -99.89, 7.00
10.00, 4, 250.00, 8536.00, -1846.00, 99.89, -99.89, 7.00
10.00, 4, 250.00, 8575.00, -1890.00, 99.89, -99.89, 7.00
10.00, 4, 250.00, 8615.00, -1930.00, 99.89, -99.89, 7.00
10.00, 4, 250.00, 8657.00, -1973.00, 99.89, -99.89, 7.00
10.00, 4, 250.00, 8696.00, -2015.00, 99.89, -99.89, 7.00
10.00, 4, 250.00, 8736.00, -2056.00, 99.89, -99.89, 7.00
10.00, 4, 250.00, 8780.00, -2095.00, 99.89, -99.89, 7.00
10.00, 4, 250.00, 8821.00, -2138.00, 99.89, -99.89, 7.00
10.00, 4, 250.00, 8861.00, -2180.00, 99.89, -99.89, 7.00
10.00, 4, 250.00, 8902.00, -2222.00, 99.89, -99.89, 7.00
10.00, 4, 250.00, 8944.00, -2263.00, 99.89, -99.89, 7.00
10.00, 4, 250.00, 8983.00, -2304.00, 99.89, -99.89, 7.00
10.00, 4, 250.00, 9027.00, -2344.00, 99.89, -99.89, 7.00
10.00, 4, 250.00, 9068.00, -2384.00, 99.89, -99.89, 7.00
10.00, 4, 250.00, 9109.00, -2427.00, 99.89, -99.89, 7.00
10.00, 4, 250.00, 9150.00, -2471.00, 99.89, -99.89, 7.00
10.00, 4, 250.00, 9189.00, -2513.00, 99.89, -99.89, 7.00
10.00, 4, 250.00, 9230.00, -2554.00, 99.89, -99.89, 7.00
10.00, 4, 250.00, 9272.00, -2595.00, 99.89, -99.89, 7.00
10.00, 4, 250.00, 9314.00, -2637.00, 99.89, -99.89, 7.00
10.00, 4, 250.00, 9354.00, -2678.00, 99.89, -99.89, 7.00
10.00, 4, 250.00, 9395.00, -2720.00, 99.89, -99.89, 7.00
10.00, 4, 250.00, 9435.00, -2763.00, 99.89, -99.89, 7.00
10.00, 4, 250.00, 9476.00, -2806.00, 99.89, -99.89, 7.00
10.00, 4, 250.00, 9518.00, -2845.00, 99.89, -99.89, 7.00
10.00, 4, 250.00, 9560.00, -2885.00, 99.89, -99.89, 7.00
10.00, 4, 250.00, 9601.00, -2928.00, 99.89, -99.89, 7.00
10.00, 4, 250.00, 9642.00, -2971.00, 99.89, -99.89, 7.00
10.00, 4, 250.00, 9684.00, -3015.00, 99.89, -99.89, 7.00
10.00, 4, 250.00, 9724.00, -3055.00, 99.89, -99.89, 7.00
10.00, 4, 250.00, 9765.00, -3096.00, 99.89, -99.89, 7.00
10.00, 4, 250.00, 9807.00, -3137.00, 99.89, -99.89, 7.00
10.00, 4, 250.00, 9850.00, -3181.00, 99.89, -99.89, 7.00
10.00, 4, 250.00, 9890.00, -3222.00, 99.89, -99.89, 7.00
10.00, 4, 250.00, 9932.00, -3264.00, 99.89, -99.89, 7.00
10.00, 4, 250.00, 9972.00, -3307.00, 99.89, -99.89, 7.00
10.00, 4, 250.00, 10012.00, -3348.00, 99.89, -99.89, 7.00
10.00, 4, 250.00, 10054.00, -3390.00, 99.89, -99.89, 7.00
10.00, 4, 250.00, 10097.00, -3433.00, 99.89, -99.89, 7.00
10.00, 4, 250.00, 10136.00, -3476.00, 99.89, -99.89, 7.00
10.00, 4, 250.00, 10176.00, -3519.00, 99.89, -99.89, 7.00
10.00, 4, 250.00, 10219.00, -3561.00, 99.89, -99.89, 7.00
10.00, 4, 250.00, 10260.00, -3604.00, 99.89, -99.89, 7.00
10.00, 4, 250.00, 10302.00, -3643.00, 99.89, -99.89, 7.00
10.00, 4, 250.00, 10343.00, -3684.00, 99.89, -99.89, 7.00
10.00, 4, 250.00, 10383.00, -3729.00, 99.89, -99.89, 7.00
10.00, 4, 250.00, 10424.00, -3771.00, 99.89, -99.89, 7.00
10.00, 4, 250.00, 10464.00, -3813.00, 99.89, -99.89, 7.00
10.00, 4, 250.00, 10505.00, -3855.00, 99.89, -99.89, 7.00
10.00, 4, 250.00, 10545.00, -3895.00, 99.89, -99.89, 7.00
10.00, 4, 250.00, 10586.00, -3936.00, 99.89, -99.89, 7.00
10.00, 4, 250.00, 10626.00, -3979.00, 99.89, -99.89, 7.00
10.00, 4, 250.00, 10665.00, -4021.00, 99.89, -99.89, 7.00
10.00, 4, 250.00, 10705.00, -4065.00, 99.89, -99.89, 7.00
10.00, 4, 250.00, 10744.00, -4106.00, 99.89, -99.89, 7.00
10.00, 4, 250.00, 10784.00, -4143.00, 99.89, -99.89, 7.00
10.00, 4, 250.00, 10827.00, -4184.00, 99.89, -99.89, 7.00
10.00, 4, 250.00, 10867.00, -4227.00, 99.89, -99.89, 7.00
10.00, 4, 250.00, 10908.00, -4268.00, 99.89, -99.89, 7.00
10.00, 4, 250.00, 10948.00, -4310.00, 99.89, -99.89, 7.00
10.00, 4, 250.00, 10990.00, -4351.00, 99.89, -99.89, 7.00
10.00, 4, 250.00, 11029.00, -4392.00, 99.89, -99.89, 7.00
10.00, 4, 250.00, 11071.00, -4432.00, 99.89, -99.89, 7.00
10.00, 4, 250.00, 11114.00, -4475.00, 99.89, -99.89, 7.00
10.00, 4, 250.00, 11153.00, -4517.00, 99.89, -99.89, 7.00
10.00, 4, 250.00, 11195.00, -4559.00, 99.89, -99.89, 7.00
10.00, 4, 250.00, 11236.00, -4601.00, 99.89, -99.89, 7.00
10.00, 4, 250.00, 11277.00, -4642.00, 99.89, -99.89, 7.00
10.00, 4, 250.00, 11320.00, -4680.00, 99.89, -99.89, 7.00
10.00, 4, 250.00, 11363.00, -4727.00, 99.89, -99.89, 7.00
10.00, 4, 250.00, 11404.00, -4771.00, 99.89, -99.89, 7.00
10.00, 4, 250.00, 11445.00, -4812.00, 99.89, -99.89, 7.00
10.00, 4, 250.00, 11487.00, -4856.00, 99.89, -99.89, 7.00
10.00, 4, 250.00, 11528.00, -4897.00, 99.89, -99.89, 7.00
10.00, 4, 250.00, 11571.00, -4936.00, 99.89, -99.89, 7.00
10.00, 4, 250.00, 11613.00, -4979.00, 99.89, -99.89, 7.00
10.00, 4, 250.00, 11652.00, -5022.00, 99.89, -99.89, 7.00
10.00, 4, 250.00, 11695.00, -5065.00, 99.89, -99.89, 7.00
10.00, 4, 250.00, 11737.00, -5108.00, 99.89, -99.89, 7.00
10.00, 4, 250.00, 11778.00, -5150.00, 99.89, -99.89, 7.00
10.00, 4, 250.00, 11818.00, -5190.00, 99.89, -99.89, 7.00
10.00, 4, 250.00, 11863.00, -5232.00, 99.89, -99.89, 7.00
10.00, 4, 250.00, 11903.00, -5275.00, 99.89, -99.89, 7.00
10.00, 4, 250.00, 11943.00, -5318.00, 99.89, -99.89, 7.00
10.00, 4, 250.00, 11983.00, -5360.00, 99.89, -99.89, 7.00
10.00, 4, 250.00, 12024.00, -5403.00, 99.89, -99.89, 7.00
10.00, 4, 250.00, 12066.00, -5443.00, 99.89, -99.89, 7.00
10.00, 4, 250.00, 12107.00, -5483.00, 99.89, -99.89, 7.00
10.00, 4, 250.00, 12149.00, -5525.00, 99.89, -99.89, 7.00
10.00, 4, 250.00, 12188.00, -5569.00, 99.89, -99.89, 7.00
10.00, 4, 250.00, 12230.00, -5610.00, 99.89, -99.89, 7.00
10.00, 4, 250.00, 12273.00, -5650.00, 99.89, -99.89, 7.00
10.00, 4, 250.00, 12313.00, -5692.00, 99.89, -99.89, 7.00
10.00, 4, 250.00, 12355.00, -5733.00, 99.89, -99.89, 7.00
10.00, 4, 250.00, 12397.00, -5776.00, 99.89, -99.89, 7.00
10.00, 4, 250.00, 12437.00, -5820.00, 99.89, -99.89, 7.00
10.00, 4, 250.00, 12479.00, -5861.00, 99.89, -99.89, 7.00
10.00, 4, 250.00, 12519.00, -5902.00, 99.89, -99.89, 7.00
10.00, 4, 250.00, 12559.00, -5940.00, 99.89, -99.89, 7.00
10.00, 4, 250.00, 12602.00, -5981.00, 99.89, -99.89, 7.00
10.00, 4, 250.00, 12643.00, -6024.00, 99.89, -99.89, 7.00
10.00, 4, 250.00, 12682.00, -6067.00, 99.89, -99.89, 7.00
10.00, 4, 250.00, 12722.00, -6107.00, 99.89, -99.89, 7.00
10.00, 4, 250.00, 12765.00, -6151.00, 99.89, -99.89, 7.00
10.00, 4, 250.00, 12804.00, -6190.00, 99.89, -99.89, 7.00
10.00, 4, 250.00, 12848.00, -6229.00, 99.89, -99.89, 7.00
10.00, 4, 250.00, 12890.00, -6273.00, 99.89, -99.89, 7.00
10.00, 4, 250.00, 12929.00, -6316.00, 99.89, -99.89, 7.00
10.00, 4, 250.00, 12969.00, -6357.00, 99.89, -99.89, 7.00
10.00, 4, 250.00, 13010.00, -6399.00, 99.89, -99.89, 7.00
10.00, 4, 250.00, 13051.00, -6439.00, 99.89, -99.89, 7.00
10.00, 4, 250.00, 13092.00, -6477.00, 99.89, -99.89, 7.00
10.00, 4, 250.00, 13135.00, -6520.00, 99.89, -99.89, 7.00
10.00, 4, 250.00, 13173.00, -6564.00, 99.89, -99.89, 7.00
10.00, 4, 250.00, 13214.00, -6605.00, 99.89, -99.89, 7.00
10.00, 4, 250.00, 13255.00, -6647.00, 99.89, -99.89, 7.00
10.00, 4, 250.00, 13295.00, -6687.00, 99.89, -99.89, 7.00
10.00, 4, 250.00, 13336.00, -6727.00, 99.89, -99.89, 7.00
10.00, 4, 250.00, 13378.00, -6770.00, 99.89, -99.89, 7.00
10.00, 4, 250.00, 13419.00, -6813.00, 99.89, -99.89, 7.00
10.00, 4, 250.00, 13460.00, -6854.00, 99.89, -99.89, 7.00
10.00, 4, 250.00, 13501.00, -6896.00, 99.89, -99.89, 7.00
10.00, 4, 250.00, 13542.00, -6938.00, 99.89, -99.89, 7.00
10.00, 4, 250.00, 13583.00, -6978.00, 99.89, -99.89, 7.00
10.00, 4, 250.00, 13627.00, -7019.00, 99.89, -99.89, 7.00
10.00, 4, 250.00, 13668.00, -7063.00, 99.89, -99.89, 7.00
10.00, 4, 250.00, 13708.00, -7107.00, 99.89, -99.89, 7.00
10.00, 4, 250.00, 13751.00, -7149.00, 99.89, -99.89, 7.00
10.00, 4, 250.00, 13791.00, -7190.00, 99.89, -99.89, 7.00
10.00, 4, 250.00, 13832.00, -7231.00, 99.89, -99.89, 7.00
10.00, 4, 250.00, 13875.00, -7276.00, 99.89, -99.89, 7.00
10.00, 4, 250.00, 13917.00, -7317.00, 99.89, -99.89, 7.00
10.00, 4, 250.00, 13958.00, -7359.00, 99.89, -99.89, 7.00
10.00, 4, 250.00, 13999.00, -7403.00, 99.89, -99.89, 7.00
10.00, 4, 250.00, 14041.00, -7444.00, 99.89, -99.89, 7.00
10.00, 4, 250.00, 14082.00, -7485.00, 99.89, -99.89, 7.00
10.00, 4, 250.00, 14123.00, -7526.00, 99.89, -99.89, 7.00
10.00, 4, 250.00, 14165.00, -7569.00, 99.89, -99.89, 7.00
10.00, 4, 250.00, 14206.00, -7613.00, 99.89, -99.89, 7.00
10.00, 4, 250.00, 14247.00, -7655.00, 99.89, -99.89, 7.00
10.00, 4, 250.00, 14287.00, -7697.00, 99.89, -99.89, 7.00
10.00, 4, 250.00, 14329.00, -7738.00, 99.89, -99.89, 7.00
10.00, 4, 250.00, 14370.00, -7779.00, 99.89, -99.89, 7.00
10.00, 4, 250.00, 14412.00, -7821.00, 99.89, -99.89, 7.00
10.00, 4, 250.00, 14450.00, -7864.00, 99.89, -99.89, 7.00
10.00, 4, 250.00, 14489.00, -7906.00, 99.89, -99.89, 7.00
10.00, 4, 250.00, 14530.00, -7948.00, 99.89, -99.89, 7.00
10.00, 4, 250.00, 14569.00, -7986.00, 99.89, -99.89, 7.00
10.00, 4, 250.00, 14610.00, -8025.00, 99.89, -99.89, 7.00
10.00, 4, 250.00, 14651.00, -8067.00, 99.89, -99.89, 7.00
10.00, 4, 250.00, 14692.00, -8109.00, 99.89, -99.89, 7.00
10.00, 4, 250.00, 14733.00, -8151.00, 99.89, -99.89, 7.00
10.00, 4, 250.00, 14773.00, -8195.00, 99.89, -99.89, 7.00
10.00, 4, 250.00, 14813.00, -8236.00, 99.89, -99.89, 7.00
10.00, 4, 250.00, 14852.00, -8276.00, 99.89, -99.89, 7.00
10.00, 4, 250.00, 14893.00, -8317.00, 99.89, -99.89, 7.00
10.00, 4, 250.00, 14932.00, -8358.00, 99.89, -99.89, 7.00
10.00, 4, 250.00, 14973.00, -8401.00, 99.89, -99.89, 7.00
10.00, 4, 250.00, 15015.00, -8444.00, 99.89, -99.89, 7.00
10.00, 4, 250.00, 15056.00, -8485.00, 99.89, -99.89, 7.00
10.00, 4, 250.00, 15096.00, -8526.00, 99.89, -99.89, 7.00
10.00, 4, 250.00, 15138.00, -8567.00, 99.89, -99.89, 7.00
10.00, 4, 250.00, 15181.00, -8609.00, 99.89, -99.89, 7.00
10.00, 4, 250.00, 15221.00, -8653.00, 99.89, -99.89, 7.00
10.00, 4, 250.00, 15261.00, -8697.00, 99.89, -99.89, 7.00
10.00, 4, 250.00, 15304.00, -8738.00, 99.89, -99.89, 7.00
10.00, 4, 250.00, 15344.00, -8777.00, 99.89, -99.89, 7.00
10.00, 4, 250.00, 15385.00, -8821.00, 99.89, -99.89, 7.00
10.00, 4, 250.00, 15427.00, -8862.00, 99.89, -99.89, 7.00
10.00, 4, 250.00, 15468.00, -8905.00, 99.89, -99.89, 7.00
10.00, 4, 250.00, 15509.00, -8948.00, 99.89, -99.89, 7.00
10.00, 4, 250.00, 15551.00, -8989.00, 99.89, -99.89, 7.00
10.00, 4, 250.00, 15593.00, -9031.00, 99.89, -99.89, 7.00
10.00, 4, 250.00, 15633.00, -9072.00, 99.89, -99.89, 7.00
10.00, 4, 250.00, 15673.00, -9114.00, 99.89, -99.89, 7.00
10.00, 4, 250.00, 15714.00, -9158.00, 99.89, -99.89, 7.00
10.00, 4, 250.00, 15753.00, -9200.00, 99.89, -99.89, 7.00
10.00, 4, 250.00, 15795.00, -9242.00, 99.89, -99.89, 7.00
10.00, 4, 250.00, 15836.00, -9282.00, 99.89, -99.89, 7.00
10.00, 4, 250.00, 15877.00, -9324.00, 99.89, -99.89, 7.00
10.00, 4, 250.00, 15917.00, -9366.00, 99.89, -99.89, 7.00
10.00, 4, 250.00, 15960.00, -9408.00, 99.89, -99.89, 7.00
10.00, 4, 250.00, 16001.00, -9450.00, 99.89, -99.89, 7.00
10.00, 4, 250.00, 16042.00, -9493.00, 99.89, -99.89, 7.00
10.00, 4, 250.00, 16083.00, -9536.00, 99.89, -99.89, 7.00
10.00, 4, 250.00, 16125.00, -9576.00, 99.89, -99.89, 7.00
10.00, 4, 250.00, 16166.00, -9619.00, 99.89, -99.89, 7.00
10.00, 4, 250.00, 16206.00, -9663.00, 99.89, -99.89, 7.00
10.00, 4, 250.00, 16248.00, -9704.00, 99.89, -99.89, 7.00
10.00, 4, 250.00, 16290.00, -9745.00, 99.89, -99.89, 7.00
10.00, 4, 250.00, 16330.00, -9786.00, 99.89, -99.89, 7.00
10.00, 4, 250.00, 16373.00, -9828.00, 99.89, -99.89, 7.00
10.00, 4, 250.00, 16413.00, -9869.00, 99.89, -99.89, 7.00
10.00, 4, 250.00, 16455.00, -9911.00, 99.89, -99.89, 7.00
10.00, 4, 250.00, 16495.00, -9955.00, 99.89, -99.89, 7.00
10.00, 4, 250.00, 16535.00, -9995.00, 99.89, -99.89, 7.00
10.00, 4, 250.00, 16578.00, -10035.00, 99.89, -99.89, 7.00
10.00, 4, 250.00, 16619.00, -10076.00, 99.89, -99.89, 7.00
10.00, 4, 250.00, 16658.00, -10118.00, 99.89, -99.89, 7.00
10.00, 4, 250.00, 16701.00, -10159.00, 99.89, -99.89, 7.00
10.00, 4, 250.00, 16741.00, -10202.00, 99.89, -99.89, 7.00
10.00, 4, 250.00, 16781.00, -10244.00, 99.89, -99.89, 7.00
10.00, 4, 250.00, 16821.00, -10284.00, 99.89, -99.89, 7.00
10.00, 4, 250.00, 16863.00, -10325.00, 99.89, -99.89, 7.00
10.00, 4, 250.00, 16901.00, -10366.00, 99.89, -99.89, 7.00
10.00, 4, 250.00, 16943.00, -10407.00, 99.89, -99.89, 7.00
10.00, 4, 250.00, 16983.00, -10449.00, 99.89, -99.89, 7.00
10.00, 4, 250.00, 17023.00, -10491.00, 99.89, -99.89, 7.00
10.00, 4, 250.00, 17063.00, -10531.00, 99.89, -99.89, 7.00
10.00, 4, 250.00, 17104.00, -10571.00, 99.89, -99.89, 7.00
10.00, 4, 250.00, 17144.00, -10613.00, 99.89, -99.89, 7.00
10.00, 4, 250.00, 17184.00, -10654.00, 99.89, -99.89, 7.00
10.00, 4, 250.00, 17226.00, -10696.00, 99.89, -99.89, 7.00
10.00, 4, 250.00, 17265.00, -10739.00, 99.89, -99.89, 7.00
10.00, 4, 250.00, 17307.00, -10780.00, 99.89, -99.89, 7.00
10.00, 4, 250.00, 17348.00, -10821.00, 99.89, -99.89, 7.00
10.00, 4, 250.00, 17388.00, -10864.00, 99.89, -99.89, 7.00
10.00, 4, 250.00, 17428.00, -10905.00, 99.89, -99.89, 7.00
10.00, 4, 250.00, 17470.00, -10947.00, 99.89, -99.89, 7.00
10.00, 4, 250.00, 17512.00, -10991.00, 99.89, -99.89, 7.00
10.00, 4, 250.00, 17554.00, -11033.00, 99.89, -99.89, 7.00
10.00, 4, 250.00, 17595.00, -11074.00, 99.89, -99.89, 7.00
10.00, 4, 250.00, 17636.00, -11116.00, 99.89, -99.89, 7.00
10.00, 4, 250.00, 17677.00, -11157.00, 99.89, -99.89, 7.00
10.00, 4, 250.00, 17720.00, -11201.00, 99.89, -99.89, 7.00
10.00, 4, 250.00, 17761.00, -11244.00, 99.89, -99.89, 7.00
10.00, 4, 250.00, 17800.00, -11285.00, 99.89, -99.89, 7.00
10.00, 4, 250.00, 17844.00, -11326.00, 99.89, -99.89, 7.00
10.00, 4, 250.00, 17885.00, -11370.00, 99.89, -99.89, 7.00
10.00, 4, 250.00, 17925.00, -11411.00, 99.89, -99.89, 7.00
10.00, 4, 250.00, 17966.00, -11452.00, 99.89, -99.89, 7.00
10.00, 4, 250.00, 18009.00, -11496.00, 99.89, -99.89, 7.00
10.00, 4, 250.00, 18050.00, -11538.00, 99.89, -99.89, 7.00
10.00, 4, 250.00, 18092.00, -11580.00, 99.89, -99.89, 7.00
10.00, 4, 250.00, 18133.00, -11621.00, 99.89, -99.89, 7.00
10.00, 4, 250.00, 18173.00, -11664.00, 99.89, -99.89, 7.00
10.00, 4, 250.00, 18213.00, -11706.00, 99.89, -99.89, 7.00
10.00, 4, 250.00, 18253.00, -11747.00, 99.89, -99.89, 7.00
10.00, 4, 250.00, 18294.00, -11789.00, 99.89, -99.89, 7.00
10.00, 4, 250.00, 18333.00, -11828.00, 99.89, -99.89, 7.00
10.00, 4, 250.00, 18374.00, -11870.00, 99.89, -99.89, 7.00
10.00, 4, 250.00, 18415.00, -11912.00, 99.89, -99.89, 7.00
10.00, 4, 250.00, 18456.00, -11953.00, 99.89, -99.89, 7.00
10.00, 4, 250.00, 18497.00, -11995.00, 99.89, -99.89, 7.00
10.00, 4, 250.00, 18537.00, -12038.00, 99.89, -99.89, 7.00
10.00, 4, 250.00, 18577.00, -12078.00, 99.89, -99.89, 7.00
10.00, 4, 250.00, 18618.00, -12118.00, 99.89, -99.89, 7.00
10.00, 4, 250.00, 18658.00, -12160.00, 99.89, -99.89, 7.00
10.00, 4, 250.00, 18698.00, -12202.00, 99.89, -99.89, 7.00
10.00, 4, 250.00, 18738.00, -12243.00, 99.89, -99.89, 7.00
10.00, 4, 250.00, 18778.00, -12286.00, 99.89, -99.89, 7.00
10.00, 4, 250.00, 18818.00, -12327.00, 99.89, -99.89, 7.00
10.00, 4, 250.00, 18859.00, -12369.00, 99.89, -99.89, 7.00
10.00, 4, 250.00, 18899.00, -12412.00, 99.89, -99.89, 7.00
10.00, 4, 250.00, 18939.00, -12454.00, 99.89, -99.89, 7.00
10.00, 4, 250.00, 18979.00, -12496.00, 99.89, -99.89, 7.00
10.00, 4, 250.00, 19021.00, -12537.00, 99.89, -99.89, 7.00
10.00, 4, 250.00, 19059.00, -12579.00, 99.89, -99.89, 7.00
10.00, 4, 250.00, 19102.00, -12619.00, 99.89, -99.89, 7.00
10.00, 4, 250.00, 19144.00, -12661.00, 99.89, -99.89, 7.00
10.00, 4, 250.00, 19184.00, -12705.00, 99.89, -99.89, 7.00
10.00, 4, 250.00, 19223.00, -12746.00, 99.89, -99.89, 7.00
10.00, 4, 250.00, 19266.00, -12788.00, 99.89, -99.89, 7.00
10.00, 4, 250.00, 19307.00, -12828.00, 99.89, -99.89, 7.00
10.00, 4, 250.00, 19347.00, -12868.00, 99.89, -99.89, 7.00
10.00, 4, 250.00, 19388.00, -12911.00, 99.89, -99.89, 7.00
10.00, 4, 250.00, 19429.00, -12955.00, 99.89, -99.89, 7.00
10.00, 4, 250.00, 19469.00, -12997.00, 99.89, -99.89, 7.00
10.00, 4, 250.00, 19510.00, -13038.00, 99.89, -99.89, 7.00
10.00, 4, 250.00, 19551.00, -13079.00, 99.89, -99.89, 7.00
10.00, 4, 250.00, 19591.00, -13118.00, 99.89, -99.89, 7.00
10.00, 4, 250.00, 19632.00, -13160.00, 99.89, -99.89, 7.00
10.00, 4, 250.00, 19673.00, -13203.00, 99.89, -99.89, 7.00
10.00, 4, 250.00, 19713.00, -13245.00, 99.89, -99.89, 7.00
10.00, 4, 250.00, 19754.00, -13288.00, 99.89, -99.89, 7.00
10.00, 4, 250.00, 19796.00, -13330.00, 99.89, -99.89, 7.00
10.00, 4, 250.00, 19836.00, -13371.00, 99.89, -99.89, 7.00
10.00, 4, 250.00, 19878.00, -13413.00, 99.89, -99.89, 7.00
10.00, 4, 250.00, 19919.00, -13456.00, 99.89, -99.89, 7.00
10.00, 4, 250.00, 19960.00, -13500.00, 99.89, -99.89, 7.00
10.00, 4, 250.00, 20001.00, -13540.00, 99.89, -99.89, 7.00
10.00, 4, 250.00, 20044.00, -13582.00, 99.89, -99.89, 7.00
10.00, 4, 250.00, 20086.00, -13625.00, 99.89, -99.89, 7.00
10.00, 4, 250.00, 20127.00, -13666.00, 99.89, -99.89, 7.00
10.00, 4, 250.00, 20168.00, -13707.00, 99.89, -99.89, 7.00
10.00, 4, 250.00, 20210.00, -13751.00, 99.89, -99.89, 7.00
10.00, 4, 250.00, 20250.00, -13792.00, 99.89, -99.89, 7.00
10.00, 4, 250.00, 20292.00, -13833.00, 99.89, -99.89, 7.00
10.00, 4, 250.00, 20333.00, -13875.00, 99.89, -99.89, 7.00
10.00, 4, 250.00, 20375.00, -13916.00, 99.89, -99.89, 7.00
10.00, 4, 250.00, 20418.00, -13959.00, 99.89, -99.89, 7.00
10.00, 4, 250.00, 20459.00, -14002.00, 99.89, -99.89, 7.00
10.00, 4, 250.00, 20499.00, -14043.00, 99.89, -99.89, 7.00
10.00, 4, 250.00, 20540.00, -14083.00, 99.89, -99.89, 7.00
10.00, 4, 250.00, 20583.00, -14123.00, 99.89, -99.89, 7.00
10.00, 4, 250.00, 20623.00, -14163.00, 99.89, -99.89, 7.00
10.00, 4, 250.00, 20665.00, -14205.00, 99.89, -99.89, 7.00
10.00, 4, 250.00, 20704.00, -14247.00, 99.89, -99.89, 7.00
10.00, 4, 250.00, 20743.00, -14289.00, 99.89, -99.89, 7.00
10.00, 4, 250.00, 20784.00, -14329.00, 99.89, -99.89, 7.00
10.00, 4, 250.00, 20824.00, -14369.00, 99.89, -99.89, 7.00
10.00, 4, 250.00, 20863.00, -14409.00, 99.89, -99.89, 7.00
10.00, 4, 250.00, 20904.00, -14453.00, 99.89, -99.89, 7.00
10.00, 4, 250.00, 20944.00, -14494.00, 99.89, -99.89, 7.00
10.00, 4, 250.00, 20984.00, -14536.00, 99.89, -99.89, 7.00
10.00, 4, 250.00, 21024.00, -14576.00, 99.89, -99.89, 7.00
10.00, 4, 250.00, 21066.00, -14617.00, 99.89, -99.89, 7.00
10.00, 4, 250.00, 21106.00, -14658.00, 99.89, -99.89, 7.00
10.00, 4, 250.00, 21147.00, -14699.00, 99.89, -99.89, 7.00
10.00, 4, 250.00, 21187.00, -14742.00, 99.89, -99.89, 7.00
10.00, 4, 250.00, 21228.00, -14785.00, 99.89, -99.89, 7.00
10.00, 4, 250.00, 21267.00, -14826.00, 99.89, -99.89, 7.00
10.00, 4, 250.00, 21310.00, -14866.00, 99.89, -99.89, 7.00
10.00, 4, 250.00, 21351.00, -14909.00, 99.89, -99.89, 7.00
10.00, 4, 250.00, 21393.00, -14950.00, 99.89, -99.89, 7.00
10.00, 4, 250.00, 21434.00, -14992.00, 99.89, -99.89, 7.00
10.00, 4, 250.00, 21475.00, -15035.00, 99.89, -99.89, 7.00
10.00, 4, 250.00, 21516.00, -15077.00, 99.89, -99.89, 7.00
10.00, 4, 250.00, 21558.00, -15118.00, 99.89, -99.89, 7.00
10.00, 4, 250.00, 21599.00, -15158.00, 99.89, -99.89, 7.00
10.00, 4, 250.00, 21641.00, -15201.00, 99.89, -99.89, 7.00
10.00, 4, 250.00, 21683.00, -15244.00, 99.89, -99.89, 7.00
10.00, 4, 250.00, 21724.00, -15287.00, 99.89, -99.89, 7.00
10.00, 4, 250.00, 21764.00, -15330.00, 99.89, -99.89, 7.00
10.00, 4, 250.00, 21807.00, -15371.00, 99.89, -99.89, 7.00
10.00, 4, 250.00, 21850.00, -15411.00, 99.89, -99.89, 7.00
10.00, 4, 250.00, 21890.00, -15454.00, 99.89, -99.89, 7.00
10.00, 4, 250.00, 21931.00, -15496.00, 99.89, -99.89, 7.00
10.00, 4, 250.00, 21973.00, -15538.00, 99.89, -99.89, 7.00
10.00, 4, 250.00, 22013.00, -15580.00, 99.89, -99.89, 7.00
10.00, 4, 250.00, 22053.00, -15621.00, 99.89, -99.89, 7.00
10.00, 4, 250.00, 22095.00, -15662.00, 99.89, -99.89, 7.00
10.00, 4, 250.00, 22136.00, -15703.00, 99.89, -99.89, 7.00
10.00, 4, 250.00, 22177.00, -15745.00, 99.89, -99.89, 7.00
10.00, 4, 250.00, 22218.00, -15788.00, 99.89, -99.89, 7.00
10.00, 4, 250.00, 22259.00, -15831.00, 99.89, -99.89, 7.00
10.00, 4, 250.00, 22298.00, -15872.00, 99.89, -99.89, 7.00
10.00, 4, 250.00, 22340.00, -15913.00, 99.89, -99.89, 7.00
10.00, 4, 250.00, 22382.00, -15953.00, 99.89, -99.89, 7.00
10.00, 4, 250.00, 22422.00, -15995.00, 99.89, -99.89, 7.00
10.00, 4, 250.00, 22462.00, -16038.00, 99.89, -99.89, 7.00
10.00, 4, 250.00, 22503.00, -16080.00, 99.89, -99.89, 7.00
10.00, 4, 250.00, 22543.00, -16121.00, 99.89, -99.89, 7.00
10.00, 4, 250.00, 22585.00, -16162.00, 99.89, -99.89, 7.00
10.00, 4, 250.00, 22626.00, -16203.00, 99.89, -99.89, 7.00
10.00, 4, 250.00, 22667.00, -16246.00, 99.89, -99.89, 7.00
10.00, 4, 250.00, 22707.00, -16288.00, 99.89, -99.89, 7.00
10.00, 4, 250.00, 22747.00, -16331.00, 99.89, -99.89, 7.00
10.00, 4, 250.00, 22788.00, -16374.00, 99.89, -99.89, 7.00
10.00, 4, 250.00, 22828.00, -16413.00, 99.89, -99.89, 7.00
10.00, 4, 250.00, 22869.00, -16453.00, 99.89, -99.89, 7.00
10.00, 4, 250.00, 22911.00, -16497.00, 99.89, -99.89, 7.00
10.00, 4, 250.00, 22952.00, -16538.00, 99.89, -99.89, 7.00
10.00, 4, 250.00, 22991.00, -16580.00, 99.89, -99.89, 7.00
10.00, 4, 250.00, 23030.00, -16623.00, 99.89, -99.89, 7.00
10.00, 4, 250.00, 23071.00, -16662.00, 99.89, -99.89, 7.00
10.00, 4, 250.00, 23113.00, -16701.00, 99.89, -99.89, 7.00
10.00, 4, 250.00, 23153.00, -16744.00, 99.89, -99.89, 7.00
10.00, 4, 250.00, 23194.00, -16786.00, 99.89, -99.89, 7.00
10.00, 4, 250.00, 23235.00, -16830.00, 99.89, -99.89, 7.00
10.00, 4, 250.00, 23276.00, -16872.00, 99.89, -99.89, 7.00
10.00, 4, 250.00, 23314.00, -16910.00, 99.89, -99.89, 7.00
10.00, 4, 250.00, 23357.00, -16948.00, 99.89, -99.89, 7.00
10.00, 4, 250.00, 23397.00, -16991.00, 99.89, -99.89, 7.00
10.00, 4, 250.00, 23438.00, -17034.00, 99.89, -99.89, 7.00
10.00, 4, 250.00, 23478.00, -17077.00, 99.89, -99.89, 7.00
10.00, 4, 250.00, 23518.00, -17118.00, 99.89, -99.89, 7.00
10.00, 4, 250.00, 23558.00, -17161.00, 99.89, -99.89, 7.00
10.00, 4, 250.00, 23600.00, -17201.00, 99.89, -99.89, 7.00
10.00, 4, 250.00, 23643.00, -17242.00, 99.89, -99.89, 7.00
10.00, 4, 250.00, 23683.00, -17287.00, 99.89, -99.89, 7.00
10.00, 4, 250.00, 23725.00, -17329.00, 99.89, -99.89, 7.00
10.00, 4, 250.00, 23766.00, -17370.00, 99.89, -99.89, 7.00
10.00, 4, 250.00, 23807.00, -17413.00, 99.89, -99.89, 7.00
10.00, 4, 250.00, 23848.00, -17455.00, 99.89, -99.89, 7.00
10.00, 4, 250.00, 23891.00, -17496.00, 99.89, -99.89, 7.00
10.00, 4, 250.00, 23932.00, -17540.00, 99.89, -99.89, 7.00
10.00, 4, 250.00, 23973.00, -17583.00, 99.89, -99.89, 7.00
10.00, 4, 250.00, 24015.00, -17626.00, 99.89, -99.89, 7.00
10.00, 4, 250.00, 24057.00, -17667.00, 99.89, -99.89, 7.00
10.00, 4, 250.00, 24098.00, -17708.00, 99.89, -99.89, 7.00
10.00, 4, 250.00, 24141.00, -17751.00, 99.89, -99.89, 7.00
10.00, 4, 250.00, 24185.00, -17793.00, 99.89, -99.89, 7.00
10.00, 4, 250.00, 24225.00, -17835.00, 99.89, -99.89, 7.00
10.00, 4, 250.00, 24266.00, -17877.00, 99.89, -99.89, 7.00
10.00, 4, 250.00, 24308.00, -17918.00, 99.89, -99.89, 7.00
10.00, 4, 250.00, 24348.00, -17959.00, 99.89, -99.89, 7.00
10.00, 4, 250.00, 24391.00, -18000.00, 99.89, -99.89, 7.00
10.00, 4, 250.00, 24434.00, -18042.00, 99.89, -99.89, 7.00
10.00, 4, 250.00, 24473.00, -18084.00, 99.89, -99.89, 7.00
10.00, 4, 250.00, 24514.00, -18126.00, 99.89, -99.89, 7.00
10.00, 4, 250.00, 24555.00, -18167.00, 99.89, -99.89, 7.00
10.00, 4, 250.00, 24594.00, -18207.00, 99.89, -99.89, 7.00
10.00, 4, 250.00, 24636.00, -18245.00, 99.89, -99.89, 7.00
10.00, 4, 250.00, 24677.00, -18289.00, 99.89, -99.89, 7.00
10.00, 4, 250.00, 24717.00, -18330.00, 99.89, -99.89, 7.00
10.00, 4, 250.00, 24758.00, -18371.00, 99.89, -99.89, 7.00
10.00, 4, 250.00, 24798.00, -18414.00, 99.89, -99.89, 7.00
10.00, 4, 250.00, 24838.00, -18454.00, 99.89, -99.89, 7.00
10.00, 4, 250.00, 24879.00, -18492.00, 99.89, -99.89, 7.00
10.00, 4, 250.00, 24921.00, -18535.00, 99.89, -99.89, 7.00
10.00, 4, 250.00, 24960.00, -18579.00, 99.89, -99.89, 7.00
10.00, 4, 250.00, 24999.00, -18620.00, 99.89, -99.89, 7.00
10.00, 4, 250.00, 25040.00, -18663.00, 99.89, -99.89, 7.00
10.00, 4, 250.00, 25080.00, -18705.00, 99.89, -99.89, 7.00
10.00, 4, 250.00, 25121.00, -18742.00, 99.89, -99.89, 7.00
10.00, 4, 250.00, 25165.00, -18782.00, 99.89, -99.89, 7.00
10.00, 4, 250.00, 25204.00, -18826.00, 99.89, -99.89, 7.00
10.00, 4, 250.00, 25245.00, -18869.00, 99.89, -99.89, 7.00
10.00, 4, 250.00, 25287.00, -18911.00, 99.89, -99.89, 7.00
10.00, 4, 250.00, 25328.00, -18952.00, 99.89, -99.89, 7.00
10.00, 4, 250.00, 25366.00, -18992.00, 99.89, -99.89, 7.00
10.00, 4, 250.00, 25410.00, -19034.00, 99.89, -99.89, 7.00
10.00, 4, 250.00, 25451.00, -19077.00, 99.89, -99.89, 7.00
10.00, 4, 250.00, 25492.00, -19119.00, 99.89, -99.89, 7.00
10.00, 4, 250.00, 25533.00, -19162.00, 99.89, -99.89, 7.00
10.00, 4, 250.00, 25573.00, -19204.00, 99.89, -99.89, 7.00
10.00, 4, 250.00, 25614.00, -19243.00, 99.89, -99.89, 7.00
10.00, 4, 250.00, 25657.00, -19285.00, 99.89, -99.89, 7.00
10.00, 4, 250.00, 25699.00, -19328.00, 99.89, -99.89, 7.00
10.00, 4, 250.00, 25739.00, -19371.00, 99.89, -99.89, 7.00
10.00, 4, 250.00, 25780.00, -19412.00, 99.89, -99.89, 7.00
10.00, 4, 250.00, 25821.00, -19453.00, 99.89, -99.89, 7.00
10.00, 4, 250.00, 25861.00, -19494.00, 99.89, -99.89, 7.00
10.00, 4, 250.00, 25903.00, -19535.00, 99.89, -99.89, 7.00
10.00, 4, 250.00, 25945.00, -19577.00, 99.89, -99.89, 7.00
10.00, 4, 250.00, 25984.00, -19620.00, 99.89, -99.89, 7.00
10.00, 4, 250.00, 26025.00, -19663.00, 99.89, -99.89, 7.00
10.00, 4, 250.00, 26066.00, -19705.00, 99.89, -99.89, 7.00
10.00, 4, 250.00, 26107.00, -19746.00, 99.89, -99.89, 7.00
10.00, 4, 250.00, 26149.00, -19786.00, 99.89, -99.89, 7.00
10.00, 4, 250.00, 26191.00, -19829.00, 99.89, -99.89, 7.00
10.00, 4, 250.00, 26233.00, -19871.00, 99.89, -99.89, 7.00
10.00, 4, 250.00, 26273.00, -19914.00, 99.89, -99.89, 7.00
10.00, 4, 250.00, 26314.00, -19956.00, 99.89, -99.89, 7.00
10.00, 4, 250.00, 26355.00, -19998.00, 99.89, -99.89, 7.00
10.00, 4, 250.00, 26394.00, -20038.00, 99.89, -99.89, 7.00
10.00, 4, 250.00, 26436.00, -20081.00, 99.89, -99.89, 7.00
10.00, 4, 250.00, 26477.00, -20125.00, 99.89, -99.89, 7.00
10.00, 4, 250.00, 26516.00, -20167.00, 99.89, -99.89, 7.00
10.00, 4, 250.00, 26558.00, -20208.00, 99.89, -99.89, 7.00
10.00, 4, 250.00, 26600.00, -20250.00, 99.89, -99.89, 7.00
10.00, 4, 250.00, 26641.00, -20290.00, 99.89, -99.89, 7.00
10.00, 4, 250.00, 26683.00, -20330.00, 99.89, -99.89, 7.00
10.00, 4, 250.00, 26723.00, -20372.00, 99.89, -99.89, 7.00
10.00, 4, 250.00, 26762.00, -20416.00, 99.89, -99.89, 7.00
10.00, 4, 250.00, 26804.00, -20459.00, 99.89, -99.89, 7.00
10.00, 4, 250.00, 26843.00, -20499.00, 99.89, -99.89, 7.00
10.00, 4, 250.00, 26884.00, -20539.00, 99.89, -99.89, 7.00
10.00, 4, 250.00, 26926.00, -20580.00, 99.89, -99.89, 7.00
10.00, 4, 250.00, 26967.00, -20622.00, 99.89, -99.89, 7.00
10.00, 4, 250.00, 27005.00, -20664.00, 99.89, -99.89, 7.00
10.00, 4, 250.00, 27046.00, -20707.00, 99.89, -99.89, 7.00
10.00, 4, 250.00, 27087.00, -20749.00, 99.89, -99.89, 7.00
10.00, 4, 250.00, 27125.00, -20788.00, 99.89, -99.89, 7.00
10.00, 4, 250.00, 27165.00, -20826.00, 99.89, -99.89, 7.00
10.00, 4, 250.00, 27206.00, -20867.00, 99.89, -99.89, 7.00
10.00, 4, 250.00, 27245.00, -20910.00, 99.89, -99.89, 7.00
10.00, 4, 250.00, 27285.00, -20952.00, 99.89, -99.89, 7.00
10.00, 4, 250.00, 27325.00, -20994.00, 99.89, -99.89, 7.00
10.00, 4, 250.00, 27366.00, -21034.00, 99.89, -99.89, 7.00
10.00, 4, 250.00, 27407.00, -21076.00, 99.89, -99.89, 7.00
10.00, 4, 250.00, 27448.00, -21118.00, 99.89, -99.89, 7.00
10.00, 4, 250.00, 27488.00, -21160.00, 99.89, -99.89, 7.00
10.00, 4, 250.00, 27529.00, -21203.00, 99.89, -99.89, 7.00
10.00, 4, 250.00, 27570.00, -21245.00, 99.89, -99.89, 7.00
10.00, 4, 250.00, 27611.00, -21287.00, 99.89, -99.89, 7.00
10.00, 4, 250.00, 27651.00, -21327.00, 99.89, -99.89, 7.00
10.00, 4, 250.00, 27693.00, -21369.00, 99.89, -99.89, 7.00
10.00, 4, 250.00, 27735.00, -21413.00, 99.89, -99.89, 7.00
10.00, 4, 250.00, 27776.00, -21455.00, 99.89, -99.89, 7.00
10.00, 4, 250.00, 27818.00, -21497.00, 99.89, -99.89, 7.00
10.00, 4, 250.00, 27860.00, -21540.00, 99.89, -99.89, 7.00
10.00, 4, 250.00, 27901.00, -21582.00, 99.89, -99.89, 7.00
10.00, 4, 250.00, 27942.00, -21623.00, 99.89, -99.89, 7.00
10.00, 4, 250.00, 27984.00, -21666.00, 99.89, -99.89, 7.00
10.00, 4, 250.00, 28024.00, -21708.00, 99.89, -99.89, 7.00
10.00, 4, 250.00, 28067.00, -21749.00, 99.89, -99.89, 7.00
10.00, 4, 250.00, 28108.00, -21791.00, 99.89, -99.89, 7.00
10.00, 4, 250.00, 28151.00, -21834.00, 99.89, -99.89, 7.00
10.00, 4, 250.00, 28192.00, -21874.00, 99.89, -99.89, 7.00
10.00, 4, 250.00, 28234.00, -21916.00, 99.89, -99.89, 7.00
10.00, 4, 250.00, 28275.00, -21958.00, 99.89, -99.89, 7.00
10.00, 4, 250.00, 28315.00, -21999.00, 99.89, -99.89, 7.00
10.00, 4, 250.00, 28356.00, -22040.00, 99.89, -99.89, 7.00
10.00, 4, 250.00, 28396.00, -22082.00, 99.89, -99.89, 7.00
10.00, 4, 250.00, 28437.00, -22122.00, 99.89, -99.89, 7.00
10.00, 4, 250.00, 28478.00, -22163.00, 99.89, -99.89, 7.00
10.00, 4, 250.00, 28519.00, -22206.00, 99.89, -99.89, 7.00
10.00, 4, 250.00, 28559.00, -22249.00, 99.89, -99.89, 7.00
10.00, 4, 250.00, 28600.00, -22289.00, 99.89, -99.89, 7.00
10.00, 4, 250.00, 28642.00, -22328.00, 99.89, -99.89, 7.00
10.00, 4, 250.00, 28683.00, -22371.00, 99.89, -99.89, 7.00
10.00, 4, 250.00, 28723.00, -22411.00, 99.89, -99.89, 7.00
10.00, 4, 250.00, 28763.00, -22454.00, 99.89, -99.89, 7.00
10.00, 4, 250.00, 28804.00, -22497.00, 99.89, -99.89, 7.00
10.00, 4, 250.00, 28846.00, -22538.00, 99.89, -99.89, 7.00
10.00, 4, 250.00, 28886.00, -22578.00, 99.89, -99.89, 7.00
10.00, 4, 250.00, 28926.00, -22618.00, 99.89, -99.89, 7.00
10.00, 4, 250.00, 28966.00, -22660.00, 99.89, -99.89, 7.00
10.00, 4, 250.00, 29008.00, -22701.00, 99.89, -99.89, 7.00
10.00, 4, 250.00, 29048.00, -22743.00, 99.89, -99.89, 7.00
10.00, 4, 250.00, 29088.00, -22785.00, 99.89, -99.89, 7.00
10.00, 4, 250.00, 29129.00, -22826.00, 99.89, -99.89, 7.00
10.00, 4, 250.00, 29169.00, -22865.00, 99.89, -99.89, 7.00
10.00, 4, 250.00, 29209.00, -22907.00, 99.89, -99.89, 7.00
10.00, 4, 250.00, 29252.00, -22950.00, 99.89, -99.89, 7.00
10.00, 4, 250.00, 29292.00, -22993.00, 99.89, -99.89, 7.00
10.00, 4, 250.00, 29333.00, -23035.00, 99.89, -99.89, 7.00
10.00, 4, 250.00, 29374.00, -23075.00, 99.89, -99.89, 7.00
10.00, 4, 250.00, 29416.00, -23116.00, 99.89, -99.89, 7.00
10.00, 4, 250.00, 29456.00, -23157.00, 99.89, -99.89, 7.00
10.00, 4, 250.00, 29497.00, -23198.00, 99.89, -99.89, 7.00
10.00, 4, 250.00, 29538.00, -23240.00, 99.89, -99.89, 7.00
10.00, 4, 250.00, 29579.00, -23283.00, 99.89, -99.89, 7.00
10.00, 4, 250.00, 29620.00, -23324.00, 99.89, -99.89, 7.00
10.00, 4, 250.00, 29660.00, -23363.00, 99.89, -99.89, 7.00
10.00, 4, 250.00, 29699.00, -23405.00, 99.89, -99.89, 7.00
10.00, 4, 250.00, 29740.00, -23448.00, 99.89, -99.89, 7.00
10.00, 4, 250.00, 29782.00, -23492.00, 99.89, -99.89, 7.00
10.00, 4, 250.00, 29822.00, -23533.00, 99.89, -99.89, 7.00
10.00, 4, 250.00, 29862.00, -23573.00, 99.89, -99.89, 7.00
10.00, 4, 250.00, 29904.00, -23615.00, 99.89, -99.89, 7.00
10.00, 4, 250.00, 29945.00, -23657.00, 99.89, -99.89, 7.00
10.00, 4, 250.00, 29988.00, -23697.00, 99.89, -99.89, 7.00
10.00, 4, 250.00, 30029.00, -23739.00, 99.89, -99.89, 7.00
10.00, 4, 250.00, 30069.00, -23783.00, 99.89, -99.89, 7.00
10.00, 4, 250.00, 30111.00, -23826.00, 99.89, -99.89, 7.00
10.00, 4, 250.00, 30152.00, -23867.00, 99.89, -99.89, 7.00
10.00, 4, 250.00, 30193.00, -23909.00, 99.89, -99.89, 7.00
10.00, 4, 250.00, 30232.00, -23952.00, 99.89, -99.89, 7.00
10.00, 4, 250.00, 30274.00, -23994.00, 99.89, -99.89, 7.00
10.00, 4, 250.00, 30316.00, -24035.00, 99.89, -99.89, 7.00
10.00, 4, 250.00, 30357.00, -24078.00, 99.89, -99.89, 7.00
10.00, 4, 250.00, 30399.00, -24119.00, 99.89, -99.89, 7.00
10.00, 4, 250.00, 30441.00, -24160.00, 99.89, -99.89, 7.00
10.00, 4, 250.00, 30481.00, -24203.00, 99.89, -99.89, 7.00
10.00, 4, 250.00, 30522.00, -24244.00, 99.89, -99.89, 7.00
10.00, 4, 250.00, 30565.00, -24287.00, 99.89, -99.89, 7.00
10.00, 4, 250.00, 30604.00, -24328.00, 99.89, -99.89, 7.00
10.00, 4, 250.00, 30645.00, -24368.00, 99.89, -99.89, 7.00
10.00, 4, 250.00, 30686.00, -24410.00, 99.89, -99.89, 7.00
10.00, 4, 250.00, 30727.00, -24451.00, 99.89, -99.89, 7.00
10.00, 4, 250.00, 30769.00, -24491.00, 99.89, -99.89, 7.00
10.00, 4, 250.00, 30809.00, -24531.00, 99.89, -99.89, 7.00
10.00, 4, 250.00, 30850.00, -24574.00, 99.89, -99.89, 7.00
10.00, 4, 250.00, 30890.00, -24614.00, 99.89, -99.89, 7.00
10.00, 4, 250.00, 30930.00, -24654.00, 99.89, -99.89, 7.00
10.00, 4, 250.00, 30970.00, -24697.00, 99.89, -99.89, 7.00
10.00, 4, 250.00, 31010.00, -24738.00, 99.89, -99.89, 7.00
10.00, 4, 250.00, 31050.00, -24779.00, 99.89, -99.89, 7.00
10.00, 4, 250.00, 31090.00, -24821.00, 99.89, -99.89, 7.00
10.00, 4, 250.00, 31130.00, -24862.00, 99.89, -99.89, 7.00
10.00, 4, 250.00, 31171.00, -24903.00, 99.89, -99.89, 7.00
10.00, 4, 250.00, 31211.00, -24944.00, 99.89, -99.89, 7.00
10.00, 4, 250.00, 31250.00, -24985.00, 99.89, -99.89, 7.00
10.00, 4, 250.00, 31291.00, -25027.00, 99.89, -99.89, 7.00
10.00, 4, 250.00, 31331.00, -25070.00, 99.89, -99.89, 7.00
10.00, 4, 250.00, 31372.00, -25111.00, 99.89, -99.89, 7.00
10.00, 4, 250.00, 31413.00, -25152.00, 99.89, -99.89, 7.00
10.00, 4, 250.00, 31454.00, -25194.00, 99.89, -99.89, 7.00
10.00, 4, 250.00, 31494.00, -25237.00, 99.89, -99.89, 7.00
10.00, 4, 250.00, 31536.00, -25278.00, 99.89, -99.89, 7.00
10.00, 4, 250.00, 31577.00, -25322.00, 99.89, -99.89, 7.00
10.00, 4, 250.00, 31618.00, -25365.00, 99.89, -99.89, 7.00
10.00, 4, 250.00, 31659.00, -25405.00, 99.89, -99.89, 7.00
10.00, 4, 250.00, 31701.00, -25447.00, 99.89, -99.89, 7.00
10.00, 4, 250.00, 31741.00, -25489.00, 99.89, -99.89, 7.00
10.00, 4, 250.00, 31781.00, -25531.00, 99.89, -99.89, 7.00
10.00, 4, 250.00, 31825.00, -25574.00, 99.89, -99.89, 7.00
10.00, 4, 250.00, 31866.00, -25616.00, 99.89, -99.89, 7.00
10.00, 4, 250.00, 31908.00, -25657.00, 99.89, -99.89, 7.00
10.00, 4, 250.00, 31950.00, -25699.00, 99.89, -99.89, 7.00
10.00, 4, 250.00, 31991.00, -25741.00, 99.89, -99.89, 7.00
10.00, 4, 250.00, 32032.00, -25782.00, 99.89, -99.89, 7.00
10.00, 4, 250.00, 32074.00, -25824.00, 99.89, -99.89, 7.00
10.00, 4, 250.00, 32115.00, -25866.00, 99.89, -99.89, 7.00
10.00, 4, 250.00, 32155.00, -25908.00, 99.89, -99.89, 7.00
10.00, 4, 250.00, 32197.00, -25948.00, 99.89, -99.89, 7.00
10.00, 4, 250.00, 32237.00, -25989.00, 99.89, -99.89, 7.00
10.00, 4, 250.00, 32277.00, -26032.00, 99.89, -99.89, 7.00
10.00, 4, 250.00, 32319.00, -26073.00, 99.89, -99.89, 7.00
10.00, 4, 250.00, 32360.00, -26114.00, 99.89, -99.89, 7.00
10.00, 4, 250.00, 32400.00, -26156.00, 99.89, -99.89, 7.00
10.00, 4, 250.00, 32442.00, -26197.00, 99.89, -99.89, 7.00
10.00, 4, 250.00, 32484.00, -26239.00, 99.89, -99.89, 7.00
10.00, 4, 250.00, 32524.00, -26282.00, 99.89, -99.89, 7.00
10.00, 4, 250.00, 32564.00, -26324.00, 99.89, -99.89, 7.00
10.00, 4, 250.00, 32606.00, -26365.00, 99.89, -99.89, 7.00
10.00, 4, 250.00, 32646.00, -26405.00, 99.89, -99.89, 7.00
10.00, 4, 250.00, 32688.00, -26444.00, 99.89, -99.89, 7.00
10.00, 4, 250.00, 32731.00, -26488.00, 99.89, -99.89, 7.00
10.00, 4, 250.00, 32771.00, -26529.00, 99.89, -99.89, 7.00
10.00, 4, 250.00, 32811.00, -26568.00, 99.89, -99.89, 7.00
10.00, 4, 250.00, 32853.00, -26612.00, 99.89, -99.89, 7.00
10.00, 4, 250.00, 32895.00, -26652.00, 99.89, -99.89, 7.00
10.00, 4, 250.00, 32937.00, -26691.00, 99.89, -99.89, 7.00
10.00, 4, 250.00, 32978.00, -26734.00, 99.89, -99.89, 7.00
10.00, 4, 250.00, 33017.00, -26776.00, 99.89, -99.89, 7.00
10.00, 4, 250.00, 33056.00, -26818.00, 99.89, -99.89, 7.00
10.00, 4, 250.00, 33100.00, -26859.00, 99.89, -99.89, 7.00
10.00, 4, 250.00, 33139.00, -26900.00, 99.89, -99.89, 7.00
10.00, 4, 250.00, 33180.00, -26940.00, 99.89, -99.89, 7.00
10.00, 4, 250.00, 33221.00, -26981.00, 99.89, -99.89, 7.00
10.00, 4, 250.00, 33261.00, -27023.00, 99.89, -99.89, 7.00
10.00, 4, 250.00, 33301.00, -27064.00, 99.89, -99.89, 7.00
10.00, 4, 250.00, 33344.00, -27105.00, 99.89, -99.89, 7.00
10.00, 4, 250.00, 33384.00, -27146.00, 99.89, -99.89, 7.00
10.00, 4, 250.00, 33424.00, -27187.00, 99.89, -99.89, 7.00
10.00, 4, 250.00, 33466.00, -27228.00, 99.89, -99.89, 7.00
10.00, 4, 250.00, 33505.00, -27272.00, 99.89, -99.89, 7.00
10.00, 4, 250.00, 33543.00, -27314.00, 99.89, -99.89, 7.00
10.00, 4, 250.00, 33585.00, -27354.00, 99.89, -99.89, 7.00
10.00, 4, 250.00, 33625.00, -27397.00, 99.89, -99.89, 7.00
10.00, 4, 250.00, 33664.00, -27437.00, 99.89, -99.89, 7.00
10.00, 4, 250.00, 33706.00, -27478.00, 99.89, -99.89, 7.00
10.00, 4, 250.00, 33747.00, -27520.00, 99.89, -99.89, 7.00
10.00, 4, 250.00, 33786.00, -27563.00, 99.89, -99.89, 7.00
10.00, 4, 250.00, 33828.00, -27605.00, 99.89, -99.89, 7.00
10.00, 4, 250.00, 33870.00, -27647.00, 99.89, -99.89, 7.00
10.00, 4, 250.00, 33911.00, -27688.00, 99.89, -99.89, 7.00
10.00, 4, 250.00, 33952.00, -27730.00, 99.89, -99.89, 7.00
10.00, 4, 250.00, 33993.00, -27774.00, 99.89, -99.89, 7.00
10.00, 4, 250.00, 34034.00, -27816.00, 99.89, -99.89, 7.00
10.00, 4, 250.00, 34074.00, -27857.00, 99.89, -99.89, 7.00
10.00, 4, 250.00, 34117.00, -27900.00, 99.89, -99.89, 7.00
10.00, 4, 250.00, 34158.00, -27942.00, 99.89, -99.89, 7.00
10.00, 4, 250.00, 34200.00, -27983.00, 99.89, -99.89, 7.00
10.00, 4, 250.00, 34243.00, -28025.00, 99.89, -99.89, 7.00
10.00, 4, 250.00, 34283.00, -28068.00, 99.89, -99.89, 7.00
10.00, 4, 250.00, 34322.00, -28109.00, 99.89, -99.89, 7.00
10.00, 4, 250.00, 34365.00, -28151.00, 99.89, -99.89, 7.00
10.00, 4, 250.00, 34407.00, -28194.00, 99.89, -99.89, 7.00
10.00, 4, 250.00, 34449.00, -28235.00, 99.89, -99.89, 7.00
10.00, 4, 250.00, 34490.00, -28276.00, 99.89, -99.89, 7.00
10.00, 4, 250.00, 34531.00, -28318.00, 99.89, -99.89, 7.00
10.00, 4, 250.00, 34570.00, -28358.00, 99.89, -99.89, 7.00
10.00, 4, 250.00, 34612.00, -28398.00, 99.89, -99.89, 7.00
10.00, 4, 250.00, 34654.00, -28440.00, 99.89, -99.89, 7.00
10.00, 4, 250.00, 34694.00, -28479.00, 99.89, -99.89, 7.00
10.00, 4, 250.00, 34735.00, -28521.00, 99.89, -99.89, 7.00
10.00, 4, 250.00, 34774.00, -28563.00, 99.89, -99.89, 7.00
10.00, 4, 250.00, 34815.00, -28605.00, 99.89, -99.89, 7.00
10.00, 4, 250.00, 34855.00, -28647.00, 99.89, -99.89, 7.00
10.00, 4, 250.00, 34896.00, -28687.00, 99.89, -99.89, 7.00
10.00, 4, 250.00, 34936.00, -28729.00, 99.89, -99.89, 7.00
10.00, 4, 250.00, 34977.00, -28771.00, 99.89, -99.89, 7.00
10.00, 4, 250.00, 35018.00, -28812.00, 99.89, -99.89, 7.00
10.00, 4, 250.00, 35058.00, -28854.00, 99.89, -99.89, 7.00
10.00, 4, 250.00, 35097.00, -28897.00, 99.89, -99.89, 7.00
10.00, 4, 250.00, 35139.00, -28937.00, 99.89, -99.89, 7.00
10.00, 4, 250.00, 35179.00, -28978.00, 99.89, -99.89, 7.00
10.00, 4, 250.00, 35220.00, -29020.00, 99.89, -99.89, 7.00
10.00, 4, 250.00, 35260.00, -29061.00, 99.89, -99.89, 7.00
10.00, 4, 250.00, 35300.00, -29104.00, 99.89, -99.89, 7.00
10.00, 4, 250.00, 35339.00, -29146.00, 99.89, -99.89, 7.00
10.00, 4, 250.00, 35379.00, -29188.00, 99.89, -99.89, 7.00
10.00, 4, 250.00, 35421.00, -29229.00, 99.89, -99.89, 7.00
10.00, 4, 250.00, 35461.00, -29270.00, 99.89, -99.89, 7.00
10.00, 4, 250.00, 35503.00, -29313.00, 99.89, -99.89, 7.00
10.00, 4, 250.00, 35543.00, -29356.00, 99.89, -99.89, 7.00
10.00, 4, 250.00, 35583.00, -29397.00, 99.89, -99.89, 7.00
10.00, 4, 250.00, 35625.00, -29439.00, 99.89, -99.89, 7.00
10.00, 4, 250.00, 35667.00, -29480.00, 99.89, -99.89, 7.00
10.00, 4, 250.00, 35709.00, -29521.00, 99.89, -99.89, 7.00
10.00, 4, 250.00, 35750.00, -29562.00, 99.89, -99.89, 7.00
10.00, 4, 250.00, 35791.00, -29605.00, 99.89, -99.89, 7.00
10.00, 4, 250.00, 35831.00, -29646.00, 99.89, -99.89, 7.00
10.00, 4, 250.00, 35872.00, -29689.00, 99.89, -99.89, 7.00
10.00, 4, 250.00, 35914.00, -29731.00, 99.89, -99.89, 7.00
10.00, 4, 250.00, 35955.00, -29771.00, 99.89, -99.89, 7.00
10.00, 4, 250.00, 35996.00, -29814.00, 99.89, -99.89, 7.00
10.00, 4, 250.00, 36037.00, -29857.00, 99.89, -99.89, 7.00
10.00, 4, 250.00, 36077.00, -29899.00, 99.89, -99.89, 7.00
10.00, 4, 250.00, 36117.00, -29940.00, 99.89, -99.89, 7.00
10.00, 4, 250.00, 36158.00, -29983.00, 99.89, -99.89, 7.00
10.00, 4, 250.00, 36199.00, -30025.00, 99.89, -99.89, 7.00
10.00, 4, 250.00, 36239.00, -30065.00, 99.89, -99.89, 7.00
10.00, 4, 250.00, 36282.00, -30108.00, 99.89, -99.89, 7.00
10.00, 4, 250.00, 36322.00, -30153.00, 99.89, -99.89, 7.00
10.00, 4, 250.00, 36363.00, -30193.00, 99.89, -99.89, 7.00
10.00, 4, 250.00, 36404.00, -30233.00, 99.89, -99.89, 7.00
10.00, 4, 250.00, 36446.00, -30274.00, 99.89, -99.89, 7.00
10.00, 4, 250.00, 36489.00, -30317.00, 99.89, -99.89, 7.00
10.00, 4, 250.00, 36528.00, -30358.00, 99.89, -99.89, 7.00
10.00, 4, 250.00, 36570.00, -30401.00, 99.89, -99.89, 7.00
10.00, 4, 250.00, 36611.00, -30442.00, 99.89, -99.89, 7.00
10.00, 4, 250.00, 36652.00, -30483.00, 99.89, -99.89, 7.00
10.00, 4, 250.00, 36694.00, -30522.00, 99.89, -99.89, 7.00
10.00, 4, 250.00, 36737.00, -30565.00, 99.89, -99.89, 7.00
10.00, 4, 250.00, 36778.00, -30607.00, 99.89, -99.89, 7.00
10.00, 4, 250.00, 36818.00, -30649.00, 99.89, -99.89, 7.00
10.00, 4, 250.00, 36860.00, -30691.00, 99.89, -99.89, 7.00
10.00, 4, 250.00, 36898.00, -30731.00, 99.89, -99.89, 7.00
10.00, 4, 250.00, 36941.00, -30770.00, 99.89, -99.89, 7.00
10.00, 4, 250.00, 36984.00, -30812.00, 99.89, -99.89, 7.00
10.00, 4, 250.00, 37023.00, -30853.00, 99.89, -99.89, 7.00
10.00, 4, 250.00, 37065.00, -30895.00, 99.89, -99.89, 7.00
10.00, 4, 250.00, 37105.00, -30936.00, 99.89, -99.89, 7.00
10.00, 4, 250.00, 37144.00, -30978.00, 99.89, -99.89, 7.00
10.00, 4, 250.00, 37187.00, -31017.00, 99.89, -99.89, 7.00
10.00, 4, 250.00, 37226.00, -31057.00, 99.89, -99.89, 7.00
10.00, 4, 250.00, 37266.00, -31100.00, 99.89, -99.89, 7.00
10.00, 4, 250.00, 37306.00, -31143.00, 99.89, -99.89, 7.00
10.00, 4, 250.00, 37344.00, -31186.00, 99.89, -99.89, 7.00
10.00, 4, 250.00, 37383.00, -31227.00, 99.89, -99.89, 7.00
10.00, 4, 250.00, 37425.00, -31268.00, 99.89, -99.89, 7.00
10.00, 4, 250.00, 37466.00, -31309.00, 99.89, -99.89, 7.00
10.00, 4, 250.00, 37505.00, -31350.00, 99.89, -99.89, 7.00
10.00, 4, 250.00, 37546.00, -31392.00, 99.89, -99.89, 7.00
10.00, 4, 250.00, 37587.00, -31435.00, 99.89, -99.89, 7.00
10.00, 4, 250.00, 37627.00, -31478.00, 99.89, -99.89, 7.00
10.00, 4, 250.00, 37666.00, -31518.00, 99.89, -99.89, 7.00
10.00, 4, 250.00, 37709.00, -31560.00, 99.89, -99.89, 7.00
10.00, 4, 250.00, 37749.00, -31603.00, 99.89, -99.89, 7.00
10.00, 4, 250.00, 37789.00, -31645.00, 99.89, -99.89, 7.00
10.00, 4, 250.00, 37830.00, -31688.00, 99.89, -99.89, 7.00
10.00, 4, 250.00, 37870.00, -31729.00, 99.89, -99.89, 7.00
10.00, 4, 250.00, 37911.00, -31771.00, 99.89, -99.89, 7.00
10.00, 4, 250.00, 37953.00, -31811.00, 99.89, -99.89, 7.00
10.00, 4, 250.00, 37996.00, -31855.00, 99.89, -99.89, 7.00
10.00, 4, 250.00, 38037.00, -31897.00, 99.89, -99.89, 7.00
10.00, 4, 250.00, 38078.00, -31938.00, 99.89, -99.89, 7.00
10.00, 4, 250.00, 38118.00, -31982.00, 99.89, -99.89, 7.00
10.00, 4, 250.00, 38159.00, -32023.00, 99.89, -99.89, 7.00
10.00, 4, 250.00, 38203.00, -32064.00, 99.89, -99.89, 7.00
10.00, 4, 250.00, 38244.00, -32106.00, 99.89, -99.89, 7.00
10.00, 4, 250.00, 38284.00, -32147.00, 99.89, -99.89, 7.00
10.00, 4, 250.00, 38327.00, -32189.00, 99.89, -99.89, 7.00
10.00, 4, 250.00, 38367.00, -32230.00, 99.89, -99.89, 7.00
10.00, 4, 250.00, 38407.00, -32272.00, 99.89, -99.89, 7.00
10.00, 4, 250.00, 38449.00, -32310.00, 99.89, -99.89, 7.00
10.00, 4, 250.00, 38491.00, -32353.00, 99.89, -99.89, 7.00
10.00, 4, 250.00, 38532.00, -32396.00, 99.89, -99.89, 7.00
10.00, 4, 250.00, 38572.00, -32437.00, 99.89, -99.89, 7.00
10.00, 4, 250.00, 38613.00, -32479.00, 99.89, -99.89, 7.00
10.00, 4, 250.00, 38652.00, -32521.00, 99.89, -99.89, 7.00
10.00, 4, 250.00, 38693.00, -32561.00, 99.89, -99.89, 7.00
10.00, 4, 250.00, 38735.00, -32601.00, 99.89, -99.89, 7.00
10.00, 4, 250.00, 38775.00, -32644.00, 99.89, -99.89, 7.00
10.00, 4, 250.00, 38813.00, -32686.00, 99.89, -99.89, 7.00
10.00, 4, 250.00, 38855.00, -32728.00, 99.89, -99.89, 7.00
10.00, 4, 250.00, 38897.00, -32771.00, 99.89, -99.89, 7.00
10.00, 4, 250.00, 38936.00, -32810.00, 99.89, -99.89, 7.00
10.00, 4, 250.00, 38979.00, -32850.00, 99.89, -99.89, 7.00
10.00, 4, 250.00, 39019.00, -32894.00, 99.89, -99.89, 7.00
10.00, 4, 250.00, 39058.00, -32936.00, 99.89, -99.89, 7.00
10.00, 4, 250.00, 39098.00, -32978.00, 99.89, -99.89, 7.00
10.00, 4, 250.00, 39138.00, -33021.00, 99.89, -99.89, 7.00
10.00, 4, 250.00, 39178.00, -33062.00, 99.89, -99.89, 7.00
10.00, 4, 250.00, 39219.00, -33099.00, 99.89, -99.89, 7.00
10.00, 4, 250.00, 39260.00, -33142.00, 99.89, -99.89, 7.00
10.00, 4, 250.00, 39300.00, -33185.00, 99.89, -99.89, 7.00
10.00, 4, 250.00, 39340.00, -33227.00, 99.89, -99.89, 7.00
10.00, 4, 250.00, 39380.00, -33270.00, 99.89, -99.89, 7.00
10.00, 4, 250.00, 39419.00, -33309.00, 99.89, -99.89, 7.00
10.00, 4, 250.00, 39460.00, -33346.00, 99.89, -99.89, 7.00
10.00, 4, 250.00, 39502.00, -33389.00, 99.89, -99.89, 7.00
10.00, 4, 250.00, 39541.00, -33433.00, 99.89, -99.89, 7.00
10.00, 4, 250.00, 39584.00, -33475.00, 99.89, -99.89, 7.00
10.00, 4, 250.00, 39624.00, -33518.00, 99.89, -99.89, 7.00
10.00, 4, 250.00, 39664.00, -33558.00, 99.89, -99.89, 7.00
10.00, 4, 250.00, 39704.00, -33597.00, 99.89, -99.89, 7.00
10.00, 4, 250.00, 39747.00, -33639.00, 99.89, -99.89, 7.00
10.00, 4, 250.00, 39787.00, -33682.00, 99.89, -99.89, 7.00
10.00, 4, 250.00, 39826.00, -33725.00, 99.89, -99.89, 7.00
10.00, 4, 250.00, 39866.00, -33766.00, 99.89, -99.89, 7.00
10.00, 4, 250.00, 39906.00, -33808.00, 99.89, -99.89, 7.00
10.00, 4, 250.00, 39946.00, -33850.00, 99.89, -99.89, 7.00
10.00, 4, 250.00, 39988.00, -33891.00, 99.89, -99.89, 7.00
10.00, 4, 250.00, 40029.00, -33934.00, 99.89, -99.89, 7.00
10.00, 4, 250.00, 40069.00, -33978.00, 99.89, -99.89, 7.00
10.00, 4, 250.00, 40111.00, -34019.00, 99.89, -99.89, 7.00
10.00, 4, 250.00, 40151.00, -34061.00, 99.89, -99.89, 7.00
10.00, 4, 250.00, 40191.00, -34103.00, 99.89, -99.89, 7.00
10.00, 4, 250.00, 40232.00, -34143.00, 99.89, -99.89, 7.00
10.00, 4, 250.00, 40275.00, -34185.00, 99.89, -99.89, 7.00
10.00, 4, 250.00, 40314.00, -34227.00, 99.89, -99.89, 7.00
10.00, 4, 250.00, 40355.00, -34269.00, 99.89, -99.89, 7.00
10.00, 4, 250.00, 40397.00, -34311.00, 99.89, -99.89, 7.00
10.00, 4, 250.00, 40440.00, -34352.00, 99.89, -99.89, 7.00
10.00, 4, 250.00, 40481.00, -34393.00, 99.89, -99.89, 7.00
10.00, 4, 250.00, 40524.00, -34435.00, 99.89, -99.89, 7.00
10.00, 4, 250.00, 40567.00, -34478.00, 99.89, -99.89, 7.00
10.00, 4, 250.00, 40606.00, -34519.00, 99.89, -99.89, 7.00
10.00, 4, 250.00, 40647.00, -34559.00, 99.89, -99.89, 7.00
10.00, 4, 250.00, 40689.00, -34599.00, 99.89, -99.89, 7.00
10.00, 4, 250.00, 40730.00, -34639.00, 99.89, -99.89, 7.00
10.00, 4, 250.00, 40773.00, -34680.00, 99.89, -99.89, 7.00
10.00, 4, 250.00, 40814.00, -34721.00, 99.89, -99.89, 7.00
10.00, 4, 250.00, 40853.00, -34763.00, 99.89, -99.89, 7.00
10.00, 4, 250.00, 40895.00, -34805.00, 99.89, -99.89, 7.00
10.00, 4, 250.00, 40937.00, -34845.00, 99.89, -99.89, 7.00
10.00, 4, 250.00, 40978.00, -34884.00, 99.89, -99.89, 7.00
10.00, 4, 250.00, 41020.00, -34926.00, 99.89, -99.89, 7.00
10.00, 4, 250.00, 41061.00, -34970.00, 99.89, -99.89, 7.00
10.00, 4, 250.00, 41100.00, -35011.00, 99.89, -99.89, 7.00
10.00, 4, 250.00, 41140.00, -35053.00, 99.89, -99.89, 7.00
10.00, 4, 250.00, 41180.00, -35094.00, 99.89, -99.89, 7.00
10.00, 4, 250.00, 41219.00, -35132.00, 99.89, -99.89, 7.00
10.00, 4, 250.00, 41261.00, -35173.00, 99.89, -99.89, 7.00
10.00, 4, 250.00, 41301.00, -35215.00, 99.89, -99.89, 7.00
10.00, 4, 250.00, 41340.00, -35259.00, 99.89, -99.89, 7.00
10.00, 4, 250.00, 41381.00, -35301.00, 99.89, -99.89, 7.00
10.00, 4, 250.00, 41421.00, -35343.00, 99.89, -99.89, 7.00
10.00, 4, 250.00, 41461.00, -35384.00, 99.89, -99.89, 7.00
10.00, 4, 250.00, 41502.00, -35424.00, 99.89, -99.89, 7.00
10.00, 4, 250.00, 41545.00, -35465.00, 99.89, -99.89, 7.00
10.00, 4, 250.00, 41583.00, -35509.00, 99.89, -99.89, 7.00
10.00, 4, 250.00, 41624.00, -35553.00, 99.89, -99.89, 7.00
10.00, 4, 250.00, 41665.00, -35593.00, 99.89, -99.89, 7.00
10.00, 4, 250.00, 41706.00, -35632.00, 99.89, -99.89, 7.00
10.00, 4, 250.00, 41746.00, -35674.00, 99.89, -99.89, 7.00
10.00, 4, 250.00, 41789.00, -35716.00, 99.89, -99.89, 7.00
10.00, 4, 250.00, 41830.00, -35760.00, 99.89, -99.89, 7.00
10.00, 4, 250.00, 41871.00, -35803.00, 99.89, -99.89, 7.00
10.00, 4, 250.00, 41912.00, -35845.00, 99.89, -99.89, 7.00
10.00, 4, 250.00, 41952.00, -35885.00, 99.89, -99.89, 7.00
10.00, 4, 250.00, 41994.00, -35925.00, 99.89, -99.89, 7.00
10.00, 4, 250.00, 42036.00, -35966.00, 99.89, -99.89, 7.00
10.00, 4, 250.00, 42078.00, -36008.00, 99.89, -99.89, 7.00
10.00, 4, 250.00, 42120.00, -36050.00, 99.89, -99.89, 7.00
10.00, 4, 250.00, 42161.00, -36092.00, 99.89, -99.89, 7.00
10.00, 4, 250.00, 42202.00, -36134.00, 99.89, -99.89, 7.00
10.00, 4, 250.00, 42242.00, -36174.00, 99.89, -99.89, 7.00
10.00, 4, 250.00, 42287.00, -36217.00, 99.89, -99.89, 7.00
10.00, 4, 250.00, 42328.00, -36259.00, 99.89, -99.89, 7.00
10.00, 4, 250.00, 42367.00, -36301.00, 99.89, -99.89, 7.00
10.00, 4, 250.00, 42408.00, -36343.00, 99.89, -99.89, 7.00
10.00, 4, 250.00, 42450.00, -36385.00, 99.89, -99.89, 7.00
10.00, 4, 250.00, 42490.00, -36424.00, 99.89, -99.89, 7.00
10.00, 4, 250.00, 42532.00, -36467.00, 99.89, -99.89, 7.00
10.00, 4, 250.00, 42574.00, -36510.00, 99.89, -99.89, 7.00
10.00, 4, 250.00, 42615.00, -36552.00, 99.89, -99.89, 7.00
10.00, 4, 250.00, 42656.00, -36594.00, 99.89, -99.89, 7.00
10.00, 4, 250.00, 42698.00, -36636.00, 99.89, -99.89, 7.00
10.00, 4, 250.00, 42739.00, -36676.00, 99.89, -99.89, 7.00
10.00, 4, 250.00, 42779.00, -36716.00, 99.89, -99.89, 7.00
