17409.00, 4, 250.00, 950.00, 3483.00, 99.89, 99.89, 8.00
10.00, 4, 250.00, 951.00, 3484.00, -99.89, 93.11, 8.00
10.00, 4, 250.00, 954.00, 3496.00, -99.89, 93.11, 8.00
10.00, 4, 250.00, 948.00, 3516.00, -99.89, 90.73, 8.00
10.00, 4, 250.00, 931.00, 3539.00, -99.89, 83.50, 8.00
10.00, 4, 250.00, 909.00, 3567.00, -100.00, 67.80, 8.00
10.00, 4, 250.00, 882.00, 3593.00, -100.00, 32.66, 8.00
10.00, 4, 250.00, 853.00, 3619.00, -100.00, -12.77, 8.00
10.00, 4, 250.00, 821.00, 3641.00, -100.00, -50.96, 8.00
10.00, 4, 250.00, 786.00, 3658.00, -100.00, -75.25, 8.00
10.00, 4, 250.00, 752.00, 3664.00, -100.00, -86.33, 8.00
10.00, 4, 250.00, 717.00, 3662.00, -100.00, -89.72, 8.00
10.00, 4, 250.00, 678.00, 3650.00, -100.00, -89.72, 8.00
10.00, 4, 250.00, 640.00, 3633.00, -100.00, -85.88, 8.00
10.00, 4, 250.00, 601.00, 3610.00, -100.00, -76.72, 8.00
10.00, 4, 250.00, 561.00, 3585.00, -100.00, -57.06, 8.00
10.00, 4, 250.00, 520.00, 3558.00, -100.00, -21.24, 8.00
10.00, 4, 250.00, 480.00, 3536.00, -100.00, 26.33, 8.00
10.00, 4, 250.00, 440.00, 3519.00, -100.00, 59.55, 8.00
10.00, 4, 250.00, 397.00, 3507.00, -100.00, 75.37, 8.00
10.00, 4, 250.00, 354.00, 3505.00, -100.00, 83.50, 8.00
10.00, 4, 250.00, 312.00, 3513.00, -100.00, 86.78, 8.00
10.00, 4, 250.00, 269.00, 3528.00, -100.00, 83.50, 8.00
10.00, 4, 250.00, 227.00, 3547.00, -100.00, 75.37, 8.00
10.00, 4, 250.00, 186.00, 3571.00, -100.00, 58.42, 8.00
10.00, 4, 250.00, 140.00, 3594.00, -100.00, 24.75, 8.00
10.00, 4, 250.00, 97.00, 3617.00, -100.00, -14.46, 8.00
10.00, 4, 250.00, 54.00, 3633.00, -100.00, -48.36, 8.00
10.00, 4, 250.00, 12.00, 3644.00, -99.89, -70.40, 8.00
10.00, 4, 250.00, -31.00, 3649.00, -99.89, -79.32, 8.00
10.00, 4, 250.00, -75.00, 3648.00, -99.89, -82.37, 8.00
10.00, 4, 250.00, -119.00, 3637.00, -99.89, -83.39, 8.00
10.00, 4, 250.00, -164.00, 3619.00, -99.89, -78.08, 8.00
10.00, 4, 250.00, -207.00, 3596.00, -99.89, -63.73, 8.00
10.00, 4, 250.00, -250.00, 3574.00, -99.89, -35.48, 8.00
10.00, 4, 250.00, -291.00, 3553.00, -99.89, 1.02, 8.00
10.00, 4, 250.00, -333.00, 3534.00, -99.89, 35.82, 8.00
10.00, 4, 250.00, -377.00, 3520.00, -99.66, 61.81, 8.00
10.00, 4, 250.00, -421.00, 3512.00, -98.64, 75.37, 8.00
10.00, 4, 250.00, -466.00, 3515.00, -93.90, 82.49, 8.00
10.00, 4, 250.00, -509.00, 3527.00, -75.93, 82.03, 8.00
10.00, 4, 250.00, -550.00, 3544.00, -22.71, 75.59, 8.00
10.00, 4, 250.00, -588.00, 3566.00, 45.99, 61.13, 8.00
10.00, 4, 250.00, -621.00, 3587.00, 82.49, 33.79, 8.00
10.00, 4, 250.00, -641.00, 3608.00, 94.35, -2.26, 8.00
10.00, 4, 250.00, -651.00, 3627.00, 97.40, -36.16, 8.00
10.00, 4, 250.00, -648.00, 3637.00, 98.31, -60.11, 8.00
10.00, 4, 250.00, -637.00, 3641.00, 98.31, -71.75, 8.00
10.00, 4, 250.00, -620.00, 3640.00, 97.74, -75.48, 8.00
10.00, 4, 250.00, -598.00, 3632.00, 96.05, -73.56, 8.00
10.00, 4, 250.00, -571.00, 3615.00, 91.86, -66.44, 8.00
10.00, 4, 250.00, -542.00, 3597.00, 81.36, -47.46, 8.00
10.00, 4, 250.00, -512.00, 3578.00, 57.40, -13.45, 8.00
10.00, 4, 250.00, -482.00, 3561.00, 13.11, 24.97, 8.00
10.00, 4, 250.00, -454.00, 3547.00, -36.95, 56.72, 8.00
10.00, 4, 250.00, -434.00, 3538.00, -70.28, 75.14, 8.00
10.00, 4, 250.00, -423.00, 3538.00, -84.86, 85.08, 8.00
10.00, 4, 250.00, -423.00, 3549.00, -90.40, 89.60, 8.00
10.00, 4, 250.00, -430.00, 3567.00, -91.30, 90.28, 8.00
10.00, 4, 250.00, -446.00, 3586.00, -89.72, 88.70, 8.00
10.00, 4, 250.00, -467.00, 3611.00, -83.39, 86.67, 8.00
10.00, 4, 250.00, -490.00, 3638.00, -70.28, 84.29, 8.00
10.00, 4, 250.00, -516.00, 3666.00, -44.18, 79.44, 8.00
10.00, 4, 250.00, -540.00, 3696.00, -4.07, 75.25, 8.00
10.00, 4, 250.00, -563.00, 3727.00, 38.87, 69.27, 8.00
10.00, 4, 250.00, -579.00, 3757.00, 65.88, 62.37, 8.00
10.00, 4, 250.00, -585.00, 3788.00, 80.79, 55.82, 8.00
10.00, 4, 250.00, -583.00, 3818.00, 85.54, 47.46, 8.00
10.00, 4, 250.00, -572.00, 3844.00, 85.54, 38.87, 8.00
10.00, 4, 250.00, -555.00, 3871.00, 80.79, 31.98, 8.00
10.00, 4, 250.00, -536.00, 3895.00, 69.60, 24.41, 8.00
11.00, 4, 250.00, -513.00, 3915.00, 47.34, 15.93, 8.00
10.00, 4, 250.00, -491.00, 3934.00, 13.11, 11.86, 8.00
10.00, 4, 250.00, -471.00, 3950.00, -24.41, 5.20, 8.00
10.00, 4, 250.00, -453.00, 3963.00, -55.93, 1.24, 8.00
10.00, 4, 250.00, -444.00, 3978.00, -73.67, -2.03, 8.00
10.00, 4, 250.00, -445.00, 3988.00, -81.24, -7.91, 8.00
10.00, 4, 250.00, -454.00, 3994.00, -82.37, -11.86, 8.00
10.00, 4, 250.00, -470.00, 3996.00, -78.87, -11.19, 8.00
10.00, 4, 250.00, -490.00, 3997.00, -66.10, -9.04, 8.00
10.00, 4, 250.00, -511.00, 3996.00, -43.73, -6.33, 8.00
10.00, 4, 250.00, -534.00, 3994.00, -10.96, -3.84, 8.00
10.00, 4, 250.00, -553.00, 3991.00, 24.07, -0.68, 8.00
10.00, 4, 250.00, -568.00, 3990.00, 53.56, 0.90, 8.00
10.00, 4, 250.00, -574.00, 3989.00, 69.60, 1.92, 8.00
10.00, 4, 250.00, -573.00, 3988.00, 75.93, 2.26, 8.00
10.00, 4, 250.00, -565.00, 3988.00, 75.59, 2.26, 8.00
10.00, 4, 250.00, -550.00, 3988.00, 68.14, 2.15, 8.00
10.00, 4, 250.00, -532.00, 3988.00, 51.30, 2.26, 8.00
10.00, 4, 250.00, -513.00, 3988.00, 21.92, 2.49, 8.00
10.00, 4, 250.00, -495.00, 3989.00, -16.27, 2.94, 8.00
10.00, 4, 250.00, -481.00, 3991.00, -49.94, 4.07, 8.00
10.00, 4, 250.00, -473.00, 3993.00, -72.20, 5.42, 8.00
10.00, 4, 250.00, -473.00, 3995.00, -83.16, 8.14, 8.00
10.00, 4, 250.00, -482.00, 3997.00, -87.57, 10.62, 8.00
10.00, 4, 250.00, -498.00, 3998.00, -89.04, 12.66, 8.00
10.00, 4, 250.00, -517.00, 4001.00, -88.25, 15.59, 8.00
10.00, 4, 250.00, -542.00, 4003.00, -85.88, 19.32, 8.00
10.00, 4, 250.00, -569.00, 4006.00, -82.71, 21.69, 8.00
10.00, 4, 250.00, -597.00, 4011.00, -78.31, 25.54, 8.00
10.00, 4, 250.00, -629.00, 4017.00, -73.11, 30.73, 8.00
10.00, 4, 250.00, -658.00, 4024.00, -65.65, 35.71, 8.00
10.00, 4, 250.00, -689.00, 4032.00, -58.08, 40.90, 8.00
10.00, 4, 250.00, -719.00, 4043.00, -50.06, 47.80, 8.00
10.00, 4, 250.00, -747.00, 4056.00, -43.73, 54.46, 8.00
10.00, 4, 250.00, -774.00, 4071.00, -36.61, 61.81, 8.00
10.00, 4, 250.00, -799.00, 4088.00, -30.51, 68.25, 8.00
10.00, 4, 250.00, -821.00, 4107.00, -24.07, 74.24, 8.00
10.00, 4, 250.00, -843.00, 4130.00, -19.44, 79.89, 8.00
10.00, 4, 250.00, -862.00, 4153.00, -14.01, 84.63, 8.00
10.00, 4, 250.00, -879.00, 4179.00, -10.28, 88.59, 8.00
10.00, 4, 250.00, -893.00, 4208.00, -5.76, 91.41, 8.00
10.00, 4, 250.00, -904.00, 4240.00, -2.82, 93.79, 8.00
10.00, 4, 250.00, -913.00, 4274.00, -2.94, 95.59, 8.00
10.00, 4, 250.00, -920.00, 4307.00, -1.36, 96.84, 8.00
10.00, 4, 250.00, -926.00, 4342.00, -2.82, 97.63, 8.00
10.00, 4, 250.00, -929.00, 4379.00, -4.07, 98.19, 8.00
10.00, 4, 250.00, -933.00, 4416.00, -6.89, 98.64, 8.00
10.00, 4, 250.00, -937.00, 4453.00, -7.80, 98.98, 8.00
10.00, 4, 250.00, -940.00, 4493.00, -7.91, 99.21, 8.00
10.00, 4, 250.00, -943.00, 4532.00, -8.02, 99.32, 8.00
10.00, 4, 250.00, -945.00, 4571.00, -7.68, 99.55, 8.00
10.00, 4, 250.00, -948.00, 4609.00, -6.89, 99.66, 8.00
10.00, 4, 250.00, -950.00, 4648.00, -6.44, 99.66, 8.00
10.00, 4, 250.00, -953.00, 4688.00, -5.65, 99.77, 8.00
10.00, 4, 250.00, -956.00, 4729.00, -5.20, 99.77, 8.00
10.00, 4, 250.00, -957.00, 4769.00, -4.86, 99.89, 8.00
10.00, 4, 250.00, -959.00, 4812.00, -4.86, 99.89, 8.00
10.00, 4, 250.00, -961.00, 4853.00, -5.08, 99.89, 8.00
10.00, 4, 250.00, -962.00, 4894.00, -5.42, 99.89, 8.00
10.00, 4, 250.00, -964.00, 4938.00, -6.21, 99.89, 8.00
10.00, 4, 250.00, -966.00, 4980.00, -7.01, 99.89, 8.00
10.00, 4, 250.00, -967.00, 5022.00, -8.47, 99.89, 8.00
10.00, 4, 250.00, -969.00, 5065.00, -10.06, 99.89, 8.00
10.00, 4, 250.00, -972.00, 5107.00, -11.30, 99.89, 8.00
10.00, 4, 250.00, -974.00, 5151.00, -13.90, 99.89, 8.00
10.00, 4, 250.00, -977.00, 5197.00, -15.93, 99.89, 8.00
10.00, 4, 250.00, -981.00, 5241.00, -18.64, 99.89, 8.00
10.00, 4, 250.00, -986.00, 5285.00, -22.15, 99.89, 8.00
10.00, 4, 250.00, -991.00, 5329.00, -26.10, 99.89, 8.00
10.00, 4, 250.00, -997.00, 5372.00, -29.94, 99.89, 8.00
10.00, 4, 250.00, -1005.00, 5418.00, -34.24, 99.89, 8.00
10.00, 4, 250.00, -1014.00, 5463.00, -38.98, 99.89, 8.00
10.00, 4, 250.00, -1025.00, 5507.00, -44.52, 99.89, 8.00
10.00, 4, 250.00, -1038.00, 5550.00, -50.85, 99.89, 8.00
10.00, 4, 250.00, -1052.00, 5592.00, -56.72, 99.89, 8.00
10.00, 4, 250.00, -1067.00, 5637.00, -62.26, 99.89, 8.00
10.00, 4, 250.00, -1084.00, 5684.00, -67.80, 99.89, 8.00
10.00, 4, 250.00, -1104.00, 5729.00, -72.66, 99.89, 8.00
10.00, 4, 250.00, -1127.00, 5771.00, -78.31, 99.89, 8.00
10.00, 4, 250.00, -1151.00, 5814.00, -82.49, 99.89, 8.00
10.00, 4, 250.00, -1178.00, 5857.00, -86.10, 99.89, 8.00
10.00, 4, 250.00, -1206.00, 5898.00, -89.49, 99.89, 8.00
10.00, 4, 250.00, -1235.00, 5942.00, -92.09, 99.89, 8.00
10.00, 4, 250.00, -1267.00, 5986.00, -93.79, 99.89, 8.00
10.00, 4, 250.00, -1301.00, 6027.00, -95.37, 99.89, 8.00
10.00, 4, 250.00, -1335.00, 6070.00, -96.50, 99.89, 8.00
10.00, 4, 250.00, -1371.00, 6114.00, -97.40, 99.89, 8.00
10.00, 4, 250.00, -1408.00, 6156.00, -97.97, 99.89, 8.00
10.00, 4, 250.00, -1444.00, 6199.00, -98.53, 99.89, 8.00
10.00, 4, 250.00, -1482.00, 6243.00, -98.87, 99.89, 8.00
10.00, 4, 250.00, -1520.00, 6287.00, -99.21, 99.89, 8.00
10.00, 4, 250.00, -1558.00, 6331.00, -99.44, 99.89, 8.00
10.00, 4, 250.00, -1595.00, 6373.00, -99.55, 99.89, 8.00
10.00, 4, 250.00, -1634.00, 6416.00, -99.66, 99.89, 8.00
10.00, 4, 250.00, -1674.00, 6460.00, -99.77, 99.89, 8.00
10.00, 4, 250.00, -1714.00, 6505.00, -99.89, 99.89, 8.00
10.00, 4, 250.00, -1756.00, 6548.00, -99.89, 99.89, 8.00
10.00, 4, 250.00, -1797.00, 6593.00, -99.89, 99.89, 8.00
10.00, 4, 250.00, -1837.00, 6638.00, -99.89, 99.89, 8.00
10.00, 4, 250.00, -1876.00, 6682.00, -99.89, 99.89, 8.00
10.00, 4, 250.00, -1919.00, 6726.00, -99.89, 99.89, 8.00
10.00, 4, 250.00, -1963.00, 6770.00, -99.89, 99.89, 8.00
10.00, 4, 250.00, -2008.00, 6813.00, -99.89, 99.89, 8.00
10.00, 4, 250.00, -2051.00, 6856.00, -99.89, 99.89, 8.00
10.00, 4, 250.00, -2094.00, 6902.00, -99.89, 99.89, 8.00
10.00, 4, 250.00, -2136.00, 6946.00, -99.89, 99.89, 8.00
10.00, 4, 250.00, -2181.00, 6991.00, -99.89, 99.89, 8.00
10.00, 4, 250.00, -2227.00, 7033.00, -99.89, 99.89, 8.00
10.00, 4, 250.00, -2271.00, 7077.00, -99.89, 99.89, 8.00
10.00, 4, 250.00, -2315.00, 7121.00, -99.89, 99.89, 8.00
10.00, 4, 250.00, -2357.00, 7162.00, -99.89, 99.89, 8.00
10.00, 4, 250.00, -2401.00, 7207.00, -99.89, 99.89, 8.00
10.00, 4, 250.00, -2447.00, 7251.00, -99.89, 99.89, 8.00
10.00, 4, 250.00, -2493.00, 7292.00, -99.89, 99.89, 8.00
10.00, 4, 250.00, -2537.00, 7335.00, -99.89, 99.89, 8.00
10.00, 4, 250.00, -2581.00, 7380.00, -99.89, 99.89, 8.00
10.00, 4, 250.00, -2624.00, 7423.00, -99.89, 99.89, 8.00
10.00, 4, 250.00, -2668.00, 7467.00, -99.89, 99.89, 8.00
10.00, 4, 250.00, -2713.00, 7509.00, -99.89, 99.89, 8.00
10.00, 4, 250.00, -2756.00, 7552.00, -99.89, 99.89, 8.00
10.00, 4, 250.00, -2801.00, 7598.00, -99.89, 99.89, 8.00
10.00, 4, 250.00, -2844.00, 7642.00, -99.89, 99.89, 8.00
10.00, 4, 250.00, -2887.00, 7685.00, -99.89, 99.89, 8.00
10.00, 4, 250.00, -2930.00, 7731.00, -99.89, 99.89, 8.00
10.00, 4, 250.00, -2975.00, 7773.00, -99.89, 99.89, 8.00
10.00, 4, 250.00, -3021.00, 7816.00, -99.89, 99.89, 8.00
10.00, 4, 250.00, -3066.00, 7861.00, -99.89, 99.89, 8.00
10.00, 4, 250.00, -3108.00, 7905.00, -99.89, 99.89, 8.00
10.00, 4, 250.00, -3151.00, 7948.00, -99.89, 99.89, 8.00
10.00, 4, 250.00, -3196.00, 7994.00, -99.89, 99.89, 8.00
10.00, 4, 250.00, -3240.00, 8037.00, -99.89, 99.89, 8.00
10.00, 4, 250.00, -3285.00, 8081.00, -99.89, 99.89, 8.00
10.00, 4, 250.00, -3330.00, 8125.00, -99.89, 99.89, 8.00
10.00, 4, 250.00, -3373.00, 8168.00, -99.89, 99.89, 8.00
10.00, 4, 250.00, -3415.00, 8212.00, -99.89, 99.89, 8.00
10.00, 4, 250.00, -3461.00, 8258.00, -99.89, 99.89, 8.00
10.00, 4, 250.00, -3506.00, 8300.00, -99.89, 99.89, 8.00
10.00, 4, 250.00, -3552.00, 8343.00, -99.89, 99.89, 8.00
10.00, 4, 250.00, -3597.00, 8387.00, -99.89, 99.89, 8.00
10.00, 4, 250.00, -3639.00, 8427.00, -99.89, 99.89, 8.00
10.00, 4, 250.00, -3683.00, 8470.00, -99.89, 99.89, 8.00
10.00, 4, 250.00, -3727.00, 8514.00, -99.89, 99.89, 8.00
10.00, 4, 250.00, -3770.00, 8556.00, -99.89, 99.89, 8.00
10.00, 4, 250.00, -3814.00, 8600.00, -99.89, 99.89, 8.00
10.00, 4, 250.00, -3858.00, 8644.00, -99.89, 99.89, 8.00
10.00, 4, 250.00, -3900.00, 8688.00, -99.89, 99.89, 8.00
10.00, 4, 250.00, -3945.00, 8731.00, -99.89, 99.89, 8.00
10.00, 4, 250.00, -3989.00, 8774.00, -99.89, 99.89, 8.00
10.00, 4, 250.00, -4033.00, 8818.00, -99.89, 99.89, 8.00
10.00, 4, 250.00, -4075.00, 8863.00, -99.89, 99.89, 8.00
10.00, 4, 250.00, -4119.00, 8905.00, -99.89, 99.89, 8.00
10.00, 4, 250.00, -4162.00, 8950.00, -99.89, 99.89, 8.00
10.00, 4, 250.00, -4205.00, 8995.00, -99.89, 99.89, 8.00
10.00, 4, 250.00, -4249.00, 9041.00, -99.89, 99.89, 8.00
10.00, 4, 250.00, -4294.00, 9085.00, -99.89, 99.89, 8.00
10.00, 4, 250.00, -4338.00, 9129.00, -99.89, 99.89, 8.00
10.00, 4, 250.00, -4382.00, 9174.00, -99.89, 99.89, 8.00
10.00, 4, 250.00, -4425.00, 9218.00, -99.89, 99.89, 8.00
10.00, 4, 250.00, -4469.00, 9262.00, -99.89, 99.89, 8.00
10.00, 4, 250.00, -4514.00, 9308.00, -99.89, 99.89, 8.00
10.00, 4, 250.00, -4562.00, 9352.00, -99.89, 99.89, 8.00
10.00, 4, 250.00, -4606.00, 9395.00, -99.89, 99.89, 8.00
10.00, 4, 250.00, -4650.00, 9440.00, -99.89, 99.89, 8.00
10.00, 4, 250.00, -4695.00, 9483.00, -99.89, 99.89, 8.00
10.00, 4, 250.00, -4741.00, 9531.00, -99.89, 99.89, 8.00
10.00, 4, 250.00, -4785.00, 9574.00, -99.89, 99.89, 8.00
10.00, 4, 250.00, -4831.00, 9616.00, -99.89, 99.89, 8.00
10.00, 4, 250.00, -4876.00, 9659.00, -99.89, 99.89, 8.00
10.00, 4, 250.00, -4920.00, 9702.00, -99.89, 99.89, 8.00
10.00, 4, 250.00, -4966.00, 9744.00, -99.89, 99.89, 8.00
10.00, 4, 250.00, -5011.00, 9790.00, -99.89, 99.89, 8.00
10.00, 4, 250.00, -5055.00, 9832.00, -99.89, 99.89, 8.00
10.00, 4, 250.00, -5100.00, 9872.00, -99.89, 99.89, 8.00
10.00, 4, 250.00, -5145.00, 9916.00, -99.89, 99.89, 8.00
10.00, 4, 250.00, -5188.00, 9961.00, -99.89, 99.89, 8.00
10.00, 4, 250.00, -5232.00, 10003.00, -99.89, 99.89, 8.00
10.00, 4, 250.00, -5275.00, 10047.00, -99.89, 99.89, 8.00
10.00, 4, 250.00, -5319.00, 10091.00, -99.89, 99.89, 8.00
10.00, 4, 250.00, -5362.00, 10134.00, -99.89, 99.89, 8.00
10.00, 4, 250.00, -5405.00, 10177.00, -99.89, 99.89, 8.00
10.00, 4, 250.00, -5448.00, 10220.00, -99.89, 99.89, 8.00
10.00, 4, 250.00, -5491.00, 10263.00, -99.89, 99.89, 8.00
10.00, 4, 250.00, -5534.00, 10307.00, -99.89, 99.89, 8.00
10.00, 4, 250.00, -5578.00, 10350.00, -99.89, 99.89, 8.00
10.00, 4, 250.00, -5622.00, 10394.00, -99.89, 99.89, 8.00
10.00, 4, 250.00, -5665.00, 10439.00, -99.89, 99.89, 8.00
10.00, 4, 250.00, -5707.00, 10483.00, -99.89, 99.89, 8.00
10.00, 4, 250.00, -5749.00, 10525.00, -99.89, 99.89, 8.00
10.00, 4, 250.00, -5794.00, 10569.00, -99.89, 99.89, 8.00
10.00, 4, 250.00, -5839.00, 10613.00, -99.89, 99.89, 8.00
10.00, 4, 250.00, -5883.00, 10656.00, -99.89, 99.89, 8.00
10.00, 4, 250.00, -5927.00, 10700.00, -99.89, 99.89, 8.00
10.00, 4, 250.00, -5971.00, 10745.00, -99.89, 99.89, 8.00
10.00, 4, 250.00, -6015.00, 10788.00, -99.89, 99.89, 8.00
10.00, 4, 250.00, -6059.00, 10830.00, -99.89, 99.89, 8.00
10.00, 4, 250.00, -6105.00, 10874.00, -99.89, 99.89, 8.00
10.00, 4, 250.00, -6149.00, 10917.00, -99.89, 99.89, 8.00
10.00, 4, 250.00, -6193.00, 10960.00, -99.89, 99.89, 8.00
10.00, 4, 250.00, -6236.00, 11004.00, -99.89, 99.89, 8.00
10.00, 4, 250.00, -6281.00, 11046.00, -99.89, 99.89, 8.00
10.00, 4, 250.00, -6326.00, 11089.00, -99.89, 99.89, 8.00
10.00, 4, 250.00, -6373.00, 11131.00, -99.89, 99.89, 8.00
10.00, 4, 250.00, -6417.00, 11175.00, -99.89, 99.89, 8.00
10.00, 4, 250.00, -6459.00, 11220.00, -99.89, 99.89, 8.00
10.00, 4, 250.00, -6503.00, 11262.00, -99.89, 99.89, 8.00
10.00, 4, 250.00, -6547.00, 11305.00, -99.89, 99.89, 8.00
10.00, 4, 250.00, -6593.00, 11350.00, -99.89, 99.89, 8.00
10.00, 4, 250.00, -6637.00, 11394.00, -99.89, 99.89, 8.00
10.00, 4, 250.00, -6679.00, 11438.00, -99.89, 99.89, 8.00
10.00, 4, 250.00, -6722.00, 11483.00, -99.89, 99.89, 8.00
10.00, 4, 250.00, -6766.00, 11526.00, -99.89, 99.89, 8.00
10.00, 4, 250.00, -6811.00, 11569.00, -99.89, 99.89, 8.00
10.00, 4, 250.00, -6856.00, 11613.00, -99.89, 99.89, 8.00
10.00, 4, 250.00, -6903.00, 11656.00, -99.89, 99.89, 8.00
10.00, 4, 250.00, -6946.00, 11702.00, -99.89, 99.89, 8.00
10.00, 4, 250.00, -6989.00, 11747.00, -99.89, 99.89, 8.00
10.00, 4, 250.00, -7034.00, 11789.00, -99.89, 99.89, 8.00
10.00, 4, 250.00, -7079.00, 11835.00, -99.89, 99.89, 8.00
10.00, 4, 250.00, -7125.00, 11879.00, -99.89, 99.89, 8.00
10.00, 4, 250.00, -7170.00, 11922.00, -99.89, 99.89, 8.00
10.00, 4, 250.00, -7213.00, 11965.00, -99.89, 99.89, 8.00
10.00, 4, 250.00, -7258.00, 12009.00, -99.89, 99.89, 8.00
10.00, 4, 250.00, -7303.00, 12052.00, -99.89, 99.89, 8.00
10.00, 4, 250.00, -7348.00, 12096.00, -99.89, 99.89, 8.00
10.00, 4, 250.00, -7394.00, 12138.00, -99.89, 99.89, 8.00
10.00, 4, 250.00, -7438.00, 12181.00, -99.89, 99.89, 8.00
10.00, 4, 250.00, -7481.00, 12224.00, -99.89, 99.89, 8.00
10.00, 4, 250.00, -7525.00, 12266.00, -99.89, 99.89, 8.00
10.00, 4, 250.00, -7569.00, 12307.00, -99.89, 99.89, 8.00
10.00, 4, 250.00, -7613.00, 12353.00, -99.89, 99.89, 8.00
10.00, 4, 250.00, -7659.00, 12396.00, -99.89, 99.89, 8.00
10.00, 4, 250.00, -7703.00, 12439.00, -99.89, 99.89, 8.00
10.00, 4, 250.00, -7745.00, 12484.00, -99.89, 99.89, 8.00
10.00, 4, 250.00, -7790.00, 12525.00, -99.89, 99.89, 8.00
10.00, 4, 250.00, -7833.00, 12568.00, -99.89, 99.89, 8.00
10.00, 4, 250.00, -7875.00, 12613.00, -99.89, 99.89, 8.00
10.00, 4, 250.00, -7919.00, 12656.00, -99.89, 99.89, 8.00
10.00, 4, 250.00, -7961.00, 12701.00, -99.89, 99.89, 8.00
10.00, 4, 250.00, -8003.00, 12745.00, -99.89, 99.89, 8.00
10.00, 4, 250.00, -8047.00, 12788.00, -99.89, 99.89, 8.00
10.00, 4, 250.00, -8090.00, 12832.00, -99.89, 99.89, 8.00
10.00, 4, 250.00, -8135.00, 12878.00, -99.89, 99.89, 8.00
10.00, 4, 250.00, -8178.00, 12922.00, -99.89, 99.89, 8.00
10.00, 4, 250.00, -8221.00, 12966.00, -99.89, 99.89, 8.00
10.00, 4, 250.00, -8267.00, 13011.00, -99.89, 99.89, 8.00
10.00, 4, 250.00, -8313.00, 13055.00, -99.89, 99.89, 8.00
10.00, 4, 250.00, -8356.00, 13100.00, -99.89, 99.89, 8.00
10.00, 4, 250.00, -8401.00, 13145.00, -99.89, 99.89, 8.00
10.00, 4, 250.00, -8447.00, 13188.00, -99.89, 99.89, 8.00
10.00, 4, 250.00, -8491.00, 13232.00, -99.89, 99.89, 8.00
10.00, 4, 250.00, -8536.00, 13276.00, -99.89, 99.89, 8.00
10.00, 4, 250.00, -8581.00, 13321.00, -99.89, 99.89, 8.00
10.00, 4, 250.00, -8627.00, 13364.00, -99.89, 99.89, 8.00
10.00, 4, 250.00, -8673.00, 13408.00, -99.89, 99.89, 8.00
10.00, 4, 250.00, -8718.00, 13452.00, -99.89, 99.89, 8.00
10.00, 4, 250.00, -8763.00, 13495.00, -99.89, 99.89, 8.00
10.00, 4, 250.00, -8809.00, 13536.00, -99.89, 99.89, 8.00
10.00, 4, 250.00, -8853.00, 13578.00, -99.89, 99.89, 8.00
10.00, 4, 250.00, -8898.00, 13624.00, -99.89, 99.89, 8.00
10.00, 4, 250.00, -8943.00, 13666.00, -99.89, 99.89, 8.00
10.00, 4, 250.00, -8986.00, 13708.00, -99.89, 99.89, 8.00
10.00, 4, 250.00, -9031.00, 13754.00, -99.89, 99.89, 8.00
10.00, 4, 250.00, -9076.00, 13799.00, -99.89, 99.89, 8.00
10.00, 4, 250.00, -9120.00, 13840.00, -99.89, 99.89, 8.00
10.00, 4, 250.00, -9163.00, 13885.00, -99.89, 99.89, 8.00
10.00, 4, 250.00, -9207.00, 13929.00, -99.89, 99.89, 8.00
10.00, 4, 250.00, -9250.00, 13972.00, -99.89, 99.89, 8.00
10.00, 4, 250.00, -9293.00, 14016.00, -99.89, 99.89, 8.00
10.00, 4, 250.00, -9337.00, 14059.00, -99.89, 99.89, 8.00
10.00, 4, 250.00, -9381.00, 14101.00, -99.89, 99.89, 8.00
10.00, 4, 250.00, -9424.00, 14146.00, -99.89, 99.89, 8.00
10.00, 4, 250.00, -9468.00, 14189.00, -99.89, 99.89, 8.00
10.00, 4, 250.00, -9512.00, 14233.00, -99.89, 99.89, 8.00
10.00, 4, 250.00, -9555.00, 14278.00, -99.89, 99.89, 8.00
10.00, 4, 250.00, -9599.00, 14321.00, -99.89, 99.89, 8.00
10.00, 4, 250.00, -9644.00, 14363.00, -99.89, 99.89, 8.00
10.00, 4, 250.00, -9688.00, 14408.00, -99.89, 99.89, 8.00
10.00, 4, 250.00, -9732.00, 14452.00, -99.89, 99.89, 8.00
10.00, 4, 250.00, -9776.00, 14494.00, -99.89, 99.89, 8.00
10.00, 4, 250.00, -9819.00, 14539.00, -99.89, 99.89, 8.00
10.00, 4, 250.00, -9864.00, 14582.00, -99.89, 99.89, 8.00
10.00, 4, 250.00, -9909.00, 14623.00, -99.89, 99.89, 8.00
10.00, 4, 250.00, -9952.00, 14666.00, -99.89, 99.89, 8.00
10.00, 4, 250.00, -9996.00, 14710.00, -99.89, 99.89, 8.00
10.00, 4, 250.00, -10039.00, 14754.00, -99.89, 99.89, 8.00
10.00, 4, 250.00, -10085.00, 14796.00, -99.89, 99.89, 8.00
10.00, 4, 250.00, -10129.00, 14838.00, -99.89, 99.89, 8.00
10.00, 4, 250.00, -10173.00, 14880.00, -99.89, 99.89, 8.00
10.00, 4, 250.00, -10218.00, 14923.00, -99.89, 99.89, 8.00
10.00, 4, 250.00, -10263.00, 14966.00, -99.89, 99.89, 8.00
10.00, 4, 250.00, -10306.00, 15011.00, -99.89, 99.89, 8.00
10.00, 4, 250.00, -10351.00, 15054.00, -99.89, 99.89, 8.00
10.00, 4, 250.00, -10394.00, 15096.00, -99.89, 99.89, 8.00
10.00, 4, 250.00, -10437.00, 15138.00, -99.89, 99.89, 8.00
10.00, 4, 250.00, -10480.00, 15184.00, -99.89, 99.89, 8.00
10.00, 4, 250.00, -10523.00, 15229.00, -99.89, 99.89, 8.00
10.00, 4, 250.00, -10566.00, 15273.00, -99.89, 99.89, 8.00
10.00, 4, 250.00, -10612.00, 15316.00, -99.89, 99.89, 8.00
10.00, 4, 250.00, -10658.00, 15359.00, -99.89, 99.89, 8.00
10.00, 4, 250.00, -10702.00, 15403.00, -99.89, 99.89, 8.00
10.00, 4, 250.00, -10747.00, 15448.00, -99.89, 99.89, 8.00
10.00, 4, 250.00, -10791.00, 15492.00, -99.89, 99.89, 8.00
10.00, 4, 250.00, -10834.00, 15537.00, -99.89, 99.89, 8.00
10.00, 4, 250.00, -10880.00, 15581.00, -99.89, 99.89, 8.00
10.00, 4, 250.00, -10925.00, 15622.00, -99.89, 99.89, 8.00
10.00, 4, 250.00, -10968.00, 15667.00, -99.89, 99.89, 8.00
10.00, 4, 250.00, -11015.00, 15713.00, -99.89, 99.89, 8.00
10.00, 4, 250.00, -11060.00, 15755.00, -99.89, 99.89, 8.00
10.00, 4, 250.00, -11104.00, 15800.00, -99.89, 99.89, 8.00
10.00, 4, 250.00, -11150.00, 15844.00, -99.89, 99.89, 8.00
10.00, 4, 250.00, -11197.00, 15886.00, -99.89, 99.89, 8.00
10.00, 4, 250.00, -11241.00, 15929.00, -99.89, 99.89, 8.00
10.00, 4, 250.00, -11285.00, 15973.00, -99.89, 99.89, 8.00
10.00, 4, 250.00, -11328.00, 16015.00, -99.89, 99.89, 8.00
10.00, 4, 250.00, -11373.00, 16057.00, -99.89, 99.89, 8.00
10.00, 4, 250.00, -11417.00, 16098.00, -99.89, 99.89, 8.00
10.00, 4, 250.00, -11462.00, 16141.00, -99.89, 99.89, 8.00
10.00, 4, 250.00, -11507.00, 16186.00, -99.89, 99.89, 8.00
10.00, 4, 250.00, -11550.00, 16229.00, -99.89, 99.89, 8.00
10.00, 4, 250.00, -11593.00, 16272.00, -99.89, 99.89, 8.00
10.00, 4, 250.00, -11638.00, 16316.00, -99.89, 99.89, 8.00
10.00, 4, 250.00, -11682.00, 16357.00, -99.89, 99.89, 8.00
10.00, 4, 250.00, -11725.00, 16399.00, -99.89, 99.89, 8.00
10.00, 4, 250.00, -11768.00, 16445.00, -99.89, 99.89, 8.00
10.00, 4, 250.00, -11810.00, 16489.00, -99.89, 99.89, 8.00
10.00, 4, 250.00, -11852.00, 16533.00, -99.89, 99.89, 8.00
10.00, 4, 250.00, -11896.00, 16577.00, -99.89, 99.89, 8.00
10.00, 4, 250.00, -11939.00, 16619.00, -99.89, 99.89, 8.00
10.00, 4, 250.00, -11983.00, 16664.00, -99.89, 99.89, 8.00
10.00, 4, 250.00, -12026.00, 16710.00, -99.89, 99.89, 8.00
10.00, 4, 250.00, -12069.00, 16753.00, -99.89, 99.89, 8.00
10.00, 4, 250.00, -12113.00, 16799.00, -99.89, 99.89, 8.00
10.00, 4, 250.00, -12158.00, 16843.00, -99.89, 99.89, 8.00
10.00, 4, 250.00, -12204.00, 16885.00, -99.89, 99.89, 8.00
10.00, 4, 250.00, -12248.00, 16930.00, -99.89, 99.89, 8.00
10.00, 4, 250.00, -12291.00, 16975.00, -99.89, 99.89, 8.00
10.00, 4, 250.00, -12337.00, 17017.00, -99.89, 99.89, 8.00
10.00, 4, 250.00, -12380.00, 17062.00, -99.89, 99.89, 8.00
10.00, 4, 250.00, -12426.00, 17106.00, -99.89, 99.89, 8.00
10.00, 4, 250.00, -12473.00, 17151.00, -99.89, 99.89, 8.00
10.00, 4, 250.00, -12518.00, 17196.00, -99.89, 99.89, 8.00
10.00, 4, 250.00, -12563.00, 17239.00, -99.89, 99.89, 8.00
10.00, 4, 250.00, -12606.00, 17282.00, -99.89, 99.89, 8.00
10.00, 4, 250.00, -12651.00, 17324.00, -99.89, 99.89, 8.00
10.00, 4, 250.00, -12696.00, 17367.00, -99.89, 99.89, 8.00
10.00, 4, 250.00, -12742.00, 17410.00, -99.89, 99.89, 8.00
10.00, 4, 250.00, -12787.00, 17453.00, -99.89, 99.89, 8.00
10.00, 4, 250.00, -12830.00, 17495.00, -99.89, 99.89, 8.00
10.00, 4, 250.00, -12875.00, 17540.00, -99.89, 99.89, 8.00
10.00, 4, 250.00, -12921.00, 17584.00, -99.89, 99.89, 8.00
10.00, 4, 250.00, -12963.00, 17628.00, -99.89, 99.89, 8.00
10.00, 4, 250.00, -13007.00, 17669.00, -99.89, 99.89, 8.00
10.00, 4, 250.00, -13052.00, 17715.00, -99.89, 99.89, 8.00
10.00, 4, 250.00, -13094.00, 17761.00, -99.89, 99.89, 8.00
10.00, 4, 250.00, -13138.00, 17805.00, -99.89, 99.89, 8.00
10.00, 4, 250.00, -13183.00, 17848.00, -99.89, 99.89, 8.00
10.00, 4, 250.00, -13226.00, 17891.00, -99.89, 99.89, 8.00
10.00, 4, 250.00, -13271.00, 17934.00, -99.89, 99.89, 8.00
10.00, 4, 250.00, -13315.00, 17979.00, -99.89, 99.89, 8.00
10.00, 4, 250.00, -13358.00, 18023.00, -99.89, 99.89, 8.00
10.00, 4, 250.00, -13402.00, 18068.00, -99.89, 99.89, 8.00
10.00, 4, 250.00, -13446.00, 18111.00, -99.89, 99.89, 8.00
10.00, 4, 250.00, -13491.00, 18154.00, -99.89, 99.89, 8.00
10.00, 4, 250.00, -13536.00, 18196.00, -99.89, 99.89, 8.00
10.00, 4, 250.00, -13581.00, 18240.00, -99.89, 99.89, 8.00
10.00, 4, 250.00, -13624.00, 18283.00, -99.89, 99.89, 8.00
10.00, 4, 250.00, -13668.00, 18327.00, -99.89, 99.89, 8.00
10.00, 4, 250.00, -13713.00, 18372.00, -99.89, 99.89, 8.00
10.00, 4, 250.00, -13758.00, 18414.00, -99.89, 99.89, 8.00
10.00, 4, 250.00, -13802.00, 18455.00, -99.89, 99.89, 8.00
10.00, 4, 250.00, -13845.00, 18498.00, -99.89, 99.89, 8.00
10.00, 4, 250.00, -13888.00, 18542.00, -99.89, 99.89, 8.00
10.00, 4, 250.00, -13931.00, 18585.00, -99.89, 99.89, 8.00
10.00, 4, 250.00, -13977.00, 18627.00, -99.89, 99.89, 8.00
10.00, 4, 250.00, -14022.00, 18668.00, -99.89, 99.89, 8.00
10.00, 4, 250.00, -14065.00, 18709.00, -99.89, 99.89, 8.00
10.00, 4, 250.00, -14108.00, 18752.00, -99.89, 99.89, 8.00
10.00, 4, 250.00, -14150.00, 18796.00, -99.89, 99.89, 8.00
10.00, 4, 250.00, -14195.00, 18841.00, -99.89, 99.89, 8.00
10.00, 4, 250.00, -14237.00, 18882.00, -99.89, 99.89, 8.00
10.00, 4, 250.00, -14281.00, 18924.00, -99.89, 99.89, 8.00
10.00, 4, 250.00, -14324.00, 18966.00, -99.89, 99.89, 8.00
10.00, 4, 250.00, -14365.00, 19012.00, -99.89, 99.89, 8.00
10.00, 4, 250.00, -14410.00, 19057.00, -99.89, 99.89, 8.00
10.00, 4, 250.00, -14455.00, 19100.00, -99.89, 99.89, 8.00
10.00, 4, 250.00, -14499.00, 19142.00, -99.89, 99.89, 8.00
10.00, 4, 250.00, -14544.00, 19187.00, -99.89, 99.89, 8.00
10.00, 4, 250.00, -14588.00, 19231.00, -99.89, 99.89, 8.00
10.00, 4, 250.00, -14630.00, 19275.00, -99.89, 99.89, 8.00
10.00, 4, 250.00, -14675.00, 19320.00, -99.89, 99.89, 8.00
10.00, 4, 250.00, -14720.00, 19364.00, -99.89, 99.89, 8.00
10.00, 4, 250.00, -14766.00, 19407.00, -99.89, 99.89, 8.00
10.00, 4, 250.00, -14811.00, 19450.00, -99.89, 99.89, 8.00
10.00, 4, 250.00, -14855.00, 19495.00, -99.89, 99.89, 8.00
10.00, 4, 250.00, -14899.00, 19541.00, -99.89, 99.89, 8.00
10.00, 4, 250.00, -14945.00, 19585.00, -99.89, 99.89, 8.00
10.00, 4, 250.00, -14991.00, 19627.00, -99.89, 99.89, 8.00
10.00, 4, 250.00, -15037.00, 19671.00, -99.89, 99.89, 8.00
10.00, 4, 250.00, -15082.00, 19713.00, -99.89, 99.89, 8.00
10.00, 4, 250.00, -15126.00, 19756.00, -99.89, 99.89, 8.00
10.00, 4, 250.00, -15170.00, 19800.00, -99.89, 99.89, 8.00
10.00, 4, 250.00, -15215.00, 19844.00, -99.89, 99.89, 8.00
10.00, 4, 250.00, -15260.00, 19884.00, -99.89, 99.89, 8.00
10.00, 4, 250.00, -15305.00, 19926.00, -99.89, 99.89, 8.00
10.00, 4, 250.00, -15350.00, 19970.00, -99.89, 99.89, 8.00
10.00, 4, 250.00, -15392.00, 20014.00, -99.89, 99.89, 8.00
10.00, 4, 250.00, -15436.00, 20058.00, -99.89, 99.89, 8.00
10.00, 4, 250.00, -15482.00, 20102.00, -99.89, 99.89, 8.00
10.00, 4, 250.00, -15525.00, 20142.00, -99.89, 99.89, 8.00
10.00, 4, 250.00, -15568.00, 20184.00, -99.89, 99.89, 8.00
10.00, 4, 250.00, -15611.00, 20226.00, -99.89, 99.89, 8.00
10.00, 4, 250.00, -15654.00, 20272.00, -99.89, 99.89, 8.00
10.00, 4, 250.00, -15697.00, 20318.00, -99.89, 99.89, 8.00
10.00, 4, 250.00, -15741.00, 20361.00, -99.89, 99.89, 8.00
10.00, 4, 250.00, -15786.00, 20402.00, -99.89, 99.89, 8.00
10.00, 4, 250.00, -15829.00, 20447.00, -99.89, 99.89, 8.00
10.00, 4, 250.00, -15874.00, 20489.00, -99.89, 99.89, 8.00
10.00, 4, 250.00, -15915.00, 20536.00, -99.89, 99.89, 8.00
10.00, 4, 250.00, -15961.00, 20583.00, -99.89, 99.89, 8.00
10.00, 4, 250.00, -16005.00, 20626.00, -99.89, 99.89, 8.00
10.00, 4, 250.00, -16048.00, 20668.00, -99.89, 99.89, 8.00
10.00, 4, 250.00, -16093.00, 20710.00, -99.89, 99.89, 8.00
10.00, 4, 250.00, -16137.00, 20754.00, -99.89, 99.89, 8.00
10.00, 4, 250.00, -16179.00, 20800.00, -99.89, 99.89, 8.00
10.00, 4, 250.00, -16225.00, 20842.00, -99.89, 99.89, 8.00
10.00, 4, 250.00, -16270.00, 20886.00, -99.89, 99.89, 8.00
10.00, 4, 250.00, -16316.00, 20932.00, -99.89, 99.89, 8.00
10.00, 4, 250.00, -16359.00, 20976.00, -99.89, 99.89, 8.00
10.00, 4, 250.00, -16404.00, 21018.00, -99.89, 99.89, 8.00
10.00, 4, 250.00, -16448.00, 21062.00, -99.89, 99.89, 8.00
10.00, 4, 250.00, -16494.00, 21104.00, -99.89, 99.89, 8.00
10.00, 4, 250.00, -16539.00, 21146.00, -99.89, 99.89, 8.00
10.00, 4, 250.00, -16584.00, 21190.00, -99.89, 99.89, 8.00
10.00, 4, 250.00, -16628.00, 21233.00, -99.89, 99.89, 8.00
10.00, 4, 250.00, -16671.00, 21275.00, -99.89, 99.89, 8.00
10.00, 4, 250.00, -16713.00, 21319.00, -99.89, 99.89, 8.00
10.00, 4, 250.00, -16759.00, 21362.00, -99.89, 99.89, 8.00
10.00, 4, 250.00, -16804.00, 21406.00, -99.89, 99.89, 8.00
10.00, 4, 250.00, -16847.00, 21450.00, -99.89, 99.89, 8.00
10.00, 4, 250.00, -16892.00, 21493.00, -99.89, 99.89, 8.00
10.00, 4, 250.00, -16935.00, 21536.00, -99.89, 99.89, 8.00
10.00, 4, 250.00, -16978.00, 21582.00, -99.89, 99.89, 8.00
10.00, 4, 250.00, -17025.00, 21625.00, -99.89, 99.89, 8.00
10.00, 4, 250.00, -17069.00, 21669.00, -99.89, 99.89, 8.00
10.00, 4, 250.00, -17113.00, 21713.00, -99.89, 99.89, 8.00
10.00, 4, 250.00, -17157.00, 21755.00, -99.89, 99.89, 8.00
10.00, 4, 250.00, -17201.00, 21800.00, -99.89, 99.89, 8.00
10.00, 4, 250.00, -17245.00, 21847.00, -99.89, 99.89, 8.00
10.00, 4, 250.00, -17291.00, 21892.00, -99.89, 99.89, 8.00
10.00, 4, 250.00, -17336.00, 21934.00, -99.89, 99.89, 8.00
10.00, 4, 250.00, -17381.00, 21977.00, -99.89, 99.89, 8.00
10.00, 4, 250.00, -17426.00, 22021.00, -99.89, 99.89, 8.00
10.00, 4, 250.00, -17469.00, 22066.00, -99.89, 99.89, 8.00
10.00, 4, 250.00, -17514.00, 22108.00, -99.89, 99.89, 8.00
10.00, 4, 250.00, -17559.00, 22153.00, -99.89, 99.89, 8.00
10.00, 4, 250.00, -17604.00, 22197.00, -99.89, 99.89, 8.00
10.00, 4, 250.00, -17648.00, 22239.00, -99.89, 99.89, 8.00
10.00, 4, 250.00, -17692.00, 22281.00, -99.89, 99.89, 8.00
10.00, 4, 250.00, -17736.00, 22326.00, -99.89, 99.89, 8.00
10.00, 4, 250.00, -17780.00, 22371.00, -99.89, 99.89, 8.00
10.00, 4, 250.00, -17826.00, 22411.00, -99.89, 99.89, 8.00
10.00, 4, 250.00, -17870.00, 22454.00, -99.89, 99.89, 8.00
10.00, 4, 250.00, -17913.00, 22495.00, -99.89, 99.89, 8.00
10.00, 4, 250.00, -17956.00, 22536.00, -99.89, 99.89, 8.00
10.00, 4, 250.00, -17997.00, 22579.00, -99.89, 99.89, 8.00
10.00, 4, 250.00, -18039.00, 22624.00, -99.89, 99.89, 8.00
10.00, 4, 250.00, -18084.00, 22666.00, -99.89, 99.89, 8.00
10.00, 4, 250.00, -18128.00, 22709.00, -99.89, 99.89, 8.00
10.00, 4, 250.00, -18170.00, 22751.00, -99.89, 99.89, 8.00
10.00, 4, 250.00, -18211.00, 22792.00, -99.89, 99.89, 8.00
10.00, 4, 250.00, -18253.00, 22838.00, -99.89, 99.89, 8.00
10.00, 4, 250.00, -18299.00, 22883.00, -99.89, 99.89, 8.00
10.00, 4, 250.00, -18343.00, 22925.00, -99.89, 99.89, 8.00
10.00, 4, 250.00, -18387.00, 22968.00, -99.89, 99.89, 8.00
10.00, 4, 250.00, -18433.00, 23012.00, -99.89, 99.89, 8.00
10.00, 4, 250.00, -18475.00, 23056.00, -99.89, 99.89, 8.00
10.00, 4, 250.00, -18517.00, 23100.00, -99.89, 99.89, 8.00
10.00, 4, 250.00, -18564.00, 23144.00, -99.89, 99.89, 8.00
10.00, 4, 250.00, -18609.00, 23187.00, -99.89, 99.89, 8.00
10.00, 4, 250.00, -18654.00, 23230.00, -99.89, 99.89, 8.00
10.00, 4, 250.00, -18699.00, 23275.00, -99.89, 99.89, 8.00
10.00, 4, 250.00, -18741.00, 23319.00, -99.89, 99.89, 8.00
10.00, 4, 250.00, -18786.00, 23365.00, -99.89, 99.89, 8.00
10.00, 4, 250.00, -18834.00, 23408.00, -99.89, 99.89, 8.00
10.00, 4, 250.00, -18879.00, 23453.00, -99.89, 99.89, 8.00
10.00, 4, 250.00, -18925.00, 23496.00, -99.89, 99.89, 8.00
10.00, 4, 250.00, -18968.00, 23537.00, -99.89, 99.89, 8.00
10.00, 4, 250.00, -19010.00, 23581.00, -99.89, 99.89, 8.00
10.00, 4, 250.00, -19057.00, 23627.00, -99.89, 99.89, 8.00
10.00, 4, 250.00, -19102.00, 23668.00, -99.89, 99.89, 8.00
10.00, 4, 250.00, -19146.00, 23708.00, -99.89, 99.89, 8.00
10.00, 4, 250.00, -19192.00, 23752.00, -99.89, 99.89, 8.00
10.00, 4, 250.00, -19236.00, 23796.00, -99.89, 99.89, 8.00
10.00, 4, 250.00, -19279.00, 23839.00, -99.89, 99.89, 8.00
10.00, 4, 250.00, -19322.00, 23884.00, -99.89, 99.89, 8.00
10.00, 4, 250.00, -19368.00, 23926.00, -99.89, 99.89, 8.00
10.00, 4, 250.00, -19413.00, 23969.00, -99.89, 99.89, 8.00
10.00, 4, 250.00, -19456.00, 24012.00, -99.89, 99.89, 8.00
10.00, 4, 250.00, -19498.00, 24056.00, -99.89, 99.89, 8.00
10.00, 4, 250.00, -19541.00, 24100.00, -99.89, 99.89, 8.00
10.00, 4, 250.00, -19586.00, 24144.00, -99.89, 99.89, 8.00
10.00, 4, 250.00, -19631.00, 24186.00, -99.89, 99.89, 8.00
10.00, 4, 250.00, -19675.00, 24228.00, -99.89, 99.89, 8.00
10.00, 4, 250.00, -19720.00, 24272.00, -99.89, 99.89, 8.00
10.00, 4, 250.00, -19762.00, 24316.00, -99.89, 99.89, 8.00
10.00, 4, 250.00, -19806.00, 24363.00, -99.89, 99.89, 8.00
10.00, 4, 250.00, -19852.00, 24407.00, -99.89, 99.89, 8.00
10.00, 4, 250.00, -19896.00, 24449.00, -99.89, 99.89, 8.00
10.00, 4, 250.00, -19941.00, 24493.00, -99.89, 99.89, 8.00
10.00, 4, 250.00, -19986.00, 24536.00, -99.89, 99.89, 8.00
10.00, 4, 250.00, -20027.00, 24579.00, -99.89, 99.89, 8.00
10.00, 4, 250.00, -20072.00, 24626.00, -99.89, 99.89, 8.00
10.00, 4, 250.00, -20117.00, 24669.00, -99.89, 99.89, 8.00
10.00, 4, 250.00, -20162.00, 24712.00, -99.89, 99.89, 8.00
10.00, 4, 250.00, -20207.00, 24757.00, -99.89, 99.89, 8.00
10.00, 4, 250.00, -20250.00, 24800.00, -99.89, 99.89, 8.00
10.00, 4, 250.00, -20293.00, 24843.00, -99.89, 99.89, 8.00
10.00, 4, 250.00, -20337.00, 24886.00, -99.89, 99.89, 8.00
10.00, 4, 250.00, -20382.00, 24928.00, -99.89, 99.89, 8.00
10.00, 4, 250.00, -20427.00, 24970.00, -99.89, 99.89, 8.00
10.00, 4, 250.00, -20471.00, 25013.00, -99.89, 99.89, 8.00
10.00, 4, 250.00, -20514.00, 25058.00, -99.89, 99.89, 8.00
10.00, 4, 250.00, -20557.00, 25099.00, -99.89, 99.89, 8.00
10.00, 4, 250.00, -20601.00, 25142.00, -99.89, 99.89, 8.00
10.00, 4, 250.00, -20646.00, 25186.00, -99.89, 99.89, 8.00
10.00, 4, 250.00, -20691.00, 25230.00, -99.89, 99.89, 8.00
10.00, 4, 250.00, -20735.00, 25273.00, -99.89, 99.89, 8.00
10.00, 4, 250.00, -20778.00, 25318.00, -99.89, 99.89, 8.00
10.00, 4, 250.00, -20821.00, 25360.00, -99.89, 99.89, 8.00
10.00, 4, 250.00, -20864.00, 25406.00, -99.89, 99.89, 8.00
10.00, 4, 250.00, -20910.00, 25448.00, -99.89, 99.89, 8.00
10.00, 4, 250.00, -20957.00, 25491.00, -99.89, 99.89, 8.00
10.00, 4, 250.00, -21001.00, 25536.00, -99.89, 99.89, 8.00
10.00, 4, 250.00, -21045.00, 25580.00, -99.89, 99.89, 8.00
10.00, 4, 250.00, -21090.00, 25624.00, -99.89, 99.89, 8.00
10.00, 4, 250.00, -21135.00, 25669.00, -99.89, 99.89, 8.00
10.00, 4, 250.00, -21181.00, 25714.00, -99.89, 99.89, 8.00
10.00, 4, 250.00, -21227.00, 25759.00, -99.89, 99.89, 8.00
10.00, 4, 250.00, -21271.00, 25802.00, -99.89, 99.89, 8.00
10.00, 4, 250.00, -21315.00, 25846.00, -99.89, 99.89, 8.00
10.00, 4, 250.00, -21361.00, 25892.00, -99.89, 99.89, 8.00
10.00, 4, 250.00, -21407.00, 25935.00, -99.89, 99.89, 8.00
10.00, 4, 250.00, -21451.00, 25978.00, -99.89, 99.89, 8.00
10.00, 4, 250.00, -21496.00, 26022.00, -99.89, 99.89, 8.00
10.00, 4, 250.00, -21541.00, 26065.00, -99.89, 99.89, 8.00
10.00, 4, 250.00, -21584.00, 26109.00, -99.89, 99.89, 8.00
10.00, 4, 250.00, -21629.00, 26154.00, -99.89, 99.89, 8.00
10.00, 4, 250.00, -21675.00, 26196.00, -99.89, 99.89, 8.00
10.00, 4, 250.00, -21718.00, 26239.00, -99.89, 99.89, 8.00
10.00, 4, 250.00, -21763.00, 26281.00, -99.89, 99.89, 8.00
10.00, 4, 250.00, -21806.00, 26323.00, -99.89, 99.89, 8.00
10.00, 4, 250.00, -21848.00, 26366.00, -99.89, 99.89, 8.00
10.00, 4, 250.00, -21891.00, 26409.00, -99.89, 99.89, 8.00
10.00, 4, 250.00, -21934.00, 26451.00, -99.89, 99.89, 8.00
10.00, 4, 250.00, -21978.00, 26494.00, -99.89, 99.89, 8.00
10.00, 4, 250.00, -22021.00, 26536.00, -99.89, 99.89, 8.00
10.00, 4, 250.00, -22062.00, 26578.00, -99.89, 99.89, 8.00
10.00, 4, 250.00, -22105.00, 26624.00, -99.89, 99.89, 8.00
10.00, 4, 250.00, -22149.00, 26668.00, -99.89, 99.89, 8.00
10.00, 4, 250.00, -22193.00, 26712.00, -99.89, 99.89, 8.00
10.00, 4, 250.00, -22237.00, 26755.00, -99.89, 99.89, 8.00
10.00, 4, 250.00, -22281.00, 26798.00, -99.89, 99.89, 8.00
10.00, 4, 250.00, -22323.00, 26841.00, -99.89, 99.89, 8.00
10.00, 4, 250.00, -22367.00, 26884.00, -99.89, 99.89, 8.00
10.00, 4, 250.00, -22410.00, 26928.00, -99.89, 99.89, 8.00
10.00, 4, 250.00, -22455.00, 26972.00, -99.89, 99.89, 8.00
10.00, 4, 250.00, -22502.00, 27016.00, -99.89, 99.89, 8.00
10.00, 4, 250.00, -22546.00, 27058.00, -99.89, 99.89, 8.00
10.00, 4, 250.00, -22589.00, 27104.00, -99.89, 99.89, 8.00
10.00, 4, 250.00, -22635.00, 27149.00, -99.89, 99.89, 8.00
10.00, 4, 250.00, -22678.00, 27191.00, -99.89, 99.89, 8.00
10.00, 4, 250.00, -22724.00, 27236.00, -99.89, 99.89, 8.00
10.00, 4, 250.00, -22769.00, 27280.00, -99.89, 99.89, 8.00
10.00, 4, 250.00, -22811.00, 27323.00, -99.89, 99.89, 8.00
10.00, 4, 250.00, -22854.00, 27367.00, -99.89, 99.89, 8.00
10.00, 4, 250.00, -22900.00, 27411.00, -99.89, 99.89, 8.00
10.00, 4, 250.00, -22946.00, 27455.00, -99.89, 99.89, 8.00
10.00, 4, 250.00, -22990.00, 27496.00, -99.89, 99.89, 8.00
10.00, 4, 250.00, -23034.00, 27538.00, -99.89, 99.89, 8.00
10.00, 4, 250.00, -23078.00, 27582.00, -99.89, 99.89, 8.00
10.00, 4, 250.00, -23121.00, 27626.00, -99.89, 99.89, 8.00
10.00, 4, 250.00, -23165.00, 27668.00, -99.89, 99.89, 8.00
10.00, 4, 250.00, -23209.00, 27714.00, -99.89, 99.89, 8.00
10.00, 4, 250.00, -23253.00, 27757.00, -99.89, 99.89, 8.00
10.00, 4, 250.00, -23298.00, 27799.00, -99.89, 99.89, 8.00
10.00, 4, 250.00, -23341.00, 27842.00, -99.89, 99.89, 8.00
10.00, 4, 250.00, -23385.00, 27887.00, -99.89, 99.89, 8.00
10.00, 4, 250.00, -23428.00, 27930.00, -99.89, 99.89, 8.00
10.00, 4, 250.00, -23474.00, 27974.00, -99.89, 99.89, 8.00
10.00, 4, 250.00, -23520.00, 28017.00, -99.89, 99.89, 8.00
10.00, 4, 250.00, -23565.00, 28061.00, -99.89, 99.89, 8.00
10.00, 4, 250.00, -23607.00, 28106.00, -99.89, 99.89, 8.00
10.00, 4, 250.00, -23651.00, 28152.00, -99.89, 99.89, 8.00
10.00, 4, 250.00, -23696.00, 28197.00, -99.89, 99.89, 8.00
10.00, 4, 250.00, -23741.00, 28240.00, -99.89, 99.89, 8.00
10.00, 4, 250.00, -23786.00, 28282.00, -99.89, 99.89, 8.00
10.00, 4, 250.00, -23830.00, 28325.00, -99.89, 99.89, 8.00
10.00, 4, 250.00, -23874.00, 28369.00, -99.89, 99.89, 8.00
10.00, 4, 250.00, -23918.00, 28413.00, -99.89, 99.89, 8.00
10.00, 4, 250.00, -23962.00, 28457.00, -99.89, 99.89, 8.00
10.00, 4, 250.00, -24008.00, 28500.00, -99.89, 99.89, 8.00
10.00, 4, 250.00, -24054.00, 28544.00, -99.89, 99.89, 8.00
10.00, 4, 250.00, -24096.00, 28589.00, -99.89, 99.89, 8.00
10.00, 4, 250.00, -24140.00, 28632.00, -99.89, 99.89, 8.00
10.00, 4, 250.00, -24184.00, 28674.00, -99.89, 99.89, 8.00
10.00, 4, 250.00, -24227.00, 28719.00, -99.89, 99.89, 8.00
10.00, 4, 250.00, -24272.00, 28760.00, -99.89, 99.89, 8.00
10.00, 4, 250.00, -24315.00, 28803.00, -99.89, 99.89, 8.00
10.00, 4, 250.00, -24358.00, 28846.00, -99.89, 99.89, 8.00
10.00, 4, 250.00, -24400.00, 28889.00, -99.89, 99.89, 8.00
10.00, 4, 250.00, -24444.00, 28930.00, -99.89, 99.89, 8.00
10.00, 4, 250.00, -24488.00, 28972.00, -99.89, 99.89, 8.00
10.00, 4, 250.00, -24532.00, 29018.00, -99.89, 99.89, 8.00
10.00, 4, 250.00, -24574.00, 29061.00, -99.89, 99.89, 8.00
10.00, 4, 250.00, -24618.00, 29104.00, -99.89, 99.89, 8.00
10.00, 4, 250.00, -24662.00, 29150.00, -99.89, 99.89, 8.00
10.00, 4, 250.00, -24706.00, 29193.00, -99.89, 99.89, 8.00
10.00, 4, 250.00, -24750.00, 29236.00, -99.89, 99.89, 8.00
10.00, 4, 250.00, -24795.00, 29280.00, -99.89, 99.89, 8.00
10.00, 4, 250.00, -24840.00, 29323.00, -99.89, 99.89, 8.00
10.00, 4, 250.00, -24884.00, 29368.00, -99.89, 99.89, 8.00
10.00, 4, 250.00, -24930.00, 29413.00, -99.89, 99.89, 8.00
10.00, 4, 250.00, -24974.00, 29456.00, -99.89, 99.89, 8.00
10.00, 4, 250.00, -25020.00, 29503.00, -99.89, 99.89, 8.00
10.00, 4, 250.00, -25066.00, 29547.00, -99.89, 99.89, 8.00
10.00, 4, 250.00, -25112.00, 29590.00, -99.89, 99.89, 8.00
10.00, 4, 250.00, -25156.00, 29635.00, -99.89, 99.89, 8.00
10.00, 4, 250.00, -25203.00, 29679.00, -99.89, 99.89, 8.00
10.00, 4, 250.00, -25247.00, 29722.00, -99.89, 99.89, 8.00
10.00, 4, 250.00, -25292.00, 29766.00, -99.89, 99.89, 8.00
10.00, 4, 250.00, -25337.00, 29811.00, -99.89, 99.89, 8.00
10.00, 4, 250.00, -25381.00, 29855.00, -99.89, 99.89, 8.00
10.00, 4, 250.00, -25426.00, 29899.00, -99.89, 99.89, 8.00
10.00, 4, 250.00, -25472.00, 29941.00, -99.89, 99.89, 8.00
10.00, 4, 250.00, -25516.00, 29986.00, -99.89, 99.89, 8.00
10.00, 4, 250.00, -25562.00, 30030.00, -99.89, 99.89, 8.00
10.00, 4, 250.00, -25606.00, 30071.00, -99.89, 99.89, 8.00
10.00, 4, 250.00, -25648.00, 30114.00, -99.89, 99.89, 8.00
10.00, 4, 250.00, -25691.00, 30158.00, -99.89, 99.89, 8.00
10.00, 4, 250.00, -25735.00, 30200.00, -99.89, 99.89, 8.00
10.00, 4, 250.00, -25777.00, 30242.00, -99.89, 99.89, 8.00
10.00, 4, 250.00, -25821.00, 30288.00, -99.89, 99.89, 8.00
10.00, 4, 250.00, -25866.00, 30330.00, -99.89, 99.89, 8.00
10.00, 4, 250.00, -25909.00, 30373.00, -99.89, 99.89, 8.00
10.00, 4, 250.00, -25952.00, 30416.00, -99.89, 99.89, 8.00
10.00, 4, 250.00, -25998.00, 30460.00, -99.89, 99.89, 8.00
10.00, 4, 250.00, -26041.00, 30502.00, -99.89, 99.89, 8.00
10.00, 4, 250.00, -26084.00, 30546.00, -99.89, 99.89, 8.00
10.00, 4, 250.00, -26128.00, 30588.00, -99.89, 99.89, 8.00
10.00, 4, 250.00, -26171.00, 30633.00, -99.89, 99.89, 8.00
10.00, 4, 250.00, -26214.00, 30676.00, -99.89, 99.89, 8.00
10.00, 4, 250.00, -26259.00, 30718.00, -99.89, 99.89, 8.00
10.00, 4, 250.00, -26305.00, 30762.00, -99.89, 99.89, 8.00
10.00, 4, 250.00, -26349.00, 30806.00, -99.89, 99.89, 8.00
10.00, 4, 250.00, -26394.00, 30849.00, -99.89, 99.89, 8.00
10.00, 4, 250.00, -26437.00, 30893.00, -99.89, 99.89, 8.00
10.00, 4, 250.00, -26483.00, 30936.00, -99.89, 99.89, 8.00
10.00, 4, 250.00, -26527.00, 30979.00, -99.89, 99.89, 8.00
10.00, 4, 250.00, -26570.00, 31022.00, -99.89, 99.89, 8.00
10.00, 4, 250.00, -26616.00, 31066.00, -99.89, 99.89, 8.00
10.00, 4, 250.00, -26660.00, 31110.00, -99.89, 99.89, 8.00
10.00, 4, 250.00, -26703.00, 31152.00, -99.89, 99.89, 8.00
10.00, 4, 250.00, -26749.00, 31196.00, -99.89, 99.89, 8.00
10.00, 4, 250.00, -26794.00, 31238.00, -99.89, 99.89, 8.00
10.00, 4, 250.00, -26837.00, 31280.00, -99.89, 99.89, 8.00
10.00, 4, 250.00, -26881.00, 31322.00, -99.89, 99.89, 8.00
10.00, 4, 250.00, -26924.00, 31365.00, -99.89, 99.89, 8.00
10.00, 4, 250.00, -26967.00, 31408.00, -99.89, 99.89, 8.00
10.00, 4, 250.00, -27011.00, 31452.00, -99.89, 99.89, 8.00
10.00, 4, 250.00, -27056.00, 31494.00, -99.89, 99.89, 8.00
10.00, 4, 250.00, -27100.00, 31538.00, -99.89, 99.89, 8.00
10.00, 4, 250.00, -27143.00, 31582.00, -99.89, 99.89, 8.00
10.00, 4, 250.00, -27187.00, 31625.00, -99.89, 99.89, 8.00
10.00, 4, 250.00, -27231.00, 31669.00, -99.89, 99.89, 8.00
10.00, 4, 250.00, -27277.00, 31713.00, -99.89, 99.89, 8.00
10.00, 4, 250.00, -27322.00, 31754.00, -99.89, 99.89, 8.00
10.00, 4, 250.00, -27367.00, 31800.00, -99.89, 99.89, 8.00
10.00, 4, 250.00, -27413.00, 31844.00, -99.89, 99.89, 8.00
10.00, 4, 250.00, -27457.00, 31888.00, -99.89, 99.89, 8.00
10.00, 4, 250.00, -27500.00, 31933.00, -99.89, 99.89, 8.00
10.00, 4, 250.00, -27546.00, 31977.00, -99.89, 99.89, 8.00
10.00, 4, 250.00, -27593.00, 32019.00, -99.89, 99.89, 8.00
10.00, 4, 250.00, -27637.00, 32065.00, -99.89, 99.89, 8.00
10.00, 4, 250.00, -27681.00, 32109.00, -99.89, 99.89, 8.00
10.00, 4, 250.00, -27726.00, 32152.00, -99.89, 99.89, 8.00
10.00, 4, 250.00, -27770.00, 32198.00, -99.89, 99.89, 8.00
10.00, 4, 250.00, -27816.00, 32241.00, -99.89, 99.89, 8.00
10.00, 4, 250.00, -27860.00, 32283.00, -99.89, 99.89, 8.00
10.00, 4, 250.00, -27905.00, 32327.00, -99.89, 99.89, 8.00
10.00, 4, 250.00, -27949.00, 32372.00, -99.89, 99.89, 8.00
10.00, 4, 250.00, -27993.00, 32416.00, -99.89, 99.89, 8.00
10.00, 4, 250.00, -28038.00, 32458.00, -99.89, 99.89, 8.00
10.00, 4, 250.00, -28081.00, 32500.00, -99.89, 99.89, 8.00
10.00, 4, 250.00, -28124.00, 32543.00, -99.89, 99.89, 8.00
10.00, 4, 250.00, -28168.00, 32585.00, -99.89, 99.89, 8.00
10.00, 4, 250.00, -28210.00, 32628.00, -99.89, 99.89, 8.00
10.00, 4, 250.00, -28253.00, 32671.00, -99.89, 99.89, 8.00
10.00, 4, 250.00, -28297.00, 32713.00, -99.89, 99.89, 8.00
10.00, 4, 250.00, -28339.00, 32755.00, -99.89, 99.89, 8.00
10.00, 4, 250.00, -28382.00, 32798.00, -99.89, 99.89, 8.00
10.00, 4, 250.00, -28425.00, 32844.00, -99.89, 99.89, 8.00
10.00, 4, 250.00, -28468.00, 32888.00, -99.89, 99.89, 8.00
10.00, 4, 250.00, -28511.00, 32932.00, -99.89, 99.89, 8.00
10.00, 4, 250.00, -28555.00, 32975.00, -99.89, 99.89, 8.00
10.00, 4, 250.00, -28601.00, 33017.00, -99.89, 99.89, 8.00
10.00, 4, 250.00, -28644.00, 33060.00, -99.89, 99.89, 8.00
10.00, 4, 250.00, -28687.00, 33105.00, -99.89, 99.89, 8.00
10.00, 4, 250.00, -28733.00, 33149.00, -99.89, 99.89, 8.00
10.00, 4, 250.00, -28778.00, 33193.00, -99.89, 99.89, 8.00
10.00, 4, 250.00, -28825.00, 33237.00, -99.89, 99.89, 8.00
10.00, 4, 250.00, -28871.00, 33281.00, -99.89, 99.89, 8.00
10.00, 4, 250.00, -28915.00, 33327.00, -99.89, 99.89, 8.00
10.00, 4, 250.00, -28960.00, 33372.00, -99.89, 99.89, 8.00
10.00, 4, 250.00, -29005.00, 33416.00, -99.89, 99.89, 8.00
10.00, 4, 250.00, -29049.00, 33460.00, -99.89, 99.89, 8.00
10.00, 4, 250.00, -29095.00, 33504.00, -99.89, 99.89, 8.00
10.00, 4, 250.00, -29142.00, 33546.00, -99.89, 99.89, 8.00
10.00, 4, 250.00, -29185.00, 33591.00, -99.89, 99.89, 8.00
10.00, 4, 250.00, -29229.00, 33635.00, -99.89, 99.89, 8.00
10.00, 4, 250.00, -29277.00, 33679.00, -99.89, 99.89, 8.00
10.00, 4, 250.00, -29322.00, 33721.00, -99.89, 99.89, 8.00
10.00, 4, 250.00, -29366.00, 33765.00, -99.89, 99.89, 8.00
10.00, 4, 250.00, -29410.00, 33808.00, -99.89, 99.89, 8.00
10.00, 4, 250.00, -29454.00, 33851.00, -99.89, 99.89, 8.00
10.00, 4, 250.00, -29497.00, 33894.00, -99.89, 99.89, 8.00
10.00, 4, 250.00, -29541.00, 33937.00, -99.89, 99.89, 8.00
10.00, 4, 250.00, -29586.00, 33980.00, -99.89, 99.89, 8.00
10.00, 4, 250.00, -29629.00, 34021.00, -99.89, 99.89, 8.00
10.00, 4, 250.00, -29673.00, 34063.00, -99.89, 99.89, 8.00
10.00, 4, 250.00, -29717.00, 34110.00, -99.89, 99.89, 8.00
10.00, 4, 250.00, -29761.00, 34154.00, -99.89, 99.89, 8.00
10.00, 4, 250.00, -29805.00, 34196.00, -99.89, 99.89, 8.00
10.00, 4, 250.00, -29848.00, 34239.00, -99.89, 99.89, 8.00
10.00, 4, 250.00, -29894.00, 34284.00, -99.89, 99.89, 8.00
10.00, 4, 250.00, -29938.00, 34326.00, -99.89, 99.89, 8.00
10.00, 4, 250.00, -29981.00, 34371.00, -99.89, 99.89, 8.00
10.00, 4, 250.00, -30025.00, 34416.00, -99.89, 99.89, 8.00
10.00, 4, 250.00, -30070.00, 34459.00, -99.89, 99.89, 8.00
10.00, 4, 250.00, -30115.00, 34501.00, -99.89, 99.89, 8.00
10.00, 4, 250.00, -30160.00, 34544.00, -99.89, 99.89, 8.00
10.00, 4, 250.00, -30204.00, 34587.00, -99.89, 99.89, 8.00
10.00, 4, 250.00, -30247.00, 34632.00, -99.89, 99.89, 8.00
10.00, 4, 250.00, -30291.00, 34675.00, -99.89, 99.89, 8.00
10.00, 4, 250.00, -30335.00, 34719.00, -99.89, 99.89, 8.00
10.00, 4, 250.00, -30380.00, 34763.00, -99.89, 99.89, 8.00
10.00, 4, 250.00, -30425.00, 34806.00, -99.89, 99.89, 8.00
10.00, 4, 250.00, -30467.00, 34849.00, -99.89, 99.89, 8.00
10.00, 4, 250.00, -30510.00, 34893.00, -99.89, 99.89, 8.00
10.00, 4, 250.00, -30555.00, 34938.00, -99.89, 99.89, 8.00
10.00, 4, 250.00, -30600.00, 34979.00, -99.89, 99.89, 8.00
10.00, 4, 250.00, -30644.00, 35021.00, -99.89, 99.89, 8.00
10.00, 4, 250.00, -30689.00, 35064.00, -99.89, 99.89, 8.00
10.00, 4, 250.00, -30732.00, 35104.00, -99.89, 99.89, 8.00
10.00, 4, 250.00, -30773.00, 35147.00, -99.89, 99.89, 8.00
10.00, 4, 250.00, -30819.00, 35191.00, -99.89, 99.89, 8.00
10.00, 4, 250.00, -30861.00, 35233.00, -99.89, 99.89, 8.00
10.00, 4, 250.00, -30905.00, 35276.00, -99.89, 99.89, 8.00
10.00, 4, 250.00, -30950.00, 35319.00, -99.89, 99.89, 8.00
10.00, 4, 250.00, -30992.00, 35361.00, -99.89, 99.89, 8.00
10.00, 4, 250.00, -31034.00, 35406.00, -99.89, 99.89, 8.00
10.00, 4, 250.00, -31080.00, 35450.00, -99.89, 99.89, 8.00
10.00, 4, 250.00, -31126.00, 35492.00, -99.89, 99.89, 8.00
10.00, 4, 250.00, -31172.00, 35536.00, -99.89, 99.89, 8.00
10.00, 4, 250.00, -31218.00, 35578.00, -99.89, 99.89, 8.00
10.00, 4, 250.00, -31260.00, 35621.00, -99.89, 99.89, 8.00
10.00, 4, 250.00, -31303.00, 35667.00, -99.89, 99.89, 8.00
10.00, 4, 250.00, -31351.00, 35712.00, -99.89, 99.89, 8.00
10.00, 4, 250.00, -31395.00, 35755.00, -99.89, 99.89, 8.00
10.00, 4, 250.00, -31440.00, 35799.00, -99.89, 99.89, 8.00
10.00, 4, 250.00, -31486.00, 35842.00, -99.89, 99.89, 8.00
10.00, 4, 250.00, -31530.00, 35887.00, -99.89, 99.89, 8.00
10.00, 4, 250.00, -31574.00, 35932.00, -99.89, 99.89, 8.00
10.00, 4, 250.00, -31621.00, 35976.00, -99.89, 99.89, 8.00
10.00, 4, 250.00, -31666.00, 36019.00, -99.89, 99.89, 8.00
10.00, 4, 250.00, -31712.00, 36062.00, -99.89, 99.89, 8.00
10.00, 4, 250.00, -31755.00, 36104.00, -99.89, 99.89, 8.00
10.00, 4, 250.00, -31797.00, 36149.00, -99.89, 99.89, 8.00
10.00, 4, 250.00, -31843.00, 36196.00, -99.89, 99.89, 8.00
10.00, 4, 250.00, -31888.00, 36238.00, -99.89, 99.89, 8.00
10.00, 4, 250.00, -31932.00, 36281.00, -99.89, 99.89, 8.00
10.00, 4, 250.00, -31976.00, 36324.00, -99.89, 99.89, 8.00
10.00, 4, 250.00, -32018.00, 36364.00, -99.89, 99.89, 8.00
10.00, 4, 250.00, -32060.00, 36408.00, -99.89, 99.89, 8.00
10.00, 4, 250.00, -32104.00, 36453.00, -99.89, 99.89, 8.00
10.00, 4, 250.00, -32148.00, 36494.00, -99.89, 99.89, 8.00
10.00, 4, 250.00, -32191.00, 36534.00, -99.89, 99.89, 8.00
10.00, 4, 250.00, -32236.00, 36577.00, -99.89, 99.89, 8.00
10.00, 4, 250.00, -32279.00, 36619.00, -99.89, 99.89, 8.00
10.00, 4, 250.00, -32320.00, 36666.00, -99.89, 99.89, 8.00
10.00, 4, 250.00, -32365.00, 36712.00, -99.89, 99.89, 8.00
10.00, 4, 250.00, -32410.00, 36753.00, -99.89, 99.89, 8.00
10.00, 4, 250.00, -32452.00, 36794.00, -99.89, 99.89, 8.00
10.00, 4, 250.00, -32496.00, 36838.00, -99.89, 99.89, 8.00
10.00, 4, 250.00, -32540.00, 36880.00, -99.89, 99.89, 8.00
10.00, 4, 250.00, -32582.00, 36928.00, -99.89, 99.89, 8.00
10.00, 4, 250.00, -32629.00, 36973.00, -99.89, 99.89, 8.00
10.00, 4, 250.00, -32676.00, 37015.00, -99.89, 99.89, 8.00
10.00, 4, 250.00, -32720.00, 37058.00, -99.89, 99.89, 8.00
10.00, 4, 250.00, -32763.00, 37102.00, -99.89, 99.89, 8.00
10.00, 4, 250.00, -32807.00, 37147.00, -99.89, 99.89, 8.00
10.00, 4, 250.00, -32851.00, 37194.00, -99.89, 99.89, 8.00
10.00, 4, 250.00, -32898.00, 37238.00, -99.89, 99.89, 8.00
10.00, 4, 250.00, -32944.00, 37280.00, -99.89, 99.89, 8.00
10.00, 4, 250.00, -32988.00, 37326.00, -99.89, 99.89, 8.00
10.00, 4, 250.00, -33033.00, 37367.00, -99.89, 99.89, 8.00
10.00, 4, 250.00, -33076.00, 37411.00, -99.89, 99.89, 8.00
10.00, 4, 250.00, -33122.00, 37456.00, -99.89, 99.89, 8.00
10.00, 4, 250.00, -33167.00, 37500.00, -99.89, 99.89, 8.00
10.00, 4, 250.00, -33212.00, 37543.00, -99.89, 99.89, 8.00
10.00, 4, 250.00, -33256.00, 37586.00, -99.89, 99.89, 8.00
10.00, 4, 250.00, -33300.00, 37630.00, -99.89, 99.89, 8.00
10.00, 4, 250.00, -33341.00, 37674.00, -99.89, 99.89, 8.00
10.00, 4, 250.00, -33386.00, 37717.00, -99.89, 99.89, 8.00
10.00, 4, 250.00, -33431.00, 37759.00, -99.89, 99.89, 8.00
10.00, 4, 250.00, -33475.00, 37802.00, -99.89, 99.89, 8.00
10.00, 4, 250.00, -33519.00, 37845.00, -99.89, 99.89, 8.00
10.00, 4, 250.00, -33563.00, 37887.00, -99.89, 99.89, 8.00
10.00, 4, 250.00, -33606.00, 37932.00, -99.89, 99.89, 8.00
10.00, 4, 250.00, -33651.00, 37976.00, -99.89, 99.89, 8.00
10.00, 4, 250.00, -33696.00, 38018.00, -99.89, 99.89, 8.00
10.00, 4, 250.00, -33742.00, 38062.00, -99.89, 99.89, 8.00
10.00, 4, 250.00, -33786.00, 38107.00, -99.89, 99.89, 8.00
10.00, 4, 250.00, -33829.00, 38149.00, -99.89, 99.89, 8.00
10.00, 4, 250.00, -33872.00, 38196.00, -99.89, 99.89, 8.00
10.00, 4, 250.00, -33917.00, 38242.00, -99.89, 99.89, 8.00
10.00, 4, 250.00, -33963.00, 38284.00, -99.89, 99.89, 8.00
10.00, 4, 250.00, -34007.00, 38327.00, -99.89, 99.89, 8.00
10.00, 4, 250.00, -34054.00, 38371.00, -99.89, 99.89, 8.00
10.00, 4, 250.00, -34097.00, 38415.00, -99.89, 99.89, 8.00
10.00, 4, 250.00, -34141.00, 38462.00, -99.89, 99.89, 8.00
10.00, 4, 250.00, -34185.00, 38504.00, -99.89, 99.89, 8.00
10.00, 4, 250.00, -34230.00, 38547.00, -99.89, 99.89, 8.00
10.00, 4, 250.00, -34273.00, 38592.00, -99.89, 99.89, 8.00
10.00, 4, 250.00, -34318.00, 38634.00, -99.89, 99.89, 8.00
10.00, 4, 250.00, -34360.00, 38678.00, -99.89, 99.89, 8.00
10.00, 4, 250.00, -34403.00, 38724.00, -99.89, 99.89, 8.00
10.00, 4, 250.00, -34448.00, 38767.00, -99.89, 99.89, 8.00
10.00, 4, 250.00, -34491.00, 38808.00, -99.89, 99.89, 8.00
10.00, 4, 250.00, -34535.00, 38852.00, -99.89, 99.89, 8.00
10.00, 4, 250.00, -34578.00, 38894.00, -99.89, 99.89, 8.00
10.00, 4, 250.00, -34618.00, 38935.00, -99.89, 99.89, 8.00
10.00, 4, 250.00, -34662.00, 38977.00, -99.89, 99.89, 8.00
11.00, 4, 250.00, -34705.00, 39020.00, -99.89, 99.89, 8.00
10.00, 4, 250.00, -34748.00, 39063.00, -99.89, 99.89, 8.00
10.00, 4, 250.00, -34793.00, 39106.00, -99.89, 99.89, 8.00
10.00, 4, 250.00, -34836.00, 39147.00, -99.89, 99.89, 8.00
10.00, 4, 250.00, -34877.00, 39190.00, -99.89, 99.89, 8.00
10.00, 4, 250.00, -34921.00, 39235.00, -99.89, 99.89, 8.00
10.00, 4, 250.00, -34967.00, 39277.00, -99.89, 99.89, 8.00
10.00, 4, 250.00, -35013.00, 39319.00, -99.89, 99.89, 8.00
10.00, 4, 250.00, -35058.00, 39363.00, -99.89, 99.89, 8.00
10.00, 4, 250.00, -35100.00, 39407.00, -99.89, 99.89, 8.00
10.00, 4, 250.00, -35143.00, 39449.00, -99.89, 99.89, 8.00
10.00, 4, 250.00, -35189.00, 39494.00, -99.89, 99.89, 8.00
10.00, 4, 250.00, -35235.00, 39538.00, -99.89, 99.89, 8.00
10.00, 4, 250.00, -35281.00, 39582.00, -99.89, 99.89, 8.00
10.00, 4, 250.00, -35326.00, 39625.00, -99.89, 99.89, 8.00
10.00, 4, 250.00, -35370.00, 39670.00, -99.89, 99.89, 8.00
10.00, 4, 250.00, -35413.00, 39714.00, -99.89, 99.89, 8.00
10.00, 4, 250.00, -35460.00, 39758.00, -99.89, 99.89, 8.00
10.00, 4, 250.00, -35505.00, 39802.00, -99.89, 99.89, 8.00
10.00, 4, 250.00, -35550.00, 39847.00, -99.89, 99.89, 8.00
10.00, 4, 250.00, -35596.00, 39889.00, -99.89, 99.89, 8.00
10.00, 4, 250.00, -35640.00, 39932.00, -99.89, 99.89, 8.00
10.00, 4, 250.00, -35682.00, 39979.00, -99.89, 99.89, 8.00
10.00, 4, 250.00, -35727.00, 40023.00, -99.89, 99.89, 8.00
10.00, 4, 250.00, -35773.00, 40065.00, -99.89, 99.89, 8.00
10.00, 4, 250.00, -35817.00, 40108.00, -99.89, 99.89, 8.00
10.00, 4, 250.00, -35860.00, 40152.00, -99.89, 99.89, 8.00
10.00, 4, 250.00, -35902.00, 40193.00, -99.89, 99.89, 8.00
10.00, 4, 250.00, -35947.00, 40237.00, -99.89, 99.89, 8.00
10.00, 4, 250.00, -35991.00, 40279.00, -99.89, 99.89, 8.00
10.00, 4, 250.00, -36036.00, 40320.00, -99.89, 99.89, 8.00
10.00, 4, 250.00, -36080.00, 40363.00, -99.89, 99.89, 8.00
10.00, 4, 250.00, -36123.00, 40406.00, -99.89, 99.89, 8.00
10.00, 4, 250.00, -36165.00, 40451.00, -99.89, 99.89, 8.00
10.00, 4, 250.00, -36209.00, 40496.00, -99.89, 99.89, 8.00
10.00, 4, 250.00, -36254.00, 40539.00, -99.89, 99.89, 8.00
10.00, 4, 250.00, -36298.00, 40581.00, -99.89, 99.89, 8.00
10.00, 4, 250.00, -36344.00, 40624.00, -99.89, 99.89, 8.00
10.00, 4, 250.00, -36387.00, 40667.00, -99.89, 99.89, 8.00
10.00, 4, 250.00, -36431.00, 40711.00, -99.89, 99.89, 8.00
10.00, 4, 250.00, -36475.00, 40757.00, -99.89, 99.89, 8.00
10.00, 4, 250.00, -36520.00, 40799.00, -99.89, 99.89, 8.00
10.00, 4, 250.00, -36565.00, 40841.00, -99.89, 99.89, 8.00
10.00, 4, 250.00, -36610.00, 40886.00, -99.89, 99.89, 8.00
10.00, 4, 250.00, -36652.00, 40931.00, -99.89, 99.89, 8.00
10.00, 4, 250.00, -36695.00, 40975.00, -99.89, 99.89, 8.00
10.00, 4, 250.00, -36740.00, 41022.00, -99.89, 99.89, 8.00
10.00, 4, 250.00, -36787.00, 41065.00, -99.89, 99.89, 8.00
10.00, 4, 250.00, -36832.00, 41108.00, -99.89, 99.89, 8.00
10.00, 4, 250.00, -36876.00, 41152.00, -99.89, 99.89, 8.00
10.00, 4, 250.00, -36921.00, 41195.00, -99.89, 99.89, 8.00
10.00, 4, 250.00, -36964.00, 41240.00, -99.89, 99.89, 8.00
10.00, 4, 250.00, -37009.00, 41284.00, -99.89, 99.89, 8.00
10.00, 4, 250.00, -37055.00, 41326.00, -99.89, 99.89, 8.00
10.00, 4, 250.00, -37098.00, 41370.00, -99.89, 99.89, 8.00
10.00, 4, 250.00, -37142.00, 41415.00, -99.89, 99.89, 8.00
10.00, 4, 250.00, -37184.00, 41457.00, -99.89, 99.89, 8.00
10.00, 4, 250.00, -37227.00, 41500.00, -99.89, 99.89, 8.00
10.00, 4, 250.00, -37271.00, 41543.00, -99.89, 99.89, 8.00
10.00, 4, 250.00, -37317.00, 41585.00, -99.89, 99.89, 8.00
10.00, 4, 250.00, -37363.00, 41629.00, -99.89, 99.89, 8.00
10.00, 4, 250.00, -37407.00, 41671.00, -99.89, 99.89, 8.00
10.00, 4, 250.00, -37451.00, 41716.00, -99.89, 99.89, 8.00
10.00, 4, 250.00, -37496.00, 41759.00, -99.89, 99.89, 8.00
10.00, 4, 250.00, -37540.00, 41803.00, -99.89, 99.89, 8.00
10.00, 4, 250.00, -37584.00, 41846.00, -99.89, 99.89, 8.00
10.00, 4, 250.00, -37630.00, 41890.00, -99.89, 99.89, 8.00
10.00, 4, 250.00, -37673.00, 41935.00, -99.89, 99.89, 8.00
10.00, 4, 250.00, -37718.00, 41979.00, -99.89, 99.89, 8.00
10.00, 4, 250.00, -37764.00, 42022.00, -99.89, 99.89, 8.00
10.00, 4, 250.00, -37809.00, 42067.00, -99.89, 99.89, 8.00
10.00, 4, 250.00, -37856.00, 42111.00, -99.89, 99.89, 8.00
10.00, 4, 250.00, -37901.00, 42156.00, -99.89, 99.89, 8.00
10.00, 4, 250.00, -37944.00, 42200.00, -99.89, 99.89, 8.00
10.00, 4, 250.00, -37989.00, 42243.00, -99.89, 99.89, 8.00
10.00, 4, 250.00, -38033.00, 42289.00, -99.89, 99.89, 8.00
10.00, 4, 250.00, -38077.00, 42333.00, -99.89, 99.89, 8.00
10.00, 4, 250.00, -38123.00, 42377.00, -99.89, 99.89, 8.00
10.00, 4, 250.00, -38167.00, 42421.00, -99.89, 99.89, 8.00
10.00, 4, 250.00, -38211.00, 42465.00, -99.89, 99.89, 8.00
10.00, 4, 250.00, -38254.00, 42509.00, -99.89, 99.89, 8.00
10.00, 4, 250.00, -38299.00, 42554.00, -99.89, 99.89, 8.00
10.00, 4, 250.00, -38342.00, 42596.00, -99.89, 99.89, 8.00
10.00, 4, 250.00, -38386.00, 42639.00, -99.89, 99.89, 8.00
10.00, 4, 250.00, -38429.00, 42682.00, -99.89, 99.89, 8.00
10.00, 4, 250.00, -38470.00, 42726.00, -99.89, 99.89, 8.00
10.00, 4, 250.00, -38512.00, 42766.00, -99.89, 99.89, 8.00
10.00, 4, 250.00, -38555.00, 42809.00, -99.89, 99.89, 8.00
10.00, 4, 250.00, -38599.00, 42852.00, -99.89, 99.89, 8.00
10.00, 4, 250.00, -38643.00, 42894.00, -99.89, 99.89, 8.00
10.00, 4, 250.00, -38686.00, 42937.00, -99.89, 99.89, 8.00
10.00, 4, 250.00, -38729.00, 42981.00, -99.89, 99.89, 8.00
10.00, 4, 250.00, -38773.00, 43022.00, -99.89, 99.89, 8.00
10.00, 4, 250.00, -38817.00, 43065.00, -99.89, 99.89, 8.00
10.00, 4, 250.00, -38862.00, 43108.00, -99.89, 99.89, 8.00
10.00, 4, 250.00, -38908.00, 43151.00, -99.89, 99.89, 8.00
10.00, 4, 250.00, -38952.00, 43196.00, -99.89, 99.89, 8.00
10.00, 4, 250.00, -38995.00, 43238.00, -99.89, 99.89, 8.00
10.00, 4, 250.00, -39040.00, 43280.00, -99.89, 99.89, 8.00
10.00, 4, 250.00, -39084.00, 43324.00, -99.89, 99.89, 8.00
10.00, 4, 250.00, -39130.00, 43370.00, -99.89, 99.89, 8.00
10.00, 4, 250.00, -39175.00, 43413.00, -99.89, 99.89, 8.00
10.00, 4, 250.00, -39218.00, 43457.00, -99.89, 99.89, 8.00
10.00, 4, 250.00, -39263.00, 43501.00, -99.89, 99.89, 8.00
10.00, 4, 250.00, -39309.00, 43544.00, -99.89, 99.89, 8.00
10.00, 4, 250.00, -39354.00, 43587.00, -99.89, 99.89, 8.00
10.00, 4, 250.00, -39400.00, 43632.00, -99.89, 99.89, 8.00
10.00, 4, 250.00, -39444.00, 43675.00, -99.89, 99.89, 8.00
10.00, 4, 250.00, -39487.00, 43718.00, -99.89, 99.89, 8.00
10.00, 4, 250.00, -39532.00, 43763.00, -99.89, 99.89, 8.00
10.00, 4, 250.00, -39576.00, 43808.00, -99.89, 99.89, 8.00
10.00, 4, 250.00, -39619.00, 43852.00, -99.89, 99.89, 8.00
10.00, 4, 250.00, -39665.00, 43895.00, -99.89, 99.89, 8.00
10.00, 4, 250.00, -39708.00, 43938.00, -99.89, 99.89, 8.00
10.00, 4, 250.00, -39751.00, 43982.00, -99.89, 99.89, 8.00
10.00, 4, 250.00, -39796.00, 44023.00, -99.89, 99.89, 8.00
10.00, 4, 250.00, -39840.00, 44066.00, -99.89, 99.89, 8.00
10.00, 4, 250.00, -39885.00, 44109.00, -99.89, 99.89, 8.00
10.00, 4, 250.00, -39930.00, 44152.00, -99.89, 99.89, 8.00
10.00, 4, 250.00, -39973.00, 44194.00, -99.89, 99.89, 8.00
10.00, 4, 250.00, -40015.00, 44238.00, -99.89, 99.89, 8.00
10.00, 4, 250.00, -40060.00, 44283.00, -99.89, 99.89, 8.00
10.00, 4, 250.00, -40105.00, 44325.00, -99.89, 99.89, 8.00
10.00, 4, 250.00, -40149.00, 44369.00, -99.89, 99.89, 8.00
10.00, 4, 250.00, -40195.00, 44412.00, -99.89, 99.89, 8.00
10.00, 4, 250.00, -40238.00, 44456.00, -99.89, 99.89, 8.00
10.00, 4, 250.00, -40283.00, 44500.00, -99.89, 99.89, 8.00
10.00, 4, 250.00, -40328.00, 44543.00, -99.89, 99.89, 8.00
10.00, 4, 250.00, -40371.00, 44587.00, -99.89, 99.89, 8.00
10.00, 4, 250.00, -40417.00, 44631.00, -99.89, 99.89, 8.00
10.00, 4, 250.00, -40462.00, 44675.00, -99.89, 99.89, 8.00
10.00, 4, 250.00, -40504.00, 44719.00, -99.89, 99.89, 8.00
10.00, 4, 250.00, -40548.00, 44764.00, -99.89, 99.89, 8.00
10.00, 4, 250.00, -40594.00, 44807.00, -99.89, 99.89, 8.00
10.00, 4, 250.00, -40636.00, 44852.00, -99.89, 99.89, 8.00
10.00, 4, 250.00, -40681.00, 44896.00, -99.89, 99.89, 8.00
10.00, 4, 250.00, -40726.00, 44938.00, -99.89, 99.89, 8.00
10.00, 4, 250.00, -40768.00, 44983.00, -99.89, 99.89, 8.00
10.00, 4, 250.00, -40813.00, 45027.00, -99.89, 99.89, 8.00
10.00, 4, 250.00, -40856.00, 45069.00, -99.89, 99.89, 8.00
10.00, 4, 250.00, -40900.00, 45115.00, -99.89, 99.89, 8.00
10.00, 4, 250.00, -40942.00, 45158.00, -99.89, 99.89, 8.00
10.00, 4, 250.00, -40985.00, 45201.00, -99.89, 99.89, 8.00
10.00, 4, 250.00, -41029.00, 45246.00, -99.89, 99.89, 8.00
10.00, 4, 250.00, -41074.00, 45288.00, -99.89, 99.89, 8.00
10.00, 4, 250.00, -41117.00, 45329.00, -99.89, 99.89, 8.00
10.00, 4, 250.00, -41162.00, 45373.00, -99.89, 99.89, 8.00
10.00, 4, 250.00, -41207.00, 45415.00, -99.89, 99.89, 8.00
10.00, 4, 250.00, -41251.00, 45457.00, -99.89, 99.89, 8.00
10.00, 4, 250.00, -41294.00, 45502.00, -99.89, 99.89, 8.00
10.00, 4, 250.00, -41340.00, 45546.00, -99.89, 99.89, 8.00
10.00, 4, 250.00, -41385.00, 45588.00, -99.89, 99.89, 8.00
10.00, 4, 250.00, -41430.00, 45632.00, -99.89, 99.89, 8.00
10.00, 4, 250.00, -41475.00, 45676.00, -99.89, 99.89, 8.00
10.00, 4, 250.00, -41521.00, 45720.00, -99.89, 99.89, 8.00
10.00, 4, 250.00, -41566.00, 45764.00, -99.89, 99.89, 8.00
10.00, 4, 250.00, -41612.00, 45808.00, -99.89, 99.89, 8.00
10.00, 4, 250.00, -41657.00, 45852.00, -99.89, 99.89, 8.00
10.00, 4, 250.00, -41702.00, 45898.00, -99.89, 99.89, 8.00
10.00, 4, 250.00, -41747.00, 45941.00, -99.89, 99.89, 8.00
10.00, 4, 250.00, -41791.00, 45985.00, -99.89, 99.89, 8.00
10.00, 4, 250.00, -41837.00, 46030.00, -99.89, 99.89, 8.00
10.00, 4, 250.00, -41882.00, 46073.00, -99.89, 99.89, 8.00
10.00, 4, 250.00, -41926.00, 46117.00, -99.89, 99.89, 8.00
10.00, 4, 250.00, -41971.00, 46161.00, -99.89, 99.89, 8.00
10.00, 4, 250.00, -42016.00, 46207.00, -99.89, 99.89, 8.00
10.00, 4, 250.00, -42059.00, 46252.00, -99.89, 99.89, 8.00
10.00, 4, 250.00, -42103.00, 46295.00, -99.89, 99.89, 8.00
10.00, 4, 250.00, -42148.00, 46337.00, -99.89, 99.89, 8.00
10.00, 4, 250.00, -42192.00, 46383.00, -99.89, 99.89, 8.00
10.00, 4, 250.00, -42235.00, 46426.00, -99.89, 99.89, 8.00
10.00, 4, 250.00, -42277.00, 46469.00, -99.89, 99.89, 8.00
10.00, 4, 250.00, -42320.00, 46513.00, -99.89, 99.89, 8.00
10.00, 4, 250.00, -42363.00, 46555.00, -99.89, 99.89, 8.00
10.00, 4, 250.00, -42407.00, 46596.00, -99.89, 99.89, 8.00
10.00, 4, 250.00, -42451.00, 46640.00, -99.89, 99.89, 8.00
10.00, 4, 250.00, -42494.00, 46684.00, -99.89, 99.89, 8.00
10.00, 4, 250.00, -42537.00, 46727.00, -99.89, 99.89, 8.00
10.00, 4, 250.00, -42579.00, 46771.00, -99.89, 99.89, 8.00
10.00, 4, 250.00, -42624.00, 46813.00, -99.89, 99.89, 8.00
10.00, 4, 250.00, -42669.00, 46855.00, -99.89, 99.89, 8.00
10.00, 4, 250.00, -42712.00, 46898.00, -99.89, 99.89, 8.00
10.00, 4, 250.00, -42756.00, 46942.00, -99.89, 99.89, 8.00
10.00, 4, 250.00, -42800.00, 46985.00, -99.89, 99.89, 8.00
10.00, 4, 250.00, -42844.00, 47030.00, -99.89, 99.89, 8.00
10.00, 4, 250.00, -42889.00, 47073.00, -99.89, 99.89, 8.00
10.00, 4, 250.00, -42934.00, 47113.00, -99.89, 99.89, 8.00
10.00, 4, 250.00, -42979.00, 47159.00, -99.89, 99.89, 8.00
10.00, 4, 250.00, -43023.00, 47204.00, -99.89, 99.89, 8.00
10.00, 4, 250.00, -43068.00, 47247.00, -99.89, 99.89, 8.00
10.00, 4, 250.00, -43112.00, 47292.00, -99.89, 99.89, 8.00
10.00, 4, 250.00, -43157.00, 47335.00, -99.89, 99.89, 8.00
10.00, 4, 250.00, -43203.00, 47376.00, -99.89, 99.89, 8.00
10.00, 4, 250.00, -43247.00, 47420.00, -99.89, 99.89, 8.00
10.00, 4, 250.00, -43290.00, 47465.00, -99.89, 99.89, 8.00
10.00, 4, 250.00, -43333.00, 47508.00, -99.89, 99.89, 8.00
10.00, 4, 250.00, -43378.00, 47552.00, -99.89, 99.89, 8.00
10.00, 4, 250.00, -43423.00, 47596.00, -99.89, 99.89, 8.00
