33460.00, 4, 250.00, 1464.00, 2312.00, 100.00, 100.00, 9.00
10.00, 4, 250.00, 1466.00, 2316.00, -87.80, 100.00, 9.00
10.00, 4, 250.00, 1469.00, 2329.00, -87.34, 100.00, 9.00
10.00, 4, 250.00, 1465.00, 2347.00, -85.31, 100.00, 9.00
10.00, 4, 250.00, 1451.00, 2372.00, -86.33, 100.00, 9.00
10.00, 4, 250.00, 1431.00, 2401.00, -91.19, 100.00, 9.00
10.00, 4, 250.00, 1407.00, 2431.00, -95.71, 100.00, 9.00
10.00, 4, 250.00, 1381.00, 2465.00, -98.19, 100.00, 9.00
10.00, 4, 250.00, 1351.00, 2500.00, -99.21, 100.00, 9.00
10.00, 4, 250.00, 1319.00, 2536.00, -99.66, 100.00, 9.00
10.00, 4, 250.00, 1284.00, 2574.00, -99.89, 100.00, 9.00
10.00, 4, 250.00, 1250.00, 2612.00, -99.89, 100.00, 9.00
10.00, 4, 250.00, 1212.00, 2652.00, -99.89, 100.00, 9.00
10.00, 4, 250.00, 1175.00, 2692.00, -99.89, 100.00, 9.00
10.00, 4, 250.00, 1135.00, 2732.00, -99.89, 100.00, 9.00
10.00, 4, 250.00, 1094.00, 2774.00, -99.89, 100.00, 9.00
10.00, 4, 250.00, 1054.00, 2815.00, -99.89, 100.00, 9.00
10.00, 4, 250.00, 1014.00, 2856.00, -99.89, 100.00, 9.00
10.00, 4, 250.00, 975.00, 2900.00, -100.00, 100.00, 9.00
10.00, 4, 250.00, 932.00, 2944.00, -100.00, 100.00, 9.00
10.00, 4, 250.00, 891.00, 2987.00, -100.00, 100.00, 9.00
10.00, 4, 250.00, 849.00, 3030.00, -100.00, 100.00, 9.00
10.00, 4, 250.00, 807.00, 3072.00, -100.00, 100.00, 9.00
10.00, 4, 250.00, 765.00, 3116.00, -100.00, 100.00, 9.00
10.00, 4, 250.00, 724.00, 3160.00, -100.00, 100.00, 9.00
10.00, 4, 250.00, 682.00, 3204.00, -100.00, 99.89, 9.00
10.00, 4, 250.00, 638.00, 3248.00, -100.00, 99.89, 9.00
10.00, 4, 250.00, 596.00, 3290.00, -100.00, 99.89, 9.00
10.00, 4, 250.00, 553.00, 3331.00, -100.00, 99.89, 9.00
10.00, 4, 250.00, 510.00, 3376.00, -100.00, 99.89, 9.00
10.00, 4, 250.00, 468.00, 3420.00, -100.00, 99.89, 9.00
10.00, 4, 250.00, 425.00, 3464.00, -100.00, 99.66, 9.00
10.00, 4, 250.00, 381.00, 3508.00, -100.00, 98.42, 9.00
10.00, 4, 250.00, 338.00, 3549.00, -100.00, 92.54, 9.00
10.00, 4, 250.00, 293.00, 3591.00, -100.00, 65.99, 9.00
10.00, 4, 250.00, 250.00, 3632.00, -100.00, -2.71, 9.00
10.00, 4, 250.00, 208.00, 3669.00, -100.00, -67.91, 9.00
10.00, 4, 250.00, 163.00, 3699.00, -100.00, -91.98, 9.00
10.00, 4, 250.00, 119.00, 3715.00, -100.00, -97.51, 9.00
10.00, 4, 250.00, 74.00, 3719.00, -100.00, -98.76, 9.00
10.00, 4, 250.00, 32.00, 3716.00, -100.00, -99.10, 9.00
10.00, 4, 250.00, -10.00, 3704.00, -100.00, -98.98, 9.00
10.00, 4, 250.00, -55.00, 3687.00, -100.00, -98.64, 9.00
10.00, 4, 250.00, -99.00, 3664.00, -99.89, -97.40, 9.00
10.00, 4, 250.00, -143.00, 3638.00, -99.89, -94.24, 9.00
10.00, 4, 250.00, -189.00, 3607.00, -99.89, -85.54, 9.00
10.00, 4, 250.00, -233.00, 3575.00, -99.89, -59.89, 9.00
10.00, 4, 250.00, -276.00, 3545.00, -99.89, -6.67, 9.00
10.00, 4, 250.00, -318.00, 3521.00, -99.89, 47.68, 9.00
10.00, 4, 250.00, -361.00, 3500.00, -99.89, 77.18, 9.00
10.00, 4, 250.00, -404.00, 3488.00, -99.55, 89.27, 9.00
10.00, 4, 250.00, -448.00, 3488.00, -97.97, 94.01, 9.00
10.00, 4, 250.00, -491.00, 3499.00, -89.15, 94.46, 9.00
10.00, 4, 250.00, -533.00, 3516.00, -53.22, 92.54, 9.00
10.00, 4, 250.00, -573.00, 3537.00, 20.45, 87.12, 9.00
10.00, 4, 250.00, -608.00, 3562.00, 76.50, 72.99, 9.00
10.00, 4, 250.00, -634.00, 3588.00, 93.79, 43.05, 9.00
10.00, 4, 250.00, -646.00, 3612.00, 97.85, -2.71, 9.00
10.00, 4, 250.00, -648.00, 3634.00, 98.76, -47.46, 9.00
10.00, 4, 250.00, -639.00, 3647.00, 98.98, -74.58, 9.00
10.00, 4, 250.00, -623.00, 3652.00, 98.76, -84.97, 9.00
10.00, 4, 250.00, -603.00, 3651.00, 97.85, -88.36, 9.00
10.00, 4, 250.00, -578.00, 3643.00, 95.59, -88.70, 9.00
10.00, 4, 250.00, -550.00, 3628.00, 88.81, -85.99, 9.00
10.00, 4, 250.00, -520.00, 3607.00, 71.19, -77.06, 9.00
10.00, 4, 250.00, -490.00, 3584.00, 29.60, -56.05, 9.00
10.00, 4, 250.00, -461.00, 3562.00, -25.54, -18.19, 9.00
10.00, 4, 250.00, -438.00, 3540.00, -67.91, 24.07, 9.00
10.00, 4, 250.00, -423.00, 3523.00, -87.01, 58.76, 9.00
10.00, 4, 250.00, -420.00, 3513.00, -93.22, 77.97, 9.00
10.00, 4, 250.00, -427.00, 3511.00, -94.46, 85.08, 9.00
10.00, 4, 250.00, -443.00, 3519.00, -93.22, 87.12, 9.00
10.00, 4, 250.00, -462.00, 3533.00, -88.70, 83.95, 9.00
10.00, 4, 250.00, -486.00, 3554.00, -78.53, 74.69, 9.00
10.00, 4, 250.00, -511.00, 3576.00, -54.58, 54.80, 9.00
10.00, 4, 250.00, -536.00, 3598.00, -12.32, 18.42, 9.00
10.00, 4, 250.00, -559.00, 3620.00, 34.80, -25.54, 9.00
10.00, 4, 250.00, -578.00, 3636.00, 68.14, -59.89, 9.00
10.00, 4, 250.00, -585.00, 3644.00, 83.95, -77.85, 9.00
10.00, 4, 250.00, -585.00, 3645.00, 89.27, -83.84, 9.00
10.00, 4, 250.00, -577.00, 3639.00, 89.60, -85.54, 9.00
10.00, 4, 250.00, -562.00, 3626.00, 87.12, -83.84, 9.00
10.00, 4, 250.00, -542.00, 3605.00, 78.76, -75.37, 9.00
10.00, 4, 250.00, -519.00, 3584.00, 60.11, -53.11, 9.00
10.00, 4, 250.00, -495.00, 3564.00, 24.18, -19.66, 9.00
10.00, 4, 250.00, -473.00, 3544.00, -19.89, 20.90, 9.00
10.00, 4, 250.00, -453.00, 3527.00, -57.29, 54.12, 9.00
10.00, 4, 250.00, -444.00, 3517.00, -78.53, 74.46, 9.00
10.00, 4, 250.00, -444.00, 3516.00, -85.42, 83.39, 9.00
10.00, 4, 250.00, -452.00, 3524.00, -87.01, 85.31, 9.00
10.00, 4, 250.00, -468.00, 3538.00, -83.28, 82.82, 9.00
10.00, 4, 250.00, -487.00, 3558.00, -73.67, 73.90, 9.00
10.00, 4, 250.00, -509.00, 3580.00, -50.28, 54.01, 9.00
10.00, 4, 250.00, -531.00, 3602.00, -16.16, 22.49, 9.00
10.00, 4, 250.00, -552.00, 3623.00, 25.99, -17.06, 9.00
10.00, 4, 250.00, -568.00, 3640.00, 60.11, -49.49, 9.00
10.00, 4, 250.00, -576.00, 3648.00, 77.97, -66.33, 9.00
10.00, 4, 250.00, -575.00, 3650.00, 84.52, -72.77, 9.00
10.00, 4, 250.00, -566.00, 3647.00, 85.08, -70.40, 9.00
10.00, 4, 250.00, -552.00, 3636.00, 80.90, -62.49, 9.00
10.00, 4, 250.00, -534.00, 3620.00, 70.17, -37.97, 9.00
10.00, 4, 250.00, -511.00, 3602.00, 47.80, 2.82, 9.00
10.00, 4, 250.00, -490.00, 3589.00, 10.85, 50.17, 9.00
10.00, 4, 250.00, -471.00, 3579.00, -30.96, 77.85, 9.00
10.00, 4, 250.00, -456.00, 3580.00, -59.77, 90.17, 9.00
10.00, 4, 250.00, -450.00, 3589.00, -77.06, 94.58, 9.00
10.00, 4, 250.00, -452.00, 3605.00, -82.71, 96.27, 9.00
10.00, 4, 250.00, -463.00, 3626.00, -82.71, 96.95, 9.00
10.00, 4, 250.00, -481.00, 3651.00, -77.18, 97.06, 9.00
10.00, 4, 250.00, -501.00, 3679.00, -60.00, 97.18, 9.00
10.00, 4, 250.00, -521.00, 3710.00, -31.41, 96.95, 9.00
10.00, 4, 250.00, -542.00, 3742.00, 8.14, 96.61, 9.00
10.00, 4, 250.00, -559.00, 3774.00, 46.67, 95.93, 9.00
10.00, 4, 250.00, -571.00, 3809.00, 69.15, 95.14, 9.00
10.00, 4, 250.00, -572.00, 3845.00, 79.89, 93.79, 9.00
10.00, 4, 250.00, -566.00, 3884.00, 82.15, 91.41, 9.00
10.00, 4, 250.00, -553.00, 3921.00, 78.31, 85.54, 9.00
10.00, 4, 250.00, -536.00, 3958.00, 66.78, 75.59, 9.00
10.00, 4, 250.00, -515.00, 3995.00, 44.52, 60.68, 9.00
10.00, 4, 250.00, -497.00, 4031.00, 7.12, 32.20, 9.00
10.00, 4, 250.00, -478.00, 4064.00, -30.73, -4.63, 9.00
10.00, 4, 250.00, -465.00, 4090.00, -59.77, -41.13, 9.00
10.00, 4, 250.00, -458.00, 4116.00, -76.38, -64.86, 9.00
10.00, 4, 250.00, -461.00, 4131.00, -83.73, -79.66, 9.00
10.00, 4, 250.00, -472.00, 4132.00, -84.97, -87.46, 9.00
10.00, 4, 250.00, -489.00, 4123.00, -81.13, -88.36, 9.00
10.00, 4, 250.00, -509.00, 4111.00, -73.11, -86.33, 9.00
10.00, 4, 250.00, -532.00, 4093.00, -58.08, -81.47, 9.00
10.00, 4, 250.00, -554.00, 4071.00, -37.74, -72.54, 9.00
10.00, 4, 250.00, -577.00, 4048.00, -11.98, -56.27, 9.00
10.00, 4, 250.00, -598.00, 4023.00, 13.45, -32.77, 9.00
10.00, 4, 250.00, -614.00, 3999.00, 34.35, -3.84, 9.00
10.00, 4, 250.00, -623.00, 3975.00, 45.88, 22.37, 9.00
10.00, 4, 250.00, -627.00, 3959.00, 49.94, 43.16, 9.00
10.00, 4, 250.00, -623.00, 3952.00, 49.38, 55.71, 9.00
10.00, 4, 250.00, -616.00, 3951.00, 42.60, 59.44, 9.00
10.00, 4, 250.00, -606.00, 3957.00, 32.43, 59.55, 9.00
10.00, 4, 250.00, -595.00, 3968.00, 22.03, 57.40, 9.00
10.00, 4, 250.00, -584.00, 3981.00, 11.98, 54.01, 9.00
10.00, 4, 250.00, -574.00, 3997.00, 3.50, 50.96, 9.00
10.00, 4, 250.00, -566.00, 4016.00, -1.36, 48.59, 9.00
10.00, 4, 250.00, -561.00, 4034.00, -4.75, 47.68, 9.00
10.00, 4, 250.00, -556.00, 4053.00, -5.99, 48.36, 9.00
10.00, 4, 250.00, -554.00, 4072.00, -6.44, 50.51, 9.00
10.00, 4, 250.00, -554.00, 4091.00, -6.21, 53.67, 9.00
10.00, 4, 250.00, -554.00, 4112.00, -5.99, 57.63, 9.00
10.00, 4, 250.00, -554.00, 4133.00, -5.76, 62.15, 9.00
10.00, 4, 250.00, -555.00, 4155.00, -5.76, 67.01, 9.00
10.00, 4, 250.00, -555.00, 4178.00, -6.21, 71.75, 9.00
10.00, 4, 250.00, -556.00, 4203.00, -6.44, 76.27, 9.00
10.00, 4, 250.00, -557.00, 4229.00, -7.46, 80.23, 9.00
10.00, 4, 250.00, -558.00, 4256.00, -7.91, 84.07, 9.00
10.00, 4, 250.00, -559.00, 4287.00, -9.27, 87.12, 9.00
10.00, 4, 250.00, -561.00, 4318.00, -10.73, 90.06, 9.00
10.00, 4, 250.00, -563.00, 4349.00, -14.01, 92.20, 9.00
10.00, 4, 250.00, -565.00, 4384.00, -15.71, 93.90, 9.00
10.00, 4, 250.00, -569.00, 4420.00, -18.42, 95.37, 9.00
10.00, 4, 250.00, -572.00, 4455.00, -23.16, 96.61, 9.00
10.00, 4, 250.00, -576.00, 4493.00, -26.89, 97.51, 9.00
10.00, 4, 250.00, -583.00, 4531.00, -31.64, 98.08, 9.00
10.00, 4, 250.00, -590.00, 4569.00, -38.31, 98.64, 9.00
10.00, 4, 250.00, -600.00, 4608.00, -45.54, 99.10, 9.00
10.00, 4, 250.00, -611.00, 4648.00, -54.80, 99.32, 9.00
10.00, 4, 250.00, -625.00, 4688.00, -62.94, 99.55, 9.00
10.00, 4, 250.00, -642.00, 4728.00, -71.86, 99.66, 9.00
10.00, 4, 250.00, -660.00, 4768.00, -80.23, 99.77, 9.00
10.00, 4, 250.00, -682.00, 4809.00, -86.89, 99.89, 9.00
10.00, 4, 250.00, -707.00, 4850.00, -91.98, 99.89, 9.00
10.00, 4, 250.00, -734.00, 4891.00, -95.59, 99.89, 9.00
10.00, 4, 250.00, -765.00, 4934.00, -97.63, 99.89, 9.00
10.00, 4, 250.00, -796.00, 4974.00, -98.87, 99.89, 9.00
10.00, 4, 250.00, -830.00, 5014.00, -99.44, 99.89, 9.00
10.00, 4, 250.00, -866.00, 5056.00, -99.66, 99.89, 9.00
10.00, 4, 250.00, -904.00, 5098.00, -99.77, 99.89, 9.00
10.00, 4, 250.00, -941.00, 5142.00, -99.89, 99.89, 9.00
10.00, 4, 250.00, -981.00, 5184.00, -99.89, 99.89, 9.00
10.00, 4, 250.00, -1022.00, 5227.00, -99.89, 99.89, 9.00
10.00, 4, 250.00, -1062.00, 5271.00, -99.89, 99.89, 9.00
10.00, 4, 250.00, -1103.00, 5316.00, -99.89, 99.89, 9.00
10.00, 4, 250.00, -1145.00, 5359.00, -99.89, 99.89, 9.00
10.00, 4, 250.00, -1187.00, 5403.00, -99.89, 99.89, 9.00
10.00, 4, 250.00, -1230.00, 5449.00, -99.89, 99.89, 9.00
10.00, 4, 250.00, -1272.00, 5492.00, -99.89, 99.89, 9.00
10.00, 4, 250.00, -1315.00, 5536.00, -99.89, 99.89, 9.00
10.00, 4, 250.00, -1357.00, 5580.00, -99.89, 99.89, 9.00
10.00, 4, 250.00, -1400.00, 5625.00, -99.89, 99.89, 9.00
10.00, 4, 250.00, -1443.00, 5669.00, -99.89, 99.89, 9.00
10.00, 4, 250.00, -1487.00, 5711.00, -99.89, 99.89, 9.00
10.00, 4, 250.00, -1530.00, 5755.00, -99.89, 99.89, 9.00
10.00, 4, 250.00, -1571.00, 5800.00, -99.89, 99.89, 9.00
10.00, 4, 250.00, -1613.00, 5843.00, -99.89, 99.89, 9.00
10.00, 4, 250.00, -1656.00, 5886.00, -99.89, 99.89, 9.00
10.00, 4, 250.00, -1698.00, 5930.00, -99.89, 99.89, 9.00
10.00, 4, 250.00, -1741.00, 5973.00, -99.89, 99.89, 9.00
10.00, 4, 250.00, -1783.00, 6016.00, -99.89, 99.89, 9.00
10.00, 4, 250.00, -1825.00, 6059.00, -99.89, 99.89, 9.00
10.00, 4, 250.00, -1867.00, 6103.00, -99.89, 99.89, 9.00
10.00, 4, 250.00, -1911.00, 6145.00, -99.89, 99.89, 9.00
10.00, 4, 250.00, -1953.00, 6186.00, -99.89, 99.89, 9.00
10.00, 4, 250.00, -1996.00, 6229.00, -99.89, 99.89, 9.00
10.00, 4, 250.00, -2043.00, 6272.00, -99.89, 99.89, 9.00
10.00, 4, 250.00, -2086.00, 6315.00, -99.89, 99.89, 9.00
10.00, 4, 250.00, -2129.00, 6358.00, -99.89, 99.89, 9.00
10.00, 4, 250.00, -2174.00, 6401.00, -99.89, 99.89, 9.00
10.00, 4, 250.00, -2218.00, 6442.00, -99.89, 99.89, 9.00
10.00, 4, 250.00, -2262.00, 6486.00, -99.89, 99.89, 9.00
10.00, 4, 250.00, -2308.00, 6529.00, -99.89, 99.89, 9.00
10.00, 4, 250.00, -2350.00, 6573.00, -99.89, 99.89, 9.00
10.00, 4, 250.00, -2394.00, 6617.00, -99.89, 99.89, 9.00
10.00, 4, 250.00, -2440.00, 6660.00, -99.89, 99.89, 9.00
10.00, 4, 250.00, -2486.00, 6704.00, -99.89, 99.89, 9.00
10.00, 4, 250.00, -2531.00, 6748.00, -99.89, 99.89, 9.00
10.00, 4, 250.00, -2575.00, 6793.00, -99.89, 99.89, 9.00
10.00, 4, 250.00, -2618.00, 6836.00, -99.89, 99.89, 9.00
10.00, 4, 250.00, -2663.00, 6881.00, -99.89, 99.89, 9.00
10.00, 4, 250.00, -2708.00, 6925.00, -99.89, 99.89, 9.00
10.00, 4, 250.00, -2752.00, 6969.00, -99.89, 99.89, 9.00
10.00, 4, 250.00, -2797.00, 7013.00, -99.89, 99.89, 9.00
10.00, 4, 250.00, -2841.00, 7058.00, -99.89, 99.89, 9.00
10.00, 4, 250.00, -2883.00, 7102.00, -99.89, 99.89, 9.00
10.00, 4, 250.00, -2927.00, 7144.00, -99.89, 99.89, 9.00
10.00, 4, 250.00, -2971.00, 7188.00, -99.89, 99.89, 9.00
10.00, 4, 250.00, -3016.00, 7234.00, -99.89, 99.89, 9.00
10.00, 4, 250.00, -3061.00, 7278.00, -99.89, 99.89, 9.00
10.00, 4, 250.00, -3104.00, 7320.00, -99.89, 99.89, 9.00
10.00, 4, 250.00, -3145.00, 7363.00, -99.89, 99.89, 9.00
10.00, 4, 250.00, -3190.00, 7406.00, -99.89, 99.89, 9.00
10.00, 4, 250.00, -3234.00, 7448.00, -99.89, 99.89, 9.00
10.00, 4, 250.00, -3277.00, 7490.00, -99.89, 99.89, 9.00
10.00, 4, 250.00, -3321.00, 7535.00, -99.89, 99.89, 9.00
10.00, 4, 250.00, -3365.00, 7576.00, -99.89, 99.89, 9.00
10.00, 4, 250.00, -3408.00, 7620.00, -99.89, 99.89, 9.00
10.00, 4, 250.00, -3453.00, 7664.00, -99.89, 99.89, 9.00
10.00, 4, 250.00, -3497.00, 7706.00, -99.89, 99.89, 9.00
10.00, 4, 250.00, -3541.00, 7751.00, -99.89, 99.89, 9.00
10.00, 4, 250.00, -3587.00, 7794.00, -99.89, 99.89, 9.00
10.00, 4, 250.00, -3629.00, 7837.00, -99.89, 99.89, 9.00
10.00, 4, 250.00, -3673.00, 7880.00, -99.89, 99.89, 9.00
10.00, 4, 250.00, -3718.00, 7924.00, -99.89, 99.89, 9.00
10.00, 4, 250.00, -3760.00, 7966.00, -99.89, 99.89, 9.00
10.00, 4, 250.00, -3804.00, 8012.00, -99.89, 99.89, 9.00
10.00, 4, 250.00, -3849.00, 8054.00, -99.89, 99.89, 9.00
10.00, 4, 250.00, -3892.00, 8099.00, -99.89, 99.89, 9.00
10.00, 4, 250.00, -3935.00, 8144.00, -99.89, 99.89, 9.00
10.00, 4, 250.00, -3982.00, 8187.00, -99.89, 99.89, 9.00
10.00, 4, 250.00, -4026.00, 8232.00, -99.89, 99.89, 9.00
10.00, 4, 250.00, -4069.00, 8277.00, -99.89, 99.89, 9.00
10.00, 4, 250.00, -4113.00, 8320.00, -99.89, 99.89, 9.00
10.00, 4, 250.00, -4157.00, 8364.00, -99.89, 99.89, 9.00
10.00, 4, 250.00, -4201.00, 8408.00, -99.89, 99.89, 9.00
10.00, 4, 250.00, -4244.00, 8450.00, -99.89, 99.89, 9.00
10.00, 4, 250.00, -4288.00, 8494.00, -99.89, 99.89, 9.00
10.00, 4, 250.00, -4332.00, 8539.00, -99.89, 99.89, 9.00
10.00, 4, 250.00, -4375.00, 8581.00, -99.89, 99.89, 9.00
10.00, 4, 250.00, -4418.00, 8625.00, -99.89, 99.89, 9.00
10.00, 4, 250.00, -4464.00, 8669.00, -99.89, 99.89, 9.00
10.00, 4, 250.00, -4508.00, 8711.00, -99.89, 99.89, 9.00
10.00, 4, 250.00, -4552.00, 8754.00, -99.89, 99.89, 9.00
10.00, 4, 250.00, -4599.00, 8797.00, -99.89, 99.89, 9.00
10.00, 4, 250.00, -4643.00, 8839.00, -99.89, 99.89, 9.00
10.00, 4, 250.00, -4686.00, 8882.00, -99.89, 99.89, 9.00
10.00, 4, 250.00, -4732.00, 8925.00, -99.89, 99.89, 9.00
10.00, 4, 250.00, -4777.00, 8970.00, -99.89, 99.89, 9.00
10.00, 4, 250.00, -4821.00, 9012.00, -99.89, 99.89, 9.00
10.00, 4, 250.00, -4866.00, 9056.00, -99.89, 99.89, 9.00
10.00, 4, 250.00, -4911.00, 9100.00, -99.89, 99.89, 9.00
10.00, 4, 250.00, -4957.00, 9144.00, -99.89, 99.89, 9.00
10.00, 4, 250.00, -5002.00, 9188.00, -99.89, 99.89, 9.00
10.00, 4, 250.00, -5046.00, 9232.00, -99.89, 99.89, 9.00
10.00, 4, 250.00, -5091.00, 9275.00, -99.89, 99.89, 9.00
10.00, 4, 250.00, -5136.00, 9319.00, -99.89, 99.89, 9.00
10.00, 4, 250.00, -5179.00, 9365.00, -99.89, 99.89, 9.00
10.00, 4, 250.00, -5224.00, 9409.00, -99.89, 99.89, 9.00
10.00, 4, 250.00, -5268.00, 9453.00, -99.89, 99.89, 9.00
10.00, 4, 250.00, -5312.00, 9496.00, -99.89, 99.89, 9.00
10.00, 4, 250.00, -5357.00, 9541.00, -99.89, 99.89, 9.00
10.00, 4, 250.00, -5401.00, 9586.00, -99.89, 99.89, 9.00
10.00, 4, 250.00, -5443.00, 9631.00, -99.89, 99.89, 9.00
10.00, 4, 250.00, -5486.00, 9673.00, -99.89, 99.89, 9.00
10.00, 4, 250.00, -5530.00, 9717.00, -99.89, 99.89, 9.00
10.00, 4, 250.00, -5573.00, 9761.00, -99.89, 99.89, 9.00
10.00, 4, 250.00, -5615.00, 9804.00, -99.89, 99.89, 9.00
10.00, 4, 250.00, -5657.00, 9847.00, -99.89, 99.89, 9.00
10.00, 4, 250.00, -5699.00, 9892.00, -99.89, 99.89, 9.00
10.00, 4, 250.00, -5743.00, 9935.00, -99.89, 99.89, 9.00
10.00, 4, 250.00, -5787.00, 9976.00, -99.89, 99.89, 9.00
10.00, 4, 250.00, -5831.00, 10018.00, -99.89, 99.89, 9.00
10.00, 4, 250.00, -5874.00, 10060.00, -99.89, 99.89, 9.00
10.00, 4, 250.00, -5918.00, 10104.00, -99.89, 99.89, 9.00
10.00, 4, 250.00, -5960.00, 10147.00, -99.89, 99.89, 9.00
10.00, 4, 250.00, -6006.00, 10190.00, -99.89, 99.89, 9.00
10.00, 4, 250.00, -6050.00, 10232.00, -99.89, 99.89, 9.00
10.00, 4, 250.00, -6093.00, 10274.00, -99.89, 99.89, 9.00
10.00, 4, 250.00, -6139.00, 10316.00, -99.89, 99.89, 9.00
10.00, 4, 250.00, -6183.00, 10361.00, -99.89, 99.89, 9.00
10.00, 4, 250.00, -6226.00, 10406.00, -99.89, 99.89, 9.00
10.00, 4, 250.00, -6272.00, 10448.00, -99.89, 99.89, 9.00
10.00, 4, 250.00, -6317.00, 10489.00, -99.89, 99.89, 9.00
10.00, 4, 250.00, -6361.00, 10532.00, -99.89, 99.89, 9.00
10.00, 4, 250.00, -6405.00, 10577.00, -99.89, 99.89, 9.00
10.00, 4, 250.00, -6449.00, 10621.00, -99.89, 99.89, 9.00
10.00, 4, 250.00, -6494.00, 10665.00, -99.89, 99.89, 9.00
10.00, 4, 250.00, -6540.00, 10709.00, -99.89, 99.89, 9.00
10.00, 4, 250.00, -6584.00, 10752.00, -99.89, 99.89, 9.00
10.00, 4, 250.00, -6628.00, 10795.00, -99.89, 99.89, 9.00
10.00, 4, 250.00, -6671.00, 10839.00, -99.89, 99.89, 9.00
10.00, 4, 250.00, -6714.00, 10884.00, -99.89, 99.89, 9.00
10.00, 4, 250.00, -6759.00, 10927.00, -99.89, 99.89, 9.00
10.00, 4, 250.00, -6803.00, 10969.00, -99.89, 99.89, 9.00
10.00, 4, 250.00, -6847.00, 11013.00, -99.89, 99.89, 9.00
10.00, 4, 250.00, -6891.00, 11058.00, -99.89, 99.89, 9.00
10.00, 4, 250.00, -6935.00, 11102.00, -99.89, 99.89, 9.00
10.00, 4, 250.00, -6979.00, 11146.00, -99.89, 99.89, 9.00
10.00, 4, 250.00, -7022.00, 11189.00, -99.89, 99.89, 9.00
10.00, 4, 250.00, -7068.00, 11230.00, -99.89, 99.89, 9.00
10.00, 4, 250.00, -7113.00, 11271.00, -99.89, 99.89, 9.00
10.00, 4, 250.00, -7156.00, 11315.00, -99.89, 99.89, 9.00
10.00, 4, 250.00, -7200.00, 11359.00, -99.89, 99.89, 9.00
10.00, 4, 250.00, -7244.00, 11401.00, -99.89, 99.89, 9.00
10.00, 4, 250.00, -7289.00, 11444.00, -99.89, 99.89, 9.00
10.00, 4, 250.00, -7335.00, 11488.00, -99.89, 99.89, 9.00
10.00, 4, 250.00, -7380.00, 11530.00, -99.89, 99.89, 9.00
10.00, 4, 250.00, -7424.00, 11575.00, -99.89, 99.89, 9.00
10.00, 4, 250.00, -7467.00, 11619.00, -99.89, 99.89, 9.00
10.00, 4, 250.00, -7511.00, 11662.00, -99.89, 99.89, 9.00
10.00, 4, 250.00, -7557.00, 11706.00, -99.89, 99.89, 9.00
10.00, 4, 250.00, -7600.00, 11750.00, -99.89, 99.89, 9.00
10.00, 4, 250.00, -7644.00, 11792.00, -99.89, 99.89, 9.00
10.00, 4, 250.00, -7690.00, 11837.00, -99.89, 99.89, 9.00
10.00, 4, 250.00, -7732.00, 11882.00, -99.89, 99.89, 9.00
10.00, 4, 250.00, -7776.00, 11925.00, -99.89, 99.89, 9.00
10.00, 4, 250.00, -7821.00, 11969.00, -99.89, 99.89, 9.00
10.00, 4, 250.00, -7864.00, 12013.00, -99.89, 99.89, 9.00
10.00, 4, 250.00, -7908.00, 12055.00, -99.89, 99.89, 9.00
10.00, 4, 250.00, -7950.00, 12101.00, -99.89, 99.89, 9.00
10.00, 4, 250.00, -7992.00, 12146.00, -99.89, 99.89, 9.00
10.00, 4, 250.00, -8036.00, 12189.00, -99.89, 99.89, 9.00
10.00, 4, 250.00, -8079.00, 12232.00, -99.89, 99.89, 9.00
10.00, 4, 250.00, -8124.00, 12275.00, -99.89, 99.89, 9.00
10.00, 4, 250.00, -8165.00, 12318.00, -99.89, 99.89, 9.00
10.00, 4, 250.00, -8207.00, 12364.00, -99.89, 99.89, 9.00
10.00, 4, 250.00, -8253.00, 12407.00, -99.89, 99.89, 9.00
10.00, 4, 250.00, -8298.00, 12451.00, -99.89, 99.89, 9.00
10.00, 4, 250.00, -8343.00, 12494.00, -99.89, 99.89, 9.00
10.00, 4, 250.00, -8388.00, 12535.00, -99.89, 99.89, 9.00
10.00, 4, 250.00, -8433.00, 12577.00, -99.89, 99.89, 9.00
10.00, 4, 250.00, -8475.00, 12622.00, -99.89, 99.89, 9.00
10.00, 4, 250.00, -8519.00, 12664.00, -99.89, 99.89, 9.00
10.00, 4, 250.00, -8564.00, 12706.00, -99.89, 99.89, 9.00
10.00, 4, 250.00, -8610.00, 12752.00, -99.89, 99.89, 9.00
10.00, 4, 250.00, -8657.00, 12794.00, -99.89, 99.89, 9.00
10.00, 4, 250.00, -8701.00, 12836.00, -99.89, 99.89, 9.00
10.00, 4, 250.00, -8745.00, 12880.00, -99.89, 99.89, 9.00
10.00, 4, 250.00, -8792.00, 12926.00, -99.89, 99.89, 9.00
10.00, 4, 250.00, -8838.00, 12970.00, -99.89, 99.89, 9.00
10.00, 4, 250.00, -8882.00, 13013.00, -99.89, 99.89, 9.00
10.00, 4, 250.00, -8927.00, 13058.00, -99.89, 99.89, 9.00
10.00, 4, 250.00, -8971.00, 13102.00, -99.89, 99.89, 9.00
10.00, 4, 250.00, -9014.00, 13147.00, -99.89, 99.89, 9.00
10.00, 4, 250.00, -9060.00, 13191.00, -99.89, 99.89, 9.00
10.00, 4, 250.00, -9105.00, 13235.00, -99.89, 99.89, 9.00
10.00, 4, 250.00, -9149.00, 13280.00, -99.89, 99.89, 9.00
10.00, 4, 250.00, -9193.00, 13323.00, -99.89, 99.89, 9.00
10.00, 4, 250.00, -9238.00, 13366.00, -99.89, 99.89, 9.00
10.00, 4, 250.00, -9280.00, 13413.00, -99.89, 99.89, 9.00
10.00, 4, 250.00, -9324.00, 13459.00, -99.89, 99.89, 9.00
10.00, 4, 250.00, -9367.00, 13501.00, -99.89, 99.89, 9.00
10.00, 4, 250.00, -9410.00, 13545.00, -99.89, 99.89, 9.00
10.00, 4, 250.00, -9453.00, 13588.00, -99.89, 99.89, 9.00
10.00, 4, 250.00, -9495.00, 13634.00, -99.89, 99.89, 9.00
10.00, 4, 250.00, -9539.00, 13678.00, -99.89, 99.89, 9.00
10.00, 4, 250.00, -9582.00, 13721.00, -99.89, 99.89, 9.00
10.00, 4, 250.00, -9626.00, 13763.00, -99.89, 99.89, 9.00
10.00, 4, 250.00, -9671.00, 13805.00, -99.89, 99.89, 9.00
10.00, 4, 250.00, -9714.00, 13847.00, -99.89, 99.89, 9.00
10.00, 4, 250.00, -9756.00, 13892.00, -99.89, 99.89, 9.00
10.00, 4, 250.00, -9799.00, 13937.00, -99.89, 99.89, 9.00
10.00, 4, 250.00, -9843.00, 13979.00, -99.89, 99.89, 9.00
10.00, 4, 250.00, -9887.00, 14022.00, -99.89, 99.89, 9.00
10.00, 4, 250.00, -9933.00, 14064.00, -99.89, 99.89, 9.00
10.00, 4, 250.00, -9976.00, 14106.00, -99.89, 99.89, 9.00
10.00, 4, 250.00, -10018.00, 14151.00, -99.89, 99.89, 9.00
10.00, 4, 250.00, -10061.00, 14195.00, -99.89, 99.89, 9.00
10.00, 4, 250.00, -10107.00, 14239.00, -99.89, 99.89, 9.00
10.00, 4, 250.00, -10151.00, 14281.00, -99.89, 99.89, 9.00
10.00, 4, 250.00, -10196.00, 14323.00, -99.89, 99.89, 9.00
10.00, 4, 250.00, -10240.00, 14366.00, -99.89, 99.89, 9.00
10.00, 4, 250.00, -10283.00, 14412.00, -99.89, 99.89, 9.00
10.00, 4, 250.00, -10327.00, 14458.00, -99.89, 99.89, 9.00
10.00, 4, 250.00, -10372.00, 14501.00, -99.89, 99.89, 9.00
10.00, 4, 250.00, -10416.00, 14543.00, -99.89, 99.89, 9.00
10.00, 4, 250.00, -10460.00, 14586.00, -99.89, 99.89, 9.00
10.00, 4, 250.00, -10502.00, 14628.00, -99.89, 99.89, 9.00
10.00, 4, 250.00, -10544.00, 14673.00, -99.89, 99.89, 9.00
10.00, 4, 250.00, -10589.00, 14718.00, -99.89, 99.89, 9.00
10.00, 4, 250.00, -10632.00, 14760.00, -99.89, 99.89, 9.00
10.00, 4, 250.00, -10678.00, 14804.00, -99.89, 99.89, 9.00
10.00, 4, 250.00, -10723.00, 14848.00, -99.89, 99.89, 9.00
10.00, 4, 250.00, -10765.00, 14893.00, -99.89, 99.89, 9.00
10.00, 4, 250.00, -10808.00, 14936.00, -99.89, 99.89, 9.00
10.00, 4, 250.00, -10852.00, 14981.00, -99.89, 99.89, 9.00
10.00, 4, 250.00, -10897.00, 15022.00, -99.89, 99.89, 9.00
10.00, 4, 250.00, -10942.00, 15063.00, -99.89, 99.89, 9.00
10.00, 4, 250.00, -10987.00, 15106.00, -99.89, 99.89, 9.00
10.00, 4, 250.00, -11031.00, 15150.00, -99.89, 99.89, 9.00
10.00, 4, 250.00, -11075.00, 15194.00, -99.89, 99.89, 9.00
10.00, 4, 250.00, -11120.00, 15238.00, -99.89, 99.89, 9.00
10.00, 4, 250.00, -11165.00, 15280.00, -99.89, 99.89, 9.00
10.00, 4, 250.00, -11212.00, 15324.00, -99.89, 99.89, 9.00
10.00, 4, 250.00, -11257.00, 15367.00, -99.89, 99.89, 9.00
10.00, 4, 250.00, -11299.00, 15412.00, -99.89, 99.89, 9.00
10.00, 4, 250.00, -11343.00, 15458.00, -99.89, 99.89, 9.00
10.00, 4, 250.00, -11388.00, 15501.00, -99.89, 99.89, 9.00
10.00, 4, 250.00, -11433.00, 15542.00, -99.89, 99.89, 9.00
10.00, 4, 250.00, -11477.00, 15586.00, -99.89, 99.89, 9.00
10.00, 4, 250.00, -11522.00, 15629.00, -99.89, 99.89, 9.00
10.00, 4, 250.00, -11565.00, 15674.00, -99.89, 99.89, 9.00
10.00, 4, 250.00, -11610.00, 15720.00, -99.89, 99.89, 9.00
10.00, 4, 250.00, -11655.00, 15764.00, -99.89, 99.89, 9.00
10.00, 4, 250.00, -11698.00, 15807.00, -99.89, 99.89, 9.00
10.00, 4, 250.00, -11742.00, 15852.00, -99.89, 99.89, 9.00
10.00, 4, 250.00, -11786.00, 15894.00, -99.89, 99.89, 9.00
10.00, 4, 250.00, -11826.00, 15940.00, -99.89, 99.89, 9.00
10.00, 4, 250.00, -11870.00, 15985.00, -99.89, 99.89, 9.00
10.00, 4, 250.00, -11913.00, 16026.00, -99.89, 99.89, 9.00
10.00, 4, 250.00, -11955.00, 16068.00, -99.89, 99.89, 9.00
10.00, 4, 250.00, -11999.00, 16113.00, -99.89, 99.89, 9.00
10.00, 4, 250.00, -12042.00, 16155.00, -99.89, 99.89, 9.00
10.00, 4, 250.00, -12084.00, 16200.00, -99.89, 99.89, 9.00
10.00, 4, 250.00, -12130.00, 16244.00, -99.89, 99.89, 9.00
10.00, 4, 250.00, -12173.00, 16285.00, -99.89, 99.89, 9.00
10.00, 4, 250.00, -12218.00, 16328.00, -99.89, 99.89, 9.00
10.00, 4, 250.00, -12262.00, 16370.00, -99.89, 99.89, 9.00
10.00, 4, 250.00, -12305.00, 16411.00, -99.89, 99.89, 9.00
10.00, 4, 250.00, -12349.00, 16458.00, -99.89, 99.89, 9.00
10.00, 4, 250.00, -12395.00, 16501.00, -99.89, 99.89, 9.00
10.00, 4, 250.00, -12440.00, 16543.00, -99.89, 99.89, 9.00
10.00, 4, 250.00, -12486.00, 16587.00, -99.89, 99.89, 9.00
10.00, 4, 250.00, -12531.00, 16628.00, -99.89, 99.89, 9.00
10.00, 4, 250.00, -12576.00, 16671.00, -99.89, 99.89, 9.00
10.00, 4, 250.00, -12620.00, 16717.00, -99.89, 99.89, 9.00
10.00, 4, 250.00, -12666.00, 16761.00, -99.89, 99.89, 9.00
10.00, 4, 250.00, -12711.00, 16804.00, -99.89, 99.89, 9.00
10.00, 4, 250.00, -12758.00, 16849.00, -99.89, 99.89, 9.00
10.00, 4, 250.00, -12801.00, 16892.00, -99.89, 99.89, 9.00
10.00, 4, 250.00, -12844.00, 16936.00, -99.89, 99.89, 9.00
10.00, 4, 250.00, -12890.00, 16981.00, -99.89, 99.89, 9.00
10.00, 4, 250.00, -12936.00, 17026.00, -99.89, 99.89, 9.00
10.00, 4, 250.00, -12981.00, 17069.00, -99.89, 99.89, 9.00
10.00, 4, 250.00, -13024.00, 17113.00, -99.89, 99.89, 9.00
10.00, 4, 250.00, -13069.00, 17157.00, -99.89, 99.89, 9.00
10.00, 4, 250.00, -13111.00, 17202.00, -99.89, 99.89, 9.00
10.00, 4, 250.00, -13155.00, 17248.00, -99.89, 99.89, 9.00
10.00, 4, 250.00, -13200.00, 17292.00, -99.89, 99.89, 9.00
10.00, 4, 250.00, -13243.00, 17335.00, -99.89, 99.89, 9.00
10.00, 4, 250.00, -13287.00, 17379.00, -99.89, 99.89, 9.00
10.00, 4, 250.00, -13330.00, 17423.00, -99.89, 99.89, 9.00
10.00, 4, 250.00, -13373.00, 17465.00, -99.89, 99.89, 9.00
10.00, 4, 250.00, -13417.00, 17510.00, -99.89, 99.89, 9.00
10.00, 4, 250.00, -13461.00, 17554.00, -99.89, 99.89, 9.00
10.00, 4, 250.00, -13507.00, 17595.00, -99.89, 99.89, 9.00
10.00, 4, 250.00, -13552.00, 17637.00, -99.89, 99.89, 9.00
10.00, 4, 250.00, -13595.00, 17679.00, -99.89, 99.89, 9.00
10.00, 4, 250.00, -13638.00, 17726.00, -99.89, 99.89, 9.00
10.00, 4, 250.00, -13683.00, 17770.00, -99.89, 99.89, 9.00
10.00, 4, 250.00, -13728.00, 17812.00, -99.89, 99.89, 9.00
10.00, 4, 250.00, -13772.00, 17854.00, -99.89, 99.89, 9.00
10.00, 4, 250.00, -13817.00, 17898.00, -99.89, 99.89, 9.00
10.00, 4, 250.00, -13860.00, 17939.00, -99.89, 99.89, 9.00
10.00, 4, 250.00, -13902.00, 17986.00, -99.89, 99.89, 9.00
10.00, 4, 250.00, -13946.00, 18031.00, -99.89, 99.89, 9.00
10.00, 4, 250.00, -13992.00, 18072.00, -99.89, 99.89, 9.00
10.00, 4, 250.00, -14037.00, 18114.00, -99.89, 99.89, 9.00
10.00, 4, 250.00, -14079.00, 18157.00, -99.89, 99.89, 9.00
10.00, 4, 250.00, -14123.00, 18200.00, -99.89, 99.89, 9.00
10.00, 4, 250.00, -14166.00, 18247.00, -99.89, 99.89, 9.00
10.00, 4, 250.00, -14211.00, 18290.00, -99.89, 99.89, 9.00
10.00, 4, 250.00, -14255.00, 18334.00, -99.89, 99.89, 9.00
10.00, 4, 250.00, -14300.00, 18376.00, -99.89, 99.89, 9.00
10.00, 4, 250.00, -14343.00, 18419.00, -99.89, 99.89, 9.00
10.00, 4, 250.00, -14384.00, 18462.00, -99.89, 99.89, 9.00
10.00, 4, 250.00, -14426.00, 18507.00, -99.89, 99.89, 9.00
10.00, 4, 250.00, -14472.00, 18551.00, -99.89, 99.89, 9.00
10.00, 4, 250.00, -14516.00, 18593.00, -99.89, 99.89, 9.00
10.00, 4, 250.00, -14559.00, 18637.00, -99.89, 99.89, 9.00
10.00, 4, 250.00, -14604.00, 18680.00, -99.89, 99.89, 9.00
10.00, 4, 250.00, -14646.00, 18722.00, -99.89, 99.89, 9.00
10.00, 4, 250.00, -14689.00, 18766.00, -99.89, 99.89, 9.00
10.00, 4, 250.00, -14736.00, 18810.00, -99.89, 99.89, 9.00
10.00, 4, 250.00, -14781.00, 18851.00, -99.89, 99.89, 9.00
10.00, 4, 250.00, -14827.00, 18892.00, -99.89, 99.89, 9.00
10.00, 4, 250.00, -14870.00, 18935.00, -99.89, 99.89, 9.00
10.00, 4, 250.00, -14912.00, 18978.00, -99.89, 99.89, 9.00
10.00, 4, 250.00, -14959.00, 19021.00, -99.89, 99.89, 9.00
10.00, 4, 250.00, -15005.00, 19063.00, -99.89, 99.89, 9.00
10.00, 4, 250.00, -15050.00, 19107.00, -99.89, 99.89, 9.00
10.00, 4, 250.00, -15097.00, 19151.00, -99.89, 99.89, 9.00
10.00, 4, 250.00, -15141.00, 19194.00, -99.89, 99.89, 9.00
10.00, 4, 250.00, -15184.00, 19237.00, -99.89, 99.89, 9.00
10.00, 4, 250.00, -15229.00, 19283.00, -99.89, 99.89, 9.00
10.00, 4, 250.00, -15275.00, 19325.00, -99.89, 99.89, 9.00
10.00, 4, 250.00, -15321.00, 19369.00, -99.89, 99.89, 9.00
10.00, 4, 250.00, -15366.00, 19413.00, -99.89, 99.89, 9.00
10.00, 4, 250.00, -15409.00, 19455.00, -99.89, 99.89, 9.00
10.00, 4, 250.00, -15453.00, 19501.00, -99.89, 99.89, 9.00
10.00, 4, 250.00, -15498.00, 19546.00, -99.89, 99.89, 9.00
10.00, 4, 250.00, -15542.00, 19588.00, -99.89, 99.89, 9.00
10.00, 4, 250.00, -15587.00, 19634.00, -99.89, 99.89, 9.00
10.00, 4, 250.00, -15630.00, 19678.00, -99.89, 99.89, 9.00
10.00, 4, 250.00, -15671.00, 19720.00, -99.89, 99.89, 9.00
10.00, 4, 250.00, -15713.00, 19767.00, -99.89, 99.89, 9.00
10.00, 4, 250.00, -15758.00, 19810.00, -99.89, 99.89, 9.00
10.00, 4, 250.00, -15801.00, 19850.00, -99.89, 99.89, 9.00
10.00, 4, 250.00, -15846.00, 19896.00, -99.89, 99.89, 9.00
10.00, 4, 250.00, -15890.00, 19940.00, -99.89, 99.89, 9.00
10.00, 4, 250.00, -15932.00, 19982.00, -99.89, 99.89, 9.00
10.00, 4, 250.00, -15975.00, 20027.00, -99.89, 99.89, 9.00
10.00, 4, 250.00, -16020.00, 20068.00, -99.89, 99.89, 9.00
10.00, 4, 250.00, -16063.00, 20112.00, -99.89, 99.89, 9.00
10.00, 4, 250.00, -16108.00, 20153.00, -99.89, 99.89, 9.00
10.00, 4, 250.00, -16151.00, 20195.00, -99.89, 99.89, 9.00
10.00, 4, 250.00, -16192.00, 20237.00, -99.89, 99.89, 9.00
10.00, 4, 250.00, -16237.00, 20281.00, -99.89, 99.89, 9.00
10.00, 4, 250.00, -16283.00, 20322.00, -99.89, 99.89, 9.00
10.00, 4, 250.00, -16328.00, 20365.00, -99.89, 99.89, 9.00
10.00, 4, 250.00, -16373.00, 20409.00, -99.89, 99.89, 9.00
10.00, 4, 250.00, -16417.00, 20451.00, -99.89, 99.89, 9.00
10.00, 4, 250.00, -16461.00, 20494.00, -99.89, 99.89, 9.00
10.00, 4, 250.00, -16506.00, 20540.00, -99.89, 99.89, 9.00
10.00, 4, 250.00, -16553.00, 20584.00, -99.89, 99.89, 9.00
10.00, 4, 250.00, -16598.00, 20627.00, -99.89, 99.89, 9.00
10.00, 4, 250.00, -16642.00, 20671.00, -99.89, 99.89, 9.00
10.00, 4, 250.00, -16686.00, 20714.00, -99.89, 99.89, 9.00
10.00, 4, 250.00, -16730.00, 20758.00, -99.89, 99.89, 9.00
10.00, 4, 250.00, -16774.00, 20803.00, -99.89, 99.89, 9.00
10.00, 4, 250.00, -16821.00, 20846.00, -99.89, 99.89, 9.00
10.00, 4, 250.00, -16866.00, 20891.00, -99.89, 99.89, 9.00
10.00, 4, 250.00, -16910.00, 20936.00, -99.89, 99.89, 9.00
10.00, 4, 250.00, -16953.00, 20977.00, -99.89, 99.89, 9.00
10.00, 4, 250.00, -16996.00, 21022.00, -99.89, 99.89, 9.00
10.00, 4, 250.00, -17040.00, 21068.00, -99.89, 99.89, 9.00
10.00, 4, 250.00, -17085.00, 21110.00, -99.89, 99.89, 9.00
10.00, 4, 250.00, -17129.00, 21154.00, -99.89, 99.89, 9.00
10.00, 4, 250.00, -17172.00, 21199.00, -99.89, 99.89, 9.00
10.00, 4, 250.00, -17217.00, 21242.00, -99.89, 99.89, 9.00
10.00, 4, 250.00, -17261.00, 21285.00, -99.89, 99.89, 9.00
10.00, 4, 250.00, -17306.00, 21329.00, -99.89, 99.89, 9.00
10.00, 4, 250.00, -17351.00, 21372.00, -99.89, 99.89, 9.00
10.00, 4, 250.00, -17397.00, 21414.00, -99.89, 99.89, 9.00
10.00, 4, 250.00, -17441.00, 21456.00, -99.89, 99.89, 9.00
10.00, 4, 250.00, -17484.00, 21499.00, -99.89, 99.89, 9.00
10.00, 4, 250.00, -17528.00, 21542.00, -99.89, 99.89, 9.00
10.00, 4, 250.00, -17573.00, 21585.00, -99.89, 99.89, 9.00
10.00, 4, 250.00, -17617.00, 21628.00, -99.89, 99.89, 9.00
10.00, 4, 250.00, -17663.00, 21673.00, -99.89, 99.89, 9.00
10.00, 4, 250.00, -17708.00, 21715.00, -99.89, 99.89, 9.00
10.00, 4, 250.00, -17751.00, 21757.00, -99.89, 99.89, 9.00
10.00, 4, 250.00, -17796.00, 21803.00, -99.89, 99.89, 9.00
10.00, 4, 250.00, -17840.00, 21847.00, -99.89, 99.89, 9.00
10.00, 4, 250.00, -17885.00, 21891.00, -99.89, 99.89, 9.00
10.00, 4, 250.00, -17929.00, 21933.00, -99.89, 99.89, 9.00
10.00, 4, 250.00, -17970.00, 21976.00, -99.89, 99.89, 9.00
10.00, 4, 250.00, -18015.00, 22022.00, -99.89, 99.89, 9.00
10.00, 4, 250.00, -18058.00, 22067.00, -99.89, 99.89, 9.00
10.00, 4, 250.00, -18101.00, 22109.00, -99.89, 99.89, 9.00
10.00, 4, 250.00, -18146.00, 22153.00, -99.89, 99.89, 9.00
10.00, 4, 250.00, -18188.00, 22197.00, -99.89, 99.89, 9.00
10.00, 4, 250.00, -18230.00, 22238.00, -99.89, 99.89, 9.00
10.00, 4, 250.00, -18274.00, 22283.00, -99.89, 99.89, 9.00
10.00, 4, 250.00, -18316.00, 22327.00, -99.89, 99.89, 9.00
10.00, 4, 250.00, -18359.00, 22369.00, -99.89, 99.89, 9.00
10.00, 4, 250.00, -18404.00, 22411.00, -99.89, 99.89, 9.00
10.00, 4, 250.00, -18448.00, 22456.00, -99.89, 99.89, 9.00
10.00, 4, 250.00, -18491.00, 22501.00, -99.89, 99.89, 9.00
10.00, 4, 250.00, -18534.00, 22543.00, -99.89, 99.89, 9.00
10.00, 4, 250.00, -18577.00, 22586.00, -99.89, 99.89, 9.00
10.00, 4, 250.00, -18624.00, 22629.00, -99.89, 99.89, 9.00
10.00, 4, 250.00, -18670.00, 22671.00, -99.89, 99.89, 9.00
10.00, 4, 250.00, -18712.00, 22712.00, -99.89, 99.89, 9.00
10.00, 4, 250.00, -18755.00, 22755.00, -99.89, 99.89, 9.00
10.00, 4, 250.00, -18802.00, 22797.00, -99.89, 99.89, 9.00
10.00, 4, 250.00, -18847.00, 22839.00, -99.89, 99.89, 9.00
10.00, 4, 250.00, -18893.00, 22883.00, -99.89, 99.89, 9.00
10.00, 4, 250.00, -18939.00, 22926.00, -99.89, 99.89, 9.00
10.00, 4, 250.00, -18983.00, 22970.00, -99.89, 99.89, 9.00
10.00, 4, 250.00, -19026.00, 23014.00, -99.89, 99.89, 9.00
10.00, 4, 250.00, -19071.00, 23056.00, -99.89, 99.89, 9.00
10.00, 4, 250.00, -19116.00, 23099.00, -99.89, 99.89, 9.00
10.00, 4, 250.00, -19161.00, 23144.00, -99.89, 99.89, 9.00
10.00, 4, 250.00, -19207.00, 23186.00, -99.89, 99.89, 9.00
10.00, 4, 250.00, -19252.00, 23229.00, -99.89, 99.89, 9.00
10.00, 4, 250.00, -19296.00, 23275.00, -99.89, 99.89, 9.00
10.00, 4, 250.00, -19340.00, 23317.00, -99.89, 99.89, 9.00
10.00, 4, 250.00, -19384.00, 23362.00, -99.89, 99.89, 9.00
10.00, 4, 250.00, -19428.00, 23407.00, -99.89, 99.89, 9.00
10.00, 4, 250.00, -19472.00, 23452.00, -99.89, 99.89, 9.00
10.00, 4, 250.00, -19513.00, 23496.00, -99.89, 99.89, 9.00
10.00, 4, 250.00, -19557.00, 23539.00, -99.89, 99.89, 9.00
10.00, 4, 250.00, -19601.00, 23583.00, -99.89, 99.89, 9.00
10.00, 4, 250.00, -19645.00, 23628.00, -99.89, 99.89, 9.00
10.00, 4, 250.00, -19690.00, 23670.00, -99.89, 99.89, 9.00
10.00, 4, 250.00, -19734.00, 23715.00, -99.89, 99.89, 9.00
11.00, 4, 250.00, -19777.00, 23758.00, -99.89, 99.89, 9.00
10.00, 4, 250.00, -19820.00, 23802.00, -99.89, 99.89, 9.00
10.00, 4, 250.00, -19864.00, 23845.00, -99.89, 99.89, 9.00
10.00, 4, 250.00, -19908.00, 23888.00, -99.89, 99.89, 9.00
10.00, 4, 250.00, -19954.00, 23931.00, -99.89, 99.89, 9.00
10.00, 4, 250.00, -19998.00, 23973.00, -99.89, 99.89, 9.00
10.00, 4, 250.00, -20040.00, 24017.00, -99.89, 99.89, 9.00
10.00, 4, 250.00, -20084.00, 24060.00, -99.89, 99.89, 9.00
10.00, 4, 250.00, -20128.00, 24103.00, -99.89, 99.89, 9.00
10.00, 4, 250.00, -20173.00, 24145.00, -99.89, 99.89, 9.00
10.00, 4, 250.00, -20219.00, 24188.00, -99.89, 99.89, 9.00
10.00, 4, 250.00, -20262.00, 24230.00, -99.89, 99.89, 9.00
10.00, 4, 250.00, -20304.00, 24273.00, -99.89, 99.89, 9.00
10.00, 4, 250.00, -20350.00, 24316.00, -99.89, 99.89, 9.00
10.00, 4, 250.00, -20395.00, 24360.00, -99.89, 99.89, 9.00
10.00, 4, 250.00, -20439.00, 24405.00, -99.89, 99.89, 9.00
10.00, 4, 250.00, -20483.00, 24448.00, -99.89, 99.89, 9.00
10.00, 4, 250.00, -20527.00, 24493.00, -99.89, 99.89, 9.00
10.00, 4, 250.00, -20571.00, 24537.00, -99.89, 99.89, 9.00
10.00, 4, 250.00, -20616.00, 24579.00, -99.89, 99.89, 9.00
10.00, 4, 250.00, -20661.00, 24625.00, -99.89, 99.89, 9.00
10.00, 4, 250.00, -20706.00, 24669.00, -99.89, 99.89, 9.00
10.00, 4, 250.00, -20748.00, 24713.00, -99.89, 99.89, 9.00
10.00, 4, 250.00, -20792.00, 24757.00, -99.89, 99.89, 9.00
10.00, 4, 250.00, -20836.00, 24800.00, -99.89, 99.89, 9.00
10.00, 4, 250.00, -20878.00, 24844.00, -99.89, 99.89, 9.00
10.00, 4, 250.00, -20922.00, 24889.00, -99.89, 99.89, 9.00
10.00, 4, 250.00, -20968.00, 24932.00, -99.89, 99.89, 9.00
10.00, 4, 250.00, -21013.00, 24977.00, -99.89, 99.89, 9.00
10.00, 4, 250.00, -21056.00, 25021.00, -99.89, 99.89, 9.00
10.00, 4, 250.00, -21102.00, 25066.00, -99.89, 99.89, 9.00
10.00, 4, 250.00, -21147.00, 25107.00, -99.89, 99.89, 9.00
10.00, 4, 250.00, -21191.00, 25152.00, -99.89, 99.89, 9.00
10.00, 4, 250.00, -21236.00, 25195.00, -99.89, 99.89, 9.00
10.00, 4, 250.00, -21280.00, 25237.00, -99.89, 99.89, 9.00
10.00, 4, 250.00, -21325.00, 25279.00, -99.89, 99.89, 9.00
10.00, 4, 250.00, -21370.00, 25324.00, -99.89, 99.89, 9.00
10.00, 4, 250.00, -21414.00, 25366.00, -99.89, 99.89, 9.00
10.00, 4, 250.00, -21460.00, 25411.00, -99.89, 99.89, 9.00
10.00, 4, 250.00, -21505.00, 25453.00, -99.89, 99.89, 9.00
10.00, 4, 250.00, -21549.00, 25496.00, -99.89, 99.89, 9.00
10.00, 4, 250.00, -21593.00, 25540.00, -99.89, 99.89, 9.00
10.00, 4, 250.00, -21638.00, 25583.00, -99.89, 99.89, 9.00
10.00, 4, 250.00, -21682.00, 25627.00, -99.89, 99.89, 9.00
10.00, 4, 250.00, -21727.00, 25671.00, -99.89, 99.89, 9.00
10.00, 4, 250.00, -21772.00, 25714.00, -99.89, 99.89, 9.00
10.00, 4, 250.00, -21815.00, 25759.00, -99.89, 99.89, 9.00
10.00, 4, 250.00, -21858.00, 25804.00, -99.89, 99.89, 9.00
10.00, 4, 250.00, -21903.00, 25846.00, -99.89, 99.89, 9.00
10.00, 4, 250.00, -21946.00, 25892.00, -99.89, 99.89, 9.00
10.00, 4, 250.00, -21988.00, 25938.00, -99.89, 99.89, 9.00
10.00, 4, 250.00, -22032.00, 25981.00, -99.89, 99.89, 9.00
10.00, 4, 250.00, -22072.00, 26025.00, -99.89, 99.89, 9.00
10.00, 4, 250.00, -22115.00, 26068.00, -99.89, 99.89, 9.00
10.00, 4, 250.00, -22159.00, 26112.00, -99.89, 99.89, 9.00
10.00, 4, 250.00, -22202.00, 26156.00, -99.89, 99.89, 9.00
10.00, 4, 250.00, -22246.00, 26198.00, -99.89, 99.89, 9.00
10.00, 4, 250.00, -22289.00, 26242.00, -99.89, 99.89, 9.00
10.00, 4, 250.00, -22331.00, 26288.00, -99.89, 99.89, 9.00
10.00, 4, 250.00, -22376.00, 26331.00, -99.89, 99.89, 9.00
10.00, 4, 250.00, -22419.00, 26373.00, -99.89, 99.89, 9.00
10.00, 4, 250.00, -22462.00, 26417.00, -99.89, 99.89, 9.00
10.00, 4, 250.00, -22508.00, 26459.00, -99.89, 99.89, 9.00
10.00, 4, 250.00, -22552.00, 26501.00, -99.89, 99.89, 9.00
10.00, 4, 250.00, -22595.00, 26543.00, -99.89, 99.89, 9.00
10.00, 4, 250.00, -22642.00, 26586.00, -99.89, 99.89, 9.00
10.00, 4, 250.00, -22687.00, 26627.00, -99.89, 99.89, 9.00
10.00, 4, 250.00, -22731.00, 26669.00, -99.89, 99.89, 9.00
10.00, 4, 250.00, -22775.00, 26712.00, -99.89, 99.89, 9.00
10.00, 4, 250.00, -22819.00, 26757.00, -99.89, 99.89, 9.00
10.00, 4, 250.00, -22862.00, 26801.00, -99.89, 99.89, 9.00
10.00, 4, 250.00, -22909.00, 26843.00, -99.89, 99.89, 9.00
10.00, 4, 250.00, -22955.00, 26885.00, -99.89, 99.89, 9.00
10.00, 4, 250.00, -22999.00, 26928.00, -99.89, 99.89, 9.00
10.00, 4, 250.00, -23044.00, 26972.00, -99.89, 99.89, 9.00
10.00, 4, 250.00, -23088.00, 27016.00, -99.89, 99.89, 9.00
10.00, 4, 250.00, -23132.00, 27059.00, -99.89, 99.89, 9.00
10.00, 4, 250.00, -23177.00, 27103.00, -99.89, 99.89, 9.00
10.00, 4, 250.00, -23221.00, 27146.00, -99.89, 99.89, 9.00
10.00, 4, 250.00, -23265.00, 27188.00, -99.89, 99.89, 9.00
10.00, 4, 250.00, -23308.00, 27234.00, -99.89, 99.89, 9.00
10.00, 4, 250.00, -23351.00, 27279.00, -99.89, 99.89, 9.00
10.00, 4, 250.00, -23394.00, 27322.00, -99.89, 99.89, 9.00
10.00, 4, 250.00, -23440.00, 27366.00, -99.89, 99.89, 9.00
10.00, 4, 250.00, -23485.00, 27410.00, -99.89, 99.89, 9.00
10.00, 4, 250.00, -23529.00, 27454.00, -99.89, 99.89, 9.00
10.00, 4, 250.00, -23574.00, 27497.00, -99.89, 99.89, 9.00
10.00, 4, 250.00, -23616.00, 27543.00, -99.89, 99.89, 9.00
10.00, 4, 250.00, -23661.00, 27587.00, -99.89, 99.89, 9.00
10.00, 4, 250.00, -23705.00, 27628.00, -99.89, 99.89, 9.00
10.00, 4, 250.00, -23750.00, 27670.00, -99.89, 99.89, 9.00
10.00, 4, 250.00, -23794.00, 27716.00, -99.89, 99.89, 9.00
10.00, 4, 250.00, -23838.00, 27760.00, -99.89, 99.89, 9.00
10.00, 4, 250.00, -23881.00, 27801.00, -99.89, 99.89, 9.00
10.00, 4, 250.00, -23927.00, 27845.00, -99.89, 99.89, 9.00
10.00, 4, 250.00, -23972.00, 27887.00, -99.89, 99.89, 9.00
10.00, 4, 250.00, -24016.00, 27928.00, -99.89, 99.89, 9.00
10.00, 4, 250.00, -24062.00, 27973.00, -99.89, 99.89, 9.00
10.00, 4, 250.00, -24104.00, 28017.00, -99.89, 99.89, 9.00
10.00, 4, 250.00, -24148.00, 28061.00, -99.89, 99.89, 9.00
10.00, 4, 250.00, -24192.00, 28103.00, -99.89, 99.89, 9.00
10.00, 4, 250.00, -24236.00, 28147.00, -99.89, 99.89, 9.00
10.00, 4, 250.00, -24280.00, 28189.00, -99.89, 99.89, 9.00
10.00, 4, 250.00, -24323.00, 28235.00, -99.89, 99.89, 9.00
10.00, 4, 250.00, -24367.00, 28279.00, -99.89, 99.89, 9.00
10.00, 4, 250.00, -24410.00, 28323.00, -99.89, 99.89, 9.00
10.00, 4, 250.00, -24455.00, 28365.00, -99.89, 99.89, 9.00
10.00, 4, 250.00, -24500.00, 28408.00, -99.89, 99.89, 9.00
10.00, 4, 250.00, -24543.00, 28453.00, -99.89, 99.89, 9.00
10.00, 4, 250.00, -24585.00, 28498.00, -99.89, 99.89, 9.00
10.00, 4, 250.00, -24629.00, 28542.00, -99.89, 99.89, 9.00
10.00, 4, 250.00, -24673.00, 28587.00, -99.89, 99.89, 9.00
10.00, 4, 250.00, -24716.00, 28629.00, -99.89, 99.89, 9.00
10.00, 4, 250.00, -24761.00, 28672.00, -99.89, 99.89, 9.00
10.00, 4, 250.00, -24805.00, 28718.00, -99.89, 99.89, 9.00
10.00, 4, 250.00, -24850.00, 28762.00, -99.89, 99.89, 9.00
10.00, 4, 250.00, -24893.00, 28806.00, -99.89, 99.89, 9.00
10.00, 4, 250.00, -24938.00, 28850.00, -99.89, 99.89, 9.00
10.00, 4, 250.00, -24984.00, 28893.00, -99.89, 99.89, 9.00
10.00, 4, 250.00, -25029.00, 28934.00, -99.89, 99.89, 9.00
10.00, 4, 250.00, -25075.00, 28979.00, -99.89, 99.89, 9.00
10.00, 4, 250.00, -25119.00, 29022.00, -99.89, 99.89, 9.00
10.00, 4, 250.00, -25163.00, 29064.00, -99.89, 99.89, 9.00
10.00, 4, 250.00, -25210.00, 29107.00, -99.89, 99.89, 9.00
10.00, 4, 250.00, -25254.00, 29152.00, -99.89, 99.89, 9.00
10.00, 4, 250.00, -25300.00, 29194.00, -99.89, 99.89, 9.00
10.00, 4, 250.00, -25345.00, 29237.00, -99.89, 99.89, 9.00
10.00, 4, 250.00, -25388.00, 29281.00, -99.89, 99.89, 9.00
10.00, 4, 250.00, -25434.00, 29324.00, -99.89, 99.89, 9.00
10.00, 4, 250.00, -25480.00, 29366.00, -99.89, 99.89, 9.00
10.00, 4, 250.00, -25524.00, 29412.00, -99.89, 99.89, 9.00
10.00, 4, 250.00, -25568.00, 29455.00, -99.89, 99.89, 9.00
10.00, 4, 250.00, -25615.00, 29499.00, -99.89, 99.89, 9.00
10.00, 4, 250.00, -25657.00, 29542.00, -99.89, 99.89, 9.00
10.00, 4, 250.00, -25701.00, 29586.00, -99.89, 99.89, 9.00
10.00, 4, 250.00, -25744.00, 29630.00, -99.89, 99.89, 9.00
10.00, 4, 250.00, -25788.00, 29676.00, -99.89, 99.89, 9.00
10.00, 4, 250.00, -25832.00, 29719.00, -99.89, 99.89, 9.00
10.00, 4, 250.00, -25874.00, 29764.00, -99.89, 99.89, 9.00
10.00, 4, 250.00, -25918.00, 29809.00, -99.89, 99.89, 9.00
10.00, 4, 250.00, -25961.00, 29854.00, -99.89, 99.89, 9.00
10.00, 4, 250.00, -26004.00, 29897.00, -99.89, 99.89, 9.00
10.00, 4, 250.00, -26048.00, 29941.00, -99.89, 99.89, 9.00
10.00, 4, 250.00, -26091.00, 29985.00, -99.89, 99.89, 9.00
10.00, 4, 250.00, -26134.00, 30029.00, -99.89, 99.89, 9.00
10.00, 4, 250.00, -26176.00, 30073.00, -99.89, 99.89, 9.00
10.00, 4, 250.00, -26220.00, 30118.00, -99.89, 99.89, 9.00
10.00, 4, 250.00, -26264.00, 30161.00, -99.89, 99.89, 9.00
10.00, 4, 250.00, -26309.00, 30204.00, -99.89, 99.89, 9.00
10.00, 4, 250.00, -26352.00, 30247.00, -99.89, 99.89, 9.00
10.00, 4, 250.00, -26396.00, 30290.00, -99.89, 99.89, 9.00
10.00, 4, 250.00, -26440.00, 30333.00, -99.89, 99.89, 9.00
10.00, 4, 250.00, -26485.00, 30376.00, -99.89, 99.89, 9.00
10.00, 4, 250.00, -26530.00, 30418.00, -99.89, 99.89, 9.00
10.00, 4, 250.00, -26575.00, 30459.00, -99.89, 99.89, 9.00
10.00, 4, 250.00, -26618.00, 30501.00, -99.89, 99.89, 9.00
10.00, 4, 250.00, -26661.00, 30544.00, -99.89, 99.89, 9.00
10.00, 4, 250.00, -26706.00, 30589.00, -99.89, 99.89, 9.00
10.00, 4, 250.00, -26751.00, 30632.00, -99.89, 99.89, 9.00
10.00, 4, 250.00, -26796.00, 30674.00, -99.89, 99.89, 9.00
10.00, 4, 250.00, -26841.00, 30716.00, -99.89, 99.89, 9.00
10.00, 4, 250.00, -26885.00, 30759.00, -99.89, 99.89, 9.00
10.00, 4, 250.00, -26928.00, 30804.00, -99.89, 99.89, 9.00
10.00, 4, 250.00, -26973.00, 30847.00, -99.89, 99.89, 9.00
10.00, 4, 250.00, -27017.00, 30890.00, -99.89, 99.89, 9.00
10.00, 4, 250.00, -27063.00, 30933.00, -99.89, 99.89, 9.00
10.00, 4, 250.00, -27107.00, 30975.00, -99.89, 99.89, 9.00
10.00, 4, 250.00, -27148.00, 31018.00, -99.89, 99.89, 9.00
10.00, 4, 250.00, -27191.00, 31063.00, -99.89, 99.89, 9.00
10.00, 4, 250.00, -27236.00, 31108.00, -99.89, 99.89, 9.00
10.00, 4, 250.00, -27281.00, 31150.00, -99.89, 99.89, 9.00
10.00, 4, 250.00, -27327.00, 31194.00, -99.89, 99.89, 9.00
10.00, 4, 250.00, -27372.00, 31237.00, -99.89, 99.89, 9.00
10.00, 4, 250.00, -27415.00, 31280.00, -99.89, 99.89, 9.00
10.00, 4, 250.00, -27459.00, 31324.00, -99.89, 99.89, 9.00
10.00, 4, 250.00, -27504.00, 31369.00, -99.89, 99.89, 9.00
10.00, 4, 250.00, -27550.00, 31411.00, -99.89, 99.89, 9.00
10.00, 4, 250.00, -27595.00, 31453.00, -99.89, 99.89, 9.00
10.00, 4, 250.00, -27640.00, 31496.00, -99.89, 99.89, 9.00
10.00, 4, 250.00, -27682.00, 31540.00, -99.89, 99.89, 9.00
10.00, 4, 250.00, -27727.00, 31585.00, -99.89, 99.89, 9.00
10.00, 4, 250.00, -27774.00, 31628.00, -99.89, 99.89, 9.00
10.00, 4, 250.00, -27818.00, 31669.00, -99.89, 99.89, 9.00
10.00, 4, 250.00, -27863.00, 31711.00, -99.89, 99.89, 9.00
10.00, 4, 250.00, -27908.00, 31752.00, -99.89, 99.89, 9.00
10.00, 4, 250.00, -27951.00, 31797.00, -99.89, 99.89, 9.00
10.00, 4, 250.00, -27996.00, 31844.00, -99.89, 99.89, 9.00
10.00, 4, 250.00, -28041.00, 31885.00, -99.89, 99.89, 9.00
10.00, 4, 250.00, -28084.00, 31927.00, -99.89, 99.89, 9.00
10.00, 4, 250.00, -28129.00, 31971.00, -99.89, 99.89, 9.00
10.00, 4, 250.00, -28174.00, 32013.00, -99.89, 99.89, 9.00
10.00, 4, 250.00, -28214.00, 32060.00, -99.89, 99.89, 9.00
10.00, 4, 250.00, -28260.00, 32105.00, -99.89, 99.89, 9.00
10.00, 4, 250.00, -28304.00, 32147.00, -99.89, 99.89, 9.00
10.00, 4, 250.00, -28346.00, 32191.00, -99.89, 99.89, 9.00
10.00, 4, 250.00, -28389.00, 32235.00, -99.89, 99.89, 9.00
10.00, 4, 250.00, -28431.00, 32276.00, -99.89, 99.89, 9.00
10.00, 4, 250.00, -28471.00, 32325.00, -99.89, 99.89, 9.00
10.00, 4, 250.00, -28517.00, 32369.00, -99.89, 99.89, 9.00
10.00, 4, 250.00, -28560.00, 32409.00, -99.89, 99.89, 9.00
10.00, 4, 250.00, -28605.00, 32453.00, -99.89, 99.89, 9.00
10.00, 4, 250.00, -28647.00, 32497.00, -99.89, 99.89, 9.00
10.00, 4, 250.00, -28691.00, 32540.00, -99.89, 99.89, 9.00
10.00, 4, 250.00, -28735.00, 32587.00, -99.89, 99.89, 9.00
10.00, 4, 250.00, -28782.00, 32630.00, -99.89, 99.89, 9.00
10.00, 4, 250.00, -28826.00, 32671.00, -99.89, 99.89, 9.00
10.00, 4, 250.00, -28872.00, 32714.00, -99.89, 99.89, 9.00
10.00, 4, 250.00, -28917.00, 32757.00, -99.89, 99.89, 9.00
10.00, 4, 250.00, -28960.00, 32801.00, -99.89, 99.89, 9.00
10.00, 4, 250.00, -29004.00, 32845.00, -99.89, 99.89, 9.00
10.00, 4, 250.00, -29051.00, 32887.00, -99.89, 99.89, 9.00
10.00, 4, 250.00, -29096.00, 32929.00, -99.89, 99.89, 9.00
10.00, 4, 250.00, -29142.00, 32972.00, -99.89, 99.89, 9.00
10.00, 4, 250.00, -29187.00, 33014.00, -99.89, 99.89, 9.00
10.00, 4, 250.00, -29230.00, 33057.00, -99.89, 99.89, 9.00
10.00, 4, 250.00, -29276.00, 33103.00, -99.89, 99.89, 9.00
10.00, 4, 250.00, -29323.00, 33145.00, -99.89, 99.89, 9.00
10.00, 4, 250.00, -29367.00, 33187.00, -99.89, 99.89, 9.00
10.00, 4, 250.00, -29411.00, 33232.00, -99.89, 99.89, 9.00
10.00, 4, 250.00, -29456.00, 33275.00, -99.89, 99.89, 9.00
10.00, 4, 250.00, -29499.00, 33318.00, -99.89, 99.89, 9.00
10.00, 4, 250.00, -29543.00, 33362.00, -99.89, 99.89, 9.00
10.00, 4, 250.00, -29588.00, 33406.00, -99.89, 99.89, 9.00
10.00, 4, 250.00, -29632.00, 33451.00, -99.89, 99.89, 9.00
10.00, 4, 250.00, -29676.00, 33495.00, -99.89, 99.89, 9.00
10.00, 4, 250.00, -29719.00, 33540.00, -99.89, 99.89, 9.00
10.00, 4, 250.00, -29761.00, 33584.00, -99.89, 99.89, 9.00
10.00, 4, 250.00, -29805.00, 33630.00, -99.89, 99.89, 9.00
10.00, 4, 250.00, -29849.00, 33673.00, -99.89, 99.89, 9.00
10.00, 4, 250.00, -29893.00, 33716.00, -99.89, 99.89, 9.00
10.00, 4, 250.00, -29937.00, 33760.00, -99.89, 99.89, 9.00
10.00, 4, 250.00, -29980.00, 33804.00, -99.89, 99.89, 9.00
10.00, 4, 250.00, -30022.00, 33847.00, -99.89, 99.89, 9.00
10.00, 4, 250.00, -30066.00, 33893.00, -99.89, 99.89, 9.00
10.00, 4, 250.00, -30111.00, 33938.00, -99.89, 99.89, 9.00
10.00, 4, 250.00, -30156.00, 33981.00, -99.89, 99.89, 9.00
10.00, 4, 250.00, -30201.00, 34024.00, -99.89, 99.89, 9.00
10.00, 4, 250.00, -30244.00, 34066.00, -99.89, 99.89, 9.00
10.00, 4, 250.00, -30286.00, 34112.00, -99.89, 99.89, 9.00
10.00, 4, 250.00, -30330.00, 34156.00, -99.89, 99.89, 9.00
10.00, 4, 250.00, -30375.00, 34196.00, -99.89, 99.89, 9.00
10.00, 4, 250.00, -30419.00, 34239.00, -99.89, 99.89, 9.00
10.00, 4, 250.00, -30462.00, 34281.00, -99.89, 99.89, 9.00
10.00, 4, 250.00, -30505.00, 34323.00, -99.89, 99.89, 9.00
10.00, 4, 250.00, -30548.00, 34370.00, -99.89, 99.89, 9.00
10.00, 4, 250.00, -30594.00, 34415.00, -99.89, 99.89, 9.00
10.00, 4, 250.00, -30638.00, 34456.00, -99.89, 99.89, 9.00
10.00, 4, 250.00, -30683.00, 34498.00, -99.89, 99.89, 9.00
10.00, 4, 250.00, -30728.00, 34542.00, -99.89, 99.89, 9.00
10.00, 4, 250.00, -30770.00, 34584.00, -99.89, 99.89, 9.00
10.00, 4, 250.00, -30811.00, 34630.00, -99.89, 99.89, 9.00
10.00, 4, 250.00, -30857.00, 34673.00, -99.89, 99.89, 9.00
10.00, 4, 250.00, -30901.00, 34716.00, -99.89, 99.89, 9.00
10.00, 4, 250.00, -30943.00, 34759.00, -99.89, 99.89, 9.00
10.00, 4, 250.00, -30986.00, 34802.00, -99.89, 99.89, 9.00
10.00, 4, 250.00, -31028.00, 34845.00, -99.89, 99.89, 9.00
10.00, 4, 250.00, -31071.00, 34891.00, -99.89, 99.89, 9.00
10.00, 4, 250.00, -31118.00, 34935.00, -99.89, 99.89, 9.00
10.00, 4, 250.00, -31164.00, 34978.00, -99.89, 99.89, 9.00
10.00, 4, 250.00, -31208.00, 35022.00, -99.89, 99.89, 9.00
10.00, 4, 250.00, -31252.00, 35063.00, -99.89, 99.89, 9.00
10.00, 4, 250.00, -31293.00, 35106.00, -99.89, 99.89, 9.00
10.00, 4, 250.00, -31338.00, 35151.00, -99.89, 99.89, 9.00
10.00, 4, 250.00, -31385.00, 35196.00, -99.89, 99.89, 9.00
10.00, 4, 250.00, -31429.00, 35237.00, -99.89, 99.89, 9.00
10.00, 4, 250.00, -31475.00, 35280.00, -99.89, 99.89, 9.00
10.00, 4, 250.00, -31519.00, 35323.00, -99.89, 99.89, 9.00
10.00, 4, 250.00, -31563.00, 35368.00, -99.89, 99.89, 9.00
10.00, 4, 250.00, -31608.00, 35411.00, -99.89, 99.89, 9.00
10.00, 4, 250.00, -31655.00, 35454.00, -99.89, 99.89, 9.00
10.00, 4, 250.00, -31701.00, 35496.00, -99.89, 99.89, 9.00
10.00, 4, 250.00, -31745.00, 35537.00, -99.89, 99.89, 9.00
10.00, 4, 250.00, -31788.00, 35580.00, -99.89, 99.89, 9.00
10.00, 4, 250.00, -31832.00, 35625.00, -99.89, 99.89, 9.00
10.00, 4, 250.00, -31876.00, 35671.00, -99.89, 99.89, 9.00
10.00, 4, 250.00, -31920.00, 35712.00, -99.89, 99.89, 9.00
10.00, 4, 250.00, -31966.00, 35754.00, -99.89, 99.89, 9.00
10.00, 4, 250.00, -32010.00, 35800.00, -99.89, 99.89, 9.00
10.00, 4, 250.00, -32052.00, 35842.00, -99.89, 99.89, 9.00
10.00, 4, 250.00, -32096.00, 35890.00, -99.89, 99.89, 9.00
10.00, 4, 250.00, -32141.00, 35934.00, -99.89, 99.89, 9.00
10.00, 4, 250.00, -32183.00, 35975.00, -99.89, 99.89, 9.00
10.00, 4, 250.00, -32227.00, 36019.00, -99.89, 99.89, 9.00
10.00, 4, 250.00, -32271.00, 36064.00, -99.89, 99.89, 9.00
10.00, 4, 250.00, -32311.00, 36107.00, -99.89, 99.89, 9.00
10.00, 4, 250.00, -32354.00, 36154.00, -99.89, 99.89, 9.00
10.00, 4, 250.00, -32398.00, 36198.00, -99.89, 99.89, 9.00
10.00, 4, 250.00, -32441.00, 36238.00, -99.89, 99.89, 9.00
10.00, 4, 250.00, -32485.00, 36284.00, -99.89, 99.89, 9.00
10.00, 4, 250.00, -32528.00, 36329.00, -99.89, 99.89, 9.00
10.00, 4, 250.00, -32571.00, 36372.00, -99.89, 99.89, 9.00
10.00, 4, 250.00, -32616.00, 36417.00, -99.89, 99.89, 9.00
10.00, 4, 250.00, -32660.00, 36460.00, -99.89, 99.89, 9.00
10.00, 4, 250.00, -32706.00, 36502.00, -99.89, 99.89, 9.00
10.00, 4, 250.00, -32750.00, 36544.00, -99.89, 99.89, 9.00
10.00, 4, 250.00, -32794.00, 36588.00, -99.89, 99.89, 9.00
10.00, 4, 250.00, -32837.00, 36631.00, -99.89, 99.89, 9.00
10.00, 4, 250.00, -32883.00, 36677.00, -99.89, 99.89, 9.00
10.00, 4, 250.00, -32930.00, 36716.00, -99.89, 99.89, 9.00
10.00, 4, 250.00, -32975.00, 36757.00, -99.89, 99.89, 9.00
10.00, 4, 250.00, -33021.00, 36801.00, -99.89, 99.89, 9.00
10.00, 4, 250.00, -33065.00, 36844.00, -99.89, 99.89, 9.00
10.00, 4, 250.00, -33109.00, 36888.00, -99.89, 99.89, 9.00
10.00, 4, 250.00, -33153.00, 36933.00, -99.89, 99.89, 9.00
10.00, 4, 250.00, -33199.00, 36975.00, -99.89, 99.89, 9.00
10.00, 4, 250.00, -33245.00, 37018.00, -99.89, 99.89, 9.00
10.00, 4, 250.00, -33289.00, 37062.00, -99.89, 99.89, 9.00
10.00, 4, 250.00, -33334.00, 37105.00, -99.89, 99.89, 9.00
10.00, 4, 250.00, -33377.00, 37149.00, -99.89, 99.89, 9.00
10.00, 4, 250.00, -33421.00, 37193.00, -99.89, 99.89, 9.00
10.00, 4, 250.00, -33465.00, 37237.00, -99.89, 99.89, 9.00
10.00, 4, 250.00, -33509.00, 37281.00, -99.89, 99.89, 9.00
10.00, 4, 250.00, -33553.00, 37328.00, -99.89, 99.89, 9.00
10.00, 4, 250.00, -33596.00, 37371.00, -99.89, 99.89, 9.00
10.00, 4, 250.00, -33640.00, 37414.00, -99.89, 99.89, 9.00
10.00, 4, 250.00, -33685.00, 37459.00, -99.89, 99.89, 9.00
10.00, 4, 250.00, -33728.00, 37503.00, -99.89, 99.89, 9.00
10.00, 4, 250.00, -33773.00, 37547.00, -99.89, 99.89, 9.00
10.00, 4, 250.00, -33817.00, 37591.00, -99.89, 99.89, 9.00
10.00, 4, 250.00, -33860.00, 37635.00, -99.89, 99.89, 9.00
10.00, 4, 250.00, -33904.00, 37680.00, -99.89, 99.89, 9.00
10.00, 4, 250.00, -33948.00, 37725.00, -99.89, 99.89, 9.00
10.00, 4, 250.00, -33994.00, 37769.00, -99.89, 99.89, 9.00
10.00, 4, 250.00, -34039.00, 37811.00, -99.89, 99.89, 9.00
10.00, 4, 250.00, -34083.00, 37856.00, -99.89, 99.89, 9.00
10.00, 4, 250.00, -34126.00, 37899.00, -99.89, 99.89, 9.00
10.00, 4, 250.00, -34170.00, 37940.00, -99.89, 99.89, 9.00
10.00, 4, 250.00, -34215.00, 37984.00, -99.89, 99.89, 9.00
10.00, 4, 250.00, -34260.00, 38027.00, -99.89, 99.89, 9.00
10.00, 4, 250.00, -34304.00, 38070.00, -99.89, 99.89, 9.00
10.00, 4, 250.00, -34347.00, 38112.00, -99.89, 99.89, 9.00
10.00, 4, 250.00, -34389.00, 38154.00, -99.89, 99.89, 9.00
10.00, 4, 250.00, -34434.00, 38201.00, -99.89, 99.89, 9.00
10.00, 4, 250.00, -34478.00, 38246.00, -99.89, 99.89, 9.00
10.00, 4, 250.00, -34523.00, 38287.00, -99.89, 99.89, 9.00
10.00, 4, 250.00, -34566.00, 38331.00, -99.89, 99.89, 9.00
10.00, 4, 250.00, -34609.00, 38376.00, -99.89, 99.89, 9.00
10.00, 4, 250.00, -34652.00, 38419.00, -99.89, 99.89, 9.00
10.00, 4, 250.00, -34694.00, 38464.00, -99.89, 99.89, 9.00
10.00, 4, 250.00, -34738.00, 38507.00, -99.89, 99.89, 9.00
10.00, 4, 250.00, -34782.00, 38550.00, -99.89, 99.89, 9.00
10.00, 4, 250.00, -34825.00, 38593.00, -99.89, 99.89, 9.00
10.00, 4, 250.00, -34868.00, 38636.00, -99.89, 99.89, 9.00
10.00, 4, 250.00, -34910.00, 38681.00, -99.89, 99.89, 9.00
10.00, 4, 250.00, -34955.00, 38726.00, -99.89, 99.89, 9.00
10.00, 4, 250.00, -35000.00, 38768.00, -99.89, 99.89, 9.00
10.00, 4, 250.00, -35045.00, 38812.00, -99.89, 99.89, 9.00
10.00, 4, 250.00, -35088.00, 38856.00, -99.89, 99.89, 9.00
10.00, 4, 250.00, -35130.00, 38899.00, -99.89, 99.89, 9.00
10.00, 4, 250.00, -35173.00, 38942.00, -99.89, 99.89, 9.00
10.00, 4, 250.00, -35220.00, 38987.00, -99.89, 99.89, 9.00
10.00, 4, 250.00, -35266.00, 39030.00, -99.89, 99.89, 9.00
10.00, 4, 250.00, -35311.00, 39073.00, -99.89, 99.89, 9.00
10.00, 4, 250.00, -35355.00, 39115.00, -99.89, 99.89, 9.00
10.00, 4, 250.00, -35398.00, 39158.00, -99.89, 99.89, 9.00
10.00, 4, 250.00, -35444.00, 39201.00, -99.89, 99.89, 9.00
10.00, 4, 250.00, -35489.00, 39243.00, -99.89, 99.89, 9.00
10.00, 4, 250.00, -35535.00, 39286.00, -99.89, 99.89, 9.00
10.00, 4, 250.00, -35581.00, 39328.00, -99.89, 99.89, 9.00
10.00, 4, 250.00, -35624.00, 39370.00, -99.89, 99.89, 9.00
10.00, 4, 250.00, -35668.00, 39414.00, -99.89, 99.89, 9.00
10.00, 4, 250.00, -35712.00, 39458.00, -99.89, 99.89, 9.00
10.00, 4, 250.00, -35757.00, 39500.00, -99.89, 99.89, 9.00
10.00, 4, 250.00, -35803.00, 39544.00, -99.89, 99.89, 9.00
10.00, 4, 250.00, -35848.00, 39587.00, -99.89, 99.89, 9.00
10.00, 4, 250.00, -35890.00, 39631.00, -99.89, 99.89, 9.00
10.00, 4, 250.00, -35934.00, 39677.00, -99.89, 99.89, 9.00
10.00, 4, 250.00, -35978.00, 39720.00, -99.89, 99.89, 9.00
10.00, 4, 250.00, -36021.00, 39763.00, -99.89, 99.89, 9.00
10.00, 4, 250.00, -36065.00, 39808.00, -99.89, 99.89, 9.00
10.00, 4, 250.00, -36108.00, 39851.00, -99.89, 99.89, 9.00
10.00, 4, 250.00, -36150.00, 39895.00, -99.89, 99.89, 9.00
10.00, 4, 250.00, -36193.00, 39940.00, -99.89, 99.89, 9.00
10.00, 4, 250.00, -36237.00, 39985.00, -99.89, 99.89, 9.00
10.00, 4, 250.00, -36281.00, 40028.00, -99.89, 99.89, 9.00
10.00, 4, 250.00, -36326.00, 40071.00, -99.89, 99.89, 9.00
10.00, 4, 250.00, -36370.00, 40116.00, -99.89, 99.89, 9.00
10.00, 4, 250.00, -36412.00, 40161.00, -99.89, 99.89, 9.00
10.00, 4, 250.00, -36456.00, 40204.00, -99.89, 99.89, 9.00
10.00, 4, 250.00, -36500.00, 40247.00, -99.89, 99.89, 9.00
10.00, 4, 250.00, -36544.00, 40291.00, -99.89, 99.89, 9.00
10.00, 4, 250.00, -36590.00, 40333.00, -99.89, 99.89, 9.00
10.00, 4, 250.00, -36633.00, 40377.00, -99.89, 99.89, 9.00
10.00, 4, 250.00, -36675.00, 40421.00, -99.89, 99.89, 9.00
10.00, 4, 250.00, -36720.00, 40463.00, -99.89, 99.89, 9.00
10.00, 4, 250.00, -36764.00, 40505.00, -99.89, 99.89, 9.00
10.00, 4, 250.00, -36810.00, 40547.00, -99.89, 99.89, 9.00
10.00, 4, 250.00, -36855.00, 40590.00, -99.89, 99.89, 9.00
10.00, 4, 250.00, -36900.00, 40633.00, -99.89, 99.89, 9.00
10.00, 4, 250.00, -36944.00, 40676.00, -99.89, 99.89, 9.00
10.00, 4, 250.00, -36989.00, 40718.00, -99.89, 99.89, 9.00
10.00, 4, 250.00, -37033.00, 40762.00, -99.89, 99.89, 9.00
10.00, 4, 250.00, -37079.00, 40804.00, -99.89, 99.89, 9.00
10.00, 4, 250.00, -37123.00, 40846.00, -99.89, 99.89, 9.00
10.00, 4, 250.00, -37166.00, 40891.00, -99.89, 99.89, 9.00
10.00, 4, 250.00, -37211.00, 40935.00, -99.89, 99.89, 9.00
10.00, 4, 250.00, -37253.00, 40977.00, -99.89, 99.89, 9.00
10.00, 4, 250.00, -37298.00, 41022.00, -99.89, 99.89, 9.00
10.00, 4, 250.00, -37344.00, 41066.00, -99.89, 99.89, 9.00
10.00, 4, 250.00, -37387.00, 41111.00, -99.89, 99.89, 9.00
10.00, 4, 250.00, -37431.00, 41156.00, -99.89, 99.89, 9.00
10.00, 4, 250.00, -37475.00, 41199.00, -99.89, 99.89, 9.00
10.00, 4, 250.00, -37520.00, 41243.00, -99.89, 99.89, 9.00
10.00, 4, 250.00, -37564.00, 41287.00, -99.89, 99.89, 9.00
10.00, 4, 250.00, -37609.00, 41330.00, -99.89, 99.89, 9.00
10.00, 4, 250.00, -37652.00, 41376.00, -99.89, 99.89, 9.00
10.00, 4, 250.00, -37697.00, 41420.00, -99.89, 99.89, 9.00
10.00, 4, 250.00, -37742.00, 41461.00, -99.89, 99.89, 9.00
10.00, 4, 250.00, -37787.00, 41505.00, -99.89, 99.89, 9.00
10.00, 4, 250.00, -37832.00, 41551.00, -99.89, 99.89, 9.00
10.00, 4, 250.00, -37878.00, 41594.00, -99.89, 99.89, 9.00
10.00, 4, 250.00, -37922.00, 41638.00, -99.89, 99.89, 9.00
10.00, 4, 250.00, -37966.00, 41681.00, -99.89, 99.89, 9.00
10.00, 4, 250.00, -38010.00, 41724.00, -99.89, 99.89, 9.00
10.00, 4, 250.00, -38055.00, 41767.00, -99.89, 99.89, 9.00
10.00, 4, 250.00, -38098.00, 41810.00, -99.89, 99.89, 9.00
10.00, 4, 250.00, -38144.00, 41853.00, -99.89, 99.89, 9.00
10.00, 4, 250.00, -38189.00, 41895.00, -99.89, 99.89, 9.00
