0.24013757705688477 1.98 0.0 0.0 50.22407150268555 51.135257720947266
0.4417400360107422 1.9598392534255982 1.051872730255127 1.051872730255127 50.279296875 51.192012786865234
0.6414940357208252 1.9398633766174316 1.9058551788330078 2.0453081130981445 50.63517761230469 51.55096435546875
0.8426804542541504 1.9197442579269408 1.8498005867004395 1.8498005867004395 51.03094482421875 51.94980239868164
1.0434761047363281 1.899664168357849 1.8846051692962646 1.9722613096237183 51.41597366333008 52.36090850830078
1.2442905902862549 1.8795821952819822 1.8407771587371826 1.9284332990646362 51.742713928222656 52.70451736450195
1.4444332122802734 1.8595674324035643 1.9722613096237183 1.8407771587371826 52.13848114013672 53.09108352661133
1.64658784866333 1.8393514919281004 1.9400347471237183 1.7595664262771606 52.52964401245117 53.46077346801758
1.8456394672393799 1.8194450664520263 1.8407771587371826 1.7969491481781006 52.91313934326172 53.83045959472656
2.0474095344543457 1.7992675590515137 1.7092931270599365 1.7969491481781006 53.28282928466797 54.21242141723633
2.2480437755584717 1.7792036819458008 1.8046835660934448 1.8498005867004395 53.649452209472656 54.5989875793457
2.448207378387451 1.7591867971420287 1.7531211376190186 1.7969491481781006 54.017608642578125 54.97481155395508
2.649458169937134 1.7390612173080444 1.7595664262771606 1.7595664262771606 54.316734313964844 55.27853775024414
2.8498787879943848 1.7190186548233033 1.714449405670166 1.714449405670166 54.73090744018555 55.69271469116211
3.0502758026123047 1.6989784765243532 1.714449405670166 1.7595664262771606 55.02236557006836 55.981101989746094
3.2515475749969482 1.678850727081299 1.7664023637771606 1.719918131828308 55.3736457824707 56.329315185546875
3.45332407951355 1.6586725521087646 1.714449405670166 1.6242151260375977 55.727996826171875 56.66832733154297
3.6518263816833496 1.6388201522827148 1.714449405670166 1.6693322658538818 56.07927703857422 57.00273513793945
3.8527514934539795 1.6187271404266357 1.6216371059417725 1.5339809656143188 56.422889709472656 57.33407211303711
4.053071737289429 1.5986946392059325 1.6216371059417725 1.5778089761734009 56.75423049926758 57.66234588623047
4.255555152893066 1.5784457731246946 1.5339809656143188 1.5778089761734009 57.024208068847656 57.936927795410156
4.457705736160278 1.5582302379608153 1.4901529550552368 1.6654651165008545 57.33407211303711 58.27286911010742
4.654838800430298 1.5385164308547972 1.579098105430603 1.579098105430603 57.64854049682617 58.60267639160156
4.855642795562744 1.5184354352951048 1.4888639450073242 1.5339809656143188 57.9660758972168 58.92327880859375
5.060065269470215 1.4979926395416259 1.5339809656143188 1.4874967336654663 58.280540466308594 59.2331428527832
5.457204341888428 1.4582782077789305 1.580465316772461 1.580465316772461 58.906402587890625 59.83292770385742
5.658532619476318 1.4381448554992673 1.4410125017166138 1.4874967336654663 59.20859909057617 60.141258239746094
5.859502553939819 1.4180473375320433 1.44374680519104 1.5339809656143188 59.4525032043457 60.3928337097168
6.058859348297119 1.3981111812591551 1.4410125017166138 1.4874967336654663 59.74395751953125 60.690425872802734
6.259506702423096 1.3780459213256835 1.4888639450073242 1.3986297845840454 60.036949157714844 60.986480712890625
6.460261821746826 1.3579699087142942 1.3535126447677612 1.3986297845840454 60.316131591796875 61.2672004699707
6.66040563583374 1.337955002784729 1.3535126447677612 1.3535126447677612 60.59071731567383 61.54792022705078
6.8611159324646 1.317883448600769 1.271012783050537 1.3586689233779907 60.85302734375 61.817901611328125
7.062060356140137 1.2977884340286254 1.2632784843444824 1.3535126447677612 61.072383880615234 62.047996520996094
7.2624831199646 1.277745656967163 1.3986297845840454 1.308395504951477 61.3408317565918 62.321044921875
7.46353554725647 1.25763991355896 1.271012783050537 1.227184772491455 61.6138801574707 62.57722091674805
7.6643712520599365 1.2375558185577393 1.271012783050537 1.183356761932373 61.88846206665039 62.834930419921875
7.86541748046875 1.2174506950378419 1.308395504951477 1.2181613445281982 62.15690994262695 63.08036804199219
8.066110134124756 1.1973809289932251 1.227184772491455 1.183356761932373 62.40388107299805 63.315067291259766
8.266954183578491 1.1772960472106935 1.1730443239212036 1.1730443239212036 62.65238571166992 63.55743408203125
8.470590114593506 1.156931929588318 1.2181613445281982 1.2632784843444824 62.89322280883789 63.7998046875
8.66755723953247 1.1372347640991212 1.0828101634979248 1.1730443239212036 63.08496856689453 64.00535583496094
8.867883443832397 1.1172016429901124 1.1279271841049194 1.1279271841049194 63.31966781616211 64.25079345703125
9.070215940475464 1.0969678926467896 1.051872730255127 1.095700740814209 63.5482292175293 64.48396301269531
9.270232439041138 1.0769657182693482 1.051872730255127 1.0080446004867554 63.772193908691406 64.71559143066406
9.471757173538208 1.056812767982483 1.095700740814209 1.095700740814209 63.95166778564453 64.90119934082031
9.672683000564575 1.0367196607589724 1.051872730255127 0.9203885793685913 64.17102813720703 65.11902618408203
9.87122368812561 1.0168650913238528 1.095700740814209 1.0080446004867554 64.38732147216797 65.33531951904297
10.072343349456787 0.9967525291442874 1.051872730255127 0.9642166495323181 64.60360717773438 65.54547119140625
10.272966384887695 0.9766897487640384 1.0080446004867554 1.0080446004867554 64.81069946289062 65.74949645996094
10.473727941513062 0.9566130924224856 0.9474588632583618 0.9023417830467224 65.01011657714844 65.94891357421875
10.67397665977478 0.9365876722335817 0.9474588632583618 0.9925759434700012 65.20800018310547 66.14986419677734
10.875397205352783 0.9164450931549074 0.9761697053909302 0.9761697053909302 65.40281677246094 66.34161376953125
11.075448513031006 0.8964394140243532 0.9925759434700012 0.9474588632583618 65.5684814453125 66.50421142578125
11.276477336883545 0.8763360548019411 0.857224702835083 0.9023417830467224 65.7602310180664 66.69749450683594
11.497057914733887 0.854277424812317 0.9023417830467224 0.857224702835083 65.94430541992188 66.87696838378906
11.677077770233154 0.8362749147415163 0.8327325582504272 0.7889044880867004 66.12071990966797 67.05951690673828
11.878495931625366 0.8161326217651369 0.8121075630187988 0.857224702835083 66.28791809082031 67.23131561279297
12.077939987182617 0.7961876916885378 0.8327325582504272 0.8327325582504272 66.45819091796875 67.40005493164062
12.279563665390015 0.7760248708724977 0.6972640752792358 0.7902326583862305 66.61312866210938 67.56112670898438
12.47978687286377 0.7560020494461062 0.7450764775276184 0.8327325582504272 66.74198150634766 67.69764709472656
12.681641578674316 0.7358161020278933 0.6767563223838806 0.8121075630187988 66.89077758789062 67.86331939697266
12.881176471710205 0.7158621358871462 0.72187340259552 0.72187340259552 67.03650665283203 68.01824951171875
13.084989070892334 0.695480422973633 0.7669904828071594 0.72187340259552 67.18683624267578 68.17318725585938
13.282466888427734 0.6757321405410769 0.7012484669685364 0.6574204564094543 67.3294906616211 68.31277465820312
13.492455959320068 0.6547327327728274 0.7669904828071594 0.72187340259552 67.4476089477539 68.43089294433594
13.68686556816101 0.6352912235260012 0.6767563223838806 0.5865221619606018 67.58873748779297 68.56741333007812
13.885479211807251 0.615429358482361 0.6507798433303833 0.5578112602233887 67.7482681274414 68.71314239501953
14.086146831512451 0.595360188484192 0.6507798433303833 0.604295551776886 67.85871887207031 68.81438446044922
14.286659955978394 0.5753081846237184 0.6574204564094543 0.5697643756866455 67.98603820800781 68.93250274658203
14.489297151565552 0.5550439405441285 0.5259363651275635 0.43828028440475464 68.10262298583984 69.03834533691406
14.688127517700195 0.535160403251648 0.604295551776886 0.5578112602233887 68.21766662597656 69.14726257324219
14.88875675201416 0.5150969791412354 0.5414050817489624 0.5414050817489624 68.33578491210938 69.25617218017578
15.09024429321289 0.49494107246398933 0.47936907410621643 0.3834952414035797 68.44623565673828 69.35894775390625
15.2926344871521 0.4747014808654786 0.4962879717350006 0.4962879717350006 68.5428695678711 69.45405578613281
15.555131673812866 0.4484512853622437 0.4962879717350006 0.4511708915233612 68.61036682128906 69.51695251464844
15.691803693771362 0.434783582687378 0.47936907410621643 0.5273059606552124 68.72081756591797 69.62739562988281
15.89257526397705 0.41470594882965095 0.4511708915233612 0.4962879717350006 68.80978393554688 69.7209701538086
16.093265533447266 0.3946364688873292 0.43828028440475464 0.43828028440475464 68.89415740966797 69.80994415283203
16.29462504386902 0.37450004100799567 0.4154531955718994 0.4154531955718994 68.95551300048828 69.87743377685547
16.49502444267273 0.3544596719741822 0.4017569422721863 0.36523357033729553 69.0460205078125 69.97254180908203
16.69468092918396 0.33449359416961677 0.33085864782333374 0.36093670129776 69.10584259033203 70.03543853759766
16.905598163604736 0.31340141773223884 0.30679619312286377 0.3506242334842682 69.18868255615234 70.11827087402344
17.096073150634766 0.2943534421920777 0.2707025408744812 0.2707025408744812 69.24083709716797 70.17349243164062
17.296778678894043 0.27428241252899177 0.32538992166519165 0.27890563011169434 69.30679321289062 70.23332214355469
17.496756315231323 0.2542841005325318 0.2707025408744812 0.2255854457616806 69.3650894165039 70.29007720947266
17.697550535202026 0.2342042255401612 0.2255854457616806 0.3158196210861206 69.41571044921875 70.34529876708984
17.899323225021362 0.21402647972106942 0.2497178316116333 0.2497178316116333 69.46479797363281 70.39285278320312
18.09911823272705 0.19404476165771492 0.2255854457616806 0.18046835064888 69.50314331054688 70.4327392578125
18.299516677856445 0.17400444030761725 0.2255854457616806 0.1353512704372406 69.55376434326172 70.48029327392578
18.50087833404541 0.15386777400970464 0.18046835064888 0.2255854457616806 69.58598327636719 70.51863861083984
18.70254683494568 0.13370047092437748 0.13945281505584717 0.13945281505584717 69.61819458007812 70.5523910522461
18.90169382095337 0.11378527164459232 0.13148409128189087 0.043828029185533524 69.63813781738281 70.57079315185547
19.102676391601562 0.09368651390075687 0.1753121167421341 0.13148409128189087 69.65961456298828 70.59687042236328
19.30426025390625 0.07352769851684574 0.08765605837106705 0.08765605837106705 69.67801666259766 70.61528015136719
19.506938457489014 0.05325940132141116 0.05289589613676071 0.05289589613676071 69.69029235839844 70.6244888305664
19.70529007911682 0.03342240333557131 0.03652335703372955 0.03652335703372955 69.70716094970703 70.64442443847656
19.90515637397766 0.013435273170471211 0.0 0.043828029185533524 69.7117691040039 70.652099609375
20.10599398612976 -0.0066489410400390435 0.0 0.043828029185533524 69.71483612060547 70.65516662597656
20.3061683177948 -0.026666922569274883 0.04511708766222 0.0 69.71790313720703 70.65823364257812
20.507282733917236 -0.04677886486053465 0.0 0.0 69.71790313720703 70.65823364257812
20.708160400390625 -0.06686710834503172 0.0 0.0 69.71790313720703 70.65823364257812
20.90807008743286 -0.08685855388641356 0.0 0.0 69.71790313720703 70.65823364257812
21.109775066375732 -0.10702952861785887 0.0 0.0 69.71790313720703 70.65823364257812
21.310009956359863 -0.12705349445343017 0.0 -0.04511708766222 69.71483612060547 70.65363311767578
21.510260343551636 -0.14707970142364502 0.0 -0.043828029185533524 69.71330261230469 70.65056610107422
21.711652994155884 -0.1672194194793701 -0.04511708766222 -0.1353512704372406 69.7010269165039 70.63522338867188
21.911622524261475 -0.1872168731689453 -0.1353512704372406 -0.1353512704372406 69.67188262939453 70.6060791015625
22.112139225006104 -0.2072690200805664 -0.18046835064888 -0.09023417532444 69.64580535888672 70.58000183105469
22.312910318374634 -0.22734663009643555 -0.18046835064888 -0.2255854457616806 69.60899353027344 70.54318237304688
22.51402187347412 -0.2474582862854004 -0.1753121167421341 -0.13148409128189087 69.5737075805664 70.50330352783203
22.71452569961548 -0.2675091934204102 -0.2707025408744812 -0.2255854457616806 69.5276870727539 70.45574951171875
22.914050102233887 -0.28746211051940923 -0.21914014220237732 -0.26296818256378174 69.48013305664062 70.40052032470703
23.11574077606201 -0.30763163089752205 -0.2707025408744812 -0.2255854457616806 69.42491149902344 70.34529876708984
23.316394567489624 -0.32769755840301523 -0.30679619312286377 -0.26296818256378174 69.38042449951172 70.29927825927734
23.517269611358643 -0.3477855634689332 -0.2876214385032654 -0.3834952414035797 69.32213592529297 70.23485565185547
23.7167866230011 -0.36773776531219493 -0.30679619312286377 -0.30679619312286377 69.254638671875 70.16889190673828
23.919800519943237 -0.388039631843567 -0.30679619312286377 -0.3506242334842682 69.19021606445312 70.10139465332031
24.118496656417847 -0.40790974617004405 -0.4060537815093994 -0.4060537815093994 69.1196517944336 70.02622985839844
24.321983814239502 -0.4282608938217164 -0.4511708915233612 -0.4511708915233612 69.03834533691406 69.94339752197266
24.52113366127014 -0.44817633152008063 -0.48210832476615906 -0.3944522440433502 68.95704650878906 69.86209869384766
24.721850633621216 -0.46824848175048833 -0.48210832476615906 -0.43828028440475464 68.88494873046875 69.79460144042969
24.921849489212036 -0.48824886798858647 -0.5113270282745361 -0.4648427367210388 68.79444885253906 69.70870208740234
25.121257066726685 -0.5081900787353516 -0.5578112602233887 -0.5578112602233887 68.6993408203125 69.61359405517578
25.32172703742981 -0.528237624168396 -0.5865221619606018 -0.4962879717350006 68.59195709228516 69.51388549804688
25.522524118423462 -0.5483178329467774 -0.48210832476615906 -0.48210832476615906 68.48611450195312 69.41264343261719
25.724568843841553 -0.5685229015350343 -0.5259363651275635 -0.5259363651275635 68.37873840332031 69.30986022949219
25.9241726398468 -0.5884837579727173 -0.5414050817489624 -0.6316392421722412 68.26675415039062 69.2009506225586
26.12548851966858 -0.6086158227920533 -0.5752428770065308 -0.5752428770065308 68.16704559326172 69.10737609863281
26.325944900512695 -0.6286620569229127 -0.5697643756866455 -0.6135923862457275 68.04586029052734 68.99079895019531
26.52579355239868 -0.6486474466323853 -0.6135923862457275 -0.6574204564094543 67.9216079711914 68.86961364746094
26.726707696914673 -0.6687393856048585 -0.7012484669685364 -0.6574204564094543 67.78508758544922 68.74382781982422
26.92711853981018 -0.6887809467315674 -0.6135923862457275 -0.6135923862457275 67.65162658691406 68.61190032958984
27.127241134643555 -0.7087936353683472 -0.6767563223838806 -0.6316392421722412 67.53811645507812 68.50912475585938
27.328116178512573 -0.7288815927505493 -0.7012484669685364 -0.6135923862457275 67.39698791503906 68.3710708618164
27.529319763183594 -0.7490024757385254 -0.6574204564094543 -0.7889044880867004 67.25432586669922 68.22687530517578
27.72968339920044 -0.7690392923355103 -0.7012484669685364 -0.7012484669685364 67.10860443115234 68.0872802734375
27.93023681640625 -0.7890951585769653 -0.7669904828071594 -0.7669904828071594 66.9552001953125 67.93388366699219
28.131730318069458 -0.8092449855804443 -0.6574204564094543 -0.7450764775276184 66.80180358886719 67.77742004394531
28.333524227142334 -0.829424901008606 -0.7889044880867004 -0.7450764775276184 66.64073944091797 67.6209487915039
28.532270908355713 -0.84930006980896 -0.8327325582504272 -0.7889044880867004 66.47813415527344 67.4583511352539
28.73549199104309 -0.869622678756714 -0.8121075630187988 -0.8121075630187988 66.34468078613281 67.31722259521484
28.936874628067017 -0.8897613954544068 -0.8327325582504272 -0.8327325582504272 66.17594146728516 67.1392822265625
29.135521173477173 -0.9096284818649293 -0.857224702835083 -0.857224702835083 66.00106811523438 66.95826721191406
29.337437629699707 -0.9298206043243409 -0.9023417830467224 -0.9925759434700012 65.82312774658203 66.76805877685547
29.53612780570984 -0.9496901226043701 -0.8765605688095093 -0.9203885793685913 65.6421127319336 66.57937622070312
29.736963033676147 -0.969774169921875 -0.9296854734420776 -0.9296854734420776 65.45650482177734 66.38916015625
29.945448875427246 -0.9906234216690064 -0.8765605688095093 -0.9642166495323181 65.26322174072266 66.1882095336914
30.139176607131958 -1.0099969816207885 -0.9925759434700012 -0.9925759434700012 65.06380462646484 65.99185943603516
30.339519262313843 -1.0300317478179932 -1.0080446004867554 -0.9203885793685913 64.88739776611328 65.82466125488281
30.53986358642578 -1.050066680908203 -1.051872730255127 -1.0080446004867554 64.67110443115234 65.6221694946289
30.74077844619751 -1.0701586675643922 -1.0828101634979248 -0.9474588632583618 64.45327758789062 65.42121887207031
30.942380905151367 -1.0903202724456789 -1.1156225204467773 -1.208591103553772 64.2354507446289 65.20800018310547
31.14343810081482 -1.1104265165328981 -1.0080446004867554 -1.095700740814209 64.01302337646484 64.99017333984375
31.34298300743103 -1.1303815078735353 -1.051872730255127 -1.139528751373291 63.79213333129883 64.76161193847656
31.544261932373047 -1.1505116176605226 -1.095700740814209 -1.183356761932373 63.61112594604492 64.56832885742188
31.74425721168518 -1.17051167011261 -1.095700740814209 -1.183356761932373 63.38562774658203 64.33209228515625
31.950602054595947 -1.1911466550827028 -1.0828101634979248 -1.1730443239212036 63.1662712097168 64.09432983398438
32.147953748703 -1.2108823490142824 -1.1730443239212036 -1.2181613445281982 62.93310546875 63.851959228515625
32.347023725509644 -1.2307898473739625 -1.227184772491455 -1.183356761932373 62.7137451171875 63.63566970825195
32.54691767692566 -1.2507798147201539 -1.1888352632522583 -1.1504857540130615 62.46984100341797 63.3932991027832
32.7471125125885 -1.2707997989654543 -1.1972534656524658 -1.2346676588058472 62.182987213134766 63.10797882080078
32.94825506210327 -1.2909145307540895 -1.227184772491455 -1.183356761932373 61.963626861572266 62.897823333740234
33.14878177642822 -1.3109677028656006 -1.271012783050537 -1.183356761932373 61.69824981689453 62.64164733886719
33.34949541091919 -1.331039686203003 -1.3535126447677612 -1.2632784843444824 61.43440628051758 62.39007568359375
33.55380368232727 -1.351471061706543 -1.3480439186096191 -1.3015596866607666 61.165958404541016 62.135433197021484
33.75086426734924 -1.3711776447296145 -1.3986297845840454 -1.2632784843444824 60.888309478759766 61.87005615234375
33.952351093292236 -1.3913268518447879 -1.3556110858917236 -1.3199371099472046 60.68888854980469 61.68137741088867
34.1544291973114 -1.41153528213501 -1.333896517753601 -1.4005913734436035 60.360618591308594 61.35003662109375
34.357155084609985 -1.4318083715438845 -1.308395504951477 -1.5339809656143188 60.0998420715332 61.07392120361328
34.553383588790894 -1.4514317226409914 -1.3586689233779907 -1.4024969339370728 59.80838394165039 60.76559066772461
34.753507137298584 -1.4714458894729616 -1.3901703357696533 -1.4381071329116821 59.53226852416992 60.4741325378418
34.954270124435425 -1.4915227365493777 -1.4463249444961548 -1.4463249444961548 59.242347717285156 60.171939849853516
35.1557514667511 -1.511671419143677 -1.580465316772461 -1.4410125017166138 58.9324836730957 59.866676330566406
35.35602831840515 -1.5316995811462406 -1.5339809656143188 -1.4974576234817505 58.708518981933594 59.651920318603516
35.55680251121521 -1.5517775249481205 -1.5339809656143188 -1.5339809656143188 58.39865493774414 59.35586166381836
35.75744938850403 -1.5718427133560184 -1.580465316772461 -1.4874967336654663 58.02589797973633 58.998443603515625
35.95820474624634 -1.5919187736511233 -1.5339809656143188 -1.5339809656143188 57.71143341064453 58.68397903442383
36.16000008583069 -1.6120988321304324 -1.4463249444961548 -1.5339809656143188 57.393898010253906 58.352638244628906
36.359368562698364 -1.632036180496216 -1.4901529550552368 -1.5778089761734009 57.085567474365234 58.02589797973633
36.559550762176514 -1.652054901123047 -1.579098105430603 -1.6242151260375977 56.75883102416992 57.691490173339844
36.76106834411621 -1.6722071838378907 -1.6216371059417725 -1.6216371059417725 56.42442321777344 57.34941482543945
36.962212562561035 -1.692322177886963 -1.6693322658538818 -1.579098105430603 56.14523696899414 57.067161560058594
37.16252064704895 -1.7123535108566286 -1.7092931270599365 -1.6654651165008545 55.79702377319336 56.720481872558594
37.36321401596069 -1.7324233961105349 -1.714449405670166 -1.6242151260375977 55.45494842529297 56.38300704956055
37.56437969207764 -1.7525404882431033 -1.714449405670166 -1.6242151260375977 55.099063873291016 56.051666259765625
37.76514792442322 -1.7726177883148195 -1.7531211376190186 -1.7531211376190186 54.729373931884766 55.71419143676758
37.96585011482239 -1.7926885318756105 -1.7092931270599365 -1.7092931270599365 54.359683990478516 55.356773376464844
38.16667819023132 -1.812771863937378 -1.7092931270599365 -1.7969491481781006 54.00687026977539 54.987083435058594
38.368303060531616 -1.8329348516464234 -1.6654651165008545 -1.7531211376190186 53.71694564819336 54.681819915771484
38.56799530982971 -1.8529045534133912 -1.7092931270599365 -1.8846051692962646 53.365665435791016 54.30292892456055
38.77022123336792 -1.8731276226043703 -1.9400347471237183 -1.9400347471237183 52.98984146118164 53.927101135253906
38.96903157234192 -1.8930091333389283 -1.8407771587371826 -1.7969491481781006 52.601741790771484 53.54821014404297
39.17166233062744 -1.9132727098464966 -1.9400347471237183 -1.8046835660934448 52.20444107055664 53.15857696533203
39.373557806015015 -1.933462805747986 -1.8846051692962646 -1.9284332990646362 51.81020736694336 52.77048110961914
39.571956634521484 -1.953303189277649 -1.8949177265167236 -1.8498005867004395 51.481937408447266 52.44987869262695
39.77187752723694 -1.9732958030700682 -1.8949177265167236 -1.8949177265167236 51.09230422973633 52.05257797241211
39.97288918495178 -1.993397445678711 -1.8949177265167236 -2.030268907546997 50.696537017822266 51.647605895996094
