0.44504833221435547 2.2 0.0 0.0 0.0 0.0
0.6462733745574951 2.401229810714722 0.0 0.0 0.0 0.0
0.8455746173858643 2.6005868434906008 1.6242151260375977 1.714449405670166 0.11965052038431168 0.12732042372226715
1.0544347763061523 2.80945200920105 2.4636664390563965 2.510150671005249 0.5859807133674622 0.59211665391922
1.2463974952697754 3.001436185836792 2.6296818256378174 2.498197555541992 1.1244081258773804 1.1152042150497437
1.44743013381958 3.202473592758179 2.9364778995513916 2.8926498889923096 1.7119227647781372 1.688913106918335
1.6478731632232666 3.4029216289520265 3.0679619312286377 3.243274211883545 2.2380783557891846 2.22273850440979
1.8486912250518799 3.603744697570801 3.3003833293914795 3.346867561340332 2.899224042892456 2.8838841915130615
2.049644708633423 3.804703187942505 3.5642499923706055 3.5642499923706055 3.6079232692718506 3.5833795070648193
2.2501673698425293 4.005231332778931 3.643204927444458 3.6911418437957764 4.3242926597595215 4.330428600311279
2.452331066131592 4.2074000358581545 3.9883506298065186 3.8568665981292725 5.0345258712768555 5.0421953201293945
2.6518516540527344 4.406925868988037 4.2269697189331055 4.36332368850708 5.885885238647461 5.882817268371582
2.8531343936920166 4.608213138580322 4.295146942138672 4.25131893157959 6.689691066741943 6.708098888397217
3.054543972015381 4.809627962112427 4.466591835021973 4.241006374359131 7.481225490570068 7.472021579742432
3.2544682025909424 5.0095569610595705 4.570637226104736 4.633248805999756 8.432293891906738 8.427691459655762
3.456246852874756 5.211340618133545 5.098230838775635 4.827528476715088 9.375691413879395 9.357284545898438
3.655729055404663 5.410827589035034 5.098230838775635 5.2786993980407715 10.504701614379883 10.520041465759277
3.857886791229248 5.6130046367645265 5.303191661834717 5.1717071533203125 11.584624290466309 11.587692260742188
4.058934926986694 5.814058017730713 5.684752941131592 5.639636039733887 12.692158699035645 12.728974342346191
4.2585108280181885 6.013638687133789 5.609987735748291 5.522331714630127 13.836508750915527 13.850314140319824
4.460002422332764 6.215135526657105 6.135923862457275 5.949986934661865 15.017674446105957 15.036081314086914
4.660832643508911 6.415970993041992 6.040050029754639 6.183860778808594 16.02703285217285 16.0500431060791
4.864433765411377 6.619577121734619 6.316392421722412 6.361509323120117 17.504257202148438 17.541072845458984
5.062956094741821 6.818104457855225 6.179751873016357 6.135923862457275 18.573442459106445 18.636335372924805
5.266244411468506 7.021399450302124 6.179751873016357 6.3550639152526855 19.851247787475586 19.950956344604492
5.467291593551636 7.222451877593994 6.135923862457275 6.182408332824707 21.109111785888672 21.219558715820312
5.66505765914917 7.42022294998169 6.004439830780029 6.2235798835754395 22.37464714050293 22.5234432220459
5.866652011871338 7.621822547912598 6.135923862457275 6.442720413208008 23.655521392822266 23.838064193725586
6.066144704818726 7.821320009231568 6.2674078941345215 6.179751873016357 24.931793212890625 25.141948699951172
6.268105983734131 8.023286056518554 6.048267841339111 6.2674078941345215 26.194259643554688 26.451969146728516
6.467891693115234 8.22307629585266 6.361509323120117 6.361509323120117 27.26190948486328 27.51348304748535
6.6684770584106445 8.42366690635681 6.2797346115112305 6.183860778808594 28.507503509521484 28.800493240356445
6.869767665863037 8.624962282180785 6.271275043487549 6.632212162017822 29.783775329589844 30.124319076538086
7.069749116897583 8.824948263168334 6.135923862457275 6.442720413208008 31.0738525390625 31.44200897216797
7.2703611850738525 9.025565099716186 6.361509323120117 6.09080696105957 32.3470573425293 32.74435806274414
7.4714035987854 9.226612520217895 6.271275043487549 6.4066267013549805 33.61872863769531 34.04057312011719
7.672279119491577 9.427493286132812 6.4066267013549805 6.587094783782959 34.89500045776367 35.34445571899414
7.873031854629517 9.628250789642333 6.361509323120117 6.271275043487549 36.16667175292969 36.65754318237305
8.073635816574097 9.828859281539916 6.135923862457275 6.632212162017822 37.2327880859375 37.76814651489258
8.274758100509644 10.029986095428466 5.960611820220947 6.004439830780029 38.47071075439453 39.0336799621582
8.476280689239502 10.231512975692748 6.182408332824707 6.414829730987549 39.74698257446289 40.342166900634766
8.676158666610718 10.431395959854125 6.226158142089844 6.587094783782959 41.01558303833008 41.65678787231445
8.878216028213501 10.633459043502807 6.183860778808594 6.087986946105957 42.27804946899414 42.94993591308594
9.077998399734497 10.833246421813964 6.361509323120117 6.496860504150391 43.368709564208984 44.0743408203125
9.278542041778564 11.03379554748535 6.135923862457275 6.2797346115112305 44.62504196166992 45.361351013183594
9.482088327407837 11.237346363067626 6.135923862457275 6.179751873016357 45.90898513793945 46.666770935058594
