0.5104899406433105 1.4 -0.047936905175447464 0.0 -0.0030679618939757347 -0.006135923787951469
0.7140712738037109 0.789200210571289 0.43143215775489807 0.5273059606552124 0.013805828988552094 0.019941752776503563
0.9123179912567139 0.1944464683532714 1.1504857540130615 1.1504857540130615 0.21935927867889404 0.23623307049274445
1.1151058673858643 -0.41393074989318857 0.3506242334842682 0.3506242334842682 0.3973010778427124 0.4080389440059662
1.3146159648895264 -1.0124925136566163 0.0 -0.04648427292704582 0.4203107953071594 0.42951467633247375
1.5133585929870605 -1.6087354183197022 -0.72187340259552 -0.7669904828071594 0.3589515686035156 0.3589515686035156
1.7151143550872803 -2.214017724990845 -1.44374680519104 -1.2632784843444824 0.1702718883752823 0.17180587351322174
1.9143548011779785 -2.8117547988891602 -1.9400347471237183 -1.8949177265167236 -0.18407772481441498 -0.16720393300056458
2.1156129837036133 -3.415544366836548 -2.45436954498291 -2.410541534423828 -0.6473399996757507 -0.6212623119354248
2.318497657775879 -4.024211978912353 -3.1117899417877197 -3.243274211883545 -1.2409906387329102 -1.233320713043213
2.516570568084717 -4.618444299697876 -3.8349525928497314 -3.970303773880005 -1.9588937759399414 -1.9926413297653198
2.717146396636963 -5.22018609046936 -4.470458984375 -4.25131893157959 -2.848602771759033 -2.840932846069336
2.9187052249908447 -5.824876880645752 -4.827528476715088 -4.6921772956848145 -3.6646807193756104 -3.623263120651245
3.121577501296997 -6.433508729934692 -5.639636039733887 -5.729870319366455 -4.730797290802002 -4.690913677215576
3.319239854812622 -7.026511526107788 -6.179751873016357 -6.179751873016357 -5.934972286224365 -5.9012250900268555
3.521484375 -7.633259391784668 -6.135923862457275 -6.092095851898193 -7.2373223304748535 -7.1590895652771
3.7217583656311035 -8.234096384048462 -44.485450744628906 -44.22978591918945 -8.346390724182129 -8.275827407836914
3.922490119934082 -8.836305952072143 -6.4517436027526855 -6.316392421722412 -9.607322692871094 -9.484604835510254
4.1224517822265625 -9.436251020431518 -6.168561935424805 -6.103286266326904 -10.960293769836426 -10.796157836914062
4.324528694152832 -10.042496061325073 -6.2235798835754395 -6.2235798835754395 -12.268779754638672 -12.116915702819824
4.526425838470459 -10.648200368881225 -6.271275043487549 -6.496860504150391 -13.592605590820312 -13.402392387390137
4.7260496616363525 -11.24708685874939 -6.722445964813232 -6.316392421722412 -14.910295486450195 -14.69860553741455
4.929450035095215 -11.857301568984985 -6.587094783782959 -6.000572681427002 -16.192703247070312 -15.945732116699219
5.12755012512207 -12.451616859436035 -6.04295539855957 -6.275376796722412 -17.46744155883789 -17.200529098510742
5.3299760818481445 -13.058909034729004 -6.541977882385254 -6.271275043487549 -18.55963706970215 -18.28045082092285
5.529336452484131 -13.657008028030395 -6.179751873016357 -5.960611820220947 -19.883460998535156 -19.573596954345703
5.729280710220337 -14.256856536865234 -6.331751346588135 -6.364389419555664 -21.274782180786133 -20.944976806640625
5.930440902709961 -14.86035213470459 -6.435237407684326 -5.98626708984375 -22.293346405029297 -21.929792404174805
6.130000829696655 -15.459047651290893 -6.135923862457275 -6.135923862457275 -23.772104263305664 -23.379404067993164
6.3310227394104 -16.06212911605835 -6.4517436027526855 -6.316392421722412 -25.14808464050293 -24.727773666381836
6.530957937240601 -16.661949014663698 -6.3112359046936035 -5.960611820220947 -26.24334716796875 -25.790822982788086
6.732788801193237 -17.26745662689209 -6.3550639152526855 -6.3112359046936035 -27.5364933013916 -27.076297760009766
6.932997703552246 -17.868097639083864 -6.2674078941345215 -6.048267841339111 -28.860319137573242 -28.346435546875
7.134759187698364 -18.4733971118927 -6.3550639152526855 -6.179751873016357 -30.15192985534668 -29.625774383544922
7.337467908859253 -19.081543302536012 -6.541977882385254 -6.361509323120117 -31.466552734375 -30.92198944091797
7.535564184188843 -19.675847148895265 -6.004439830780029 -6.135923862457275 -32.779640197753906 -32.20132827758789
7.736774921417236 -20.279493665695192 -6.398892402648926 -6.2235798835754395 -33.85342788696289 -33.268978118896484
7.939666748046875 -20.888183450698854 -6.2674078941345215 -5.960611820220947 -35.38280487060547 -34.75694274902344
