0.13329792022705078 2.6 0.0 0.0 0.0 0.0
0.2969238758087158 3.090891456604004 0.72187340259552 0.8121075630187988 0.027611657977104187 0.030679620802402496
0.49777770042419434 3.6934672355651856 2.797259569168091 2.797259569168091 0.4755341112613678 0.4816700220108032
0.6990504264831543 4.297301149368286 3.4863204956054688 3.4863204956054688 1.21184504032135 1.2256507873535156
0.8992581367492676 4.897938585281372 4.105655193328857 4.015420913696289 1.8653209209442139 1.8806606531143188
1.0998668670654297 5.499779796600341 4.426630973815918 4.514286994934082 2.756563901901245 2.782641649246216
1.3010265827178955 6.103272533416748 5.504284858703613 5.504284858703613 3.7904670238494873 3.813476800918579
1.5020878314971924 6.706472015380859 5.820104598999023 5.910338401794434 4.922544956207275 4.988506317138672
1.7027764320373535 7.308552837371826 6.182408332824707 6.321861267089844 6.168137550354004 6.255574703216553
1.9056260585784912 7.917116737365722 6.135923862457275 5.955455780029297 7.221982479095459 7.312487602233887
2.105220079421997 8.515933847427368 6.182408332824707 6.135923862457275 8.510526657104492 8.613303184509277
2.304705858230591 9.114406204223632 6.2235798835754395 6.442720413208008 9.783730506896973 9.934061050415039
2.5048258304595947 9.714782571792602 6.181041240692139 6.181041240692139 11.05693531036377 11.247148513793945
2.706566095352173 10.320017671585083 6.181041240692139 6.541977882385254 12.343945503234863 12.570974349975586
2.906777858734131 10.92066798210144 6.496860504150391 6.587094783782959 13.620217323303223 13.8549165725708
3.11137318611145 11.53447184562683 6.179751873016357 6.048267841339111 14.899557113647461 15.143460273742676
3.3078994750976562 12.124064302444458 6.4517436027526855 6.722445964813232 15.962606430053711 16.249460220336914
3.5088157653808594 12.726828908920288 6.2235798835754395 6.2235798835754395 17.241947174072266 17.55487823486328
3.714961290359497 13.345281219482422 6.004439830780029 6.135923862457275 18.544296264648438 18.88637351989746
3.910186529159546 13.930971240997314 6.135923862457275 6.2674078941345215 19.832839965820312 20.18718910217285
4.11100172996521 14.533432579040527 6.275376796722412 6.507798194885254 20.99559783935547 21.36835479736328
4.312617301940918 15.138293600082397 6.135923862457275 6.327671527862549 22.26420021057129 22.686044692993164
4.512447834014893 15.737799501419067 6.316392421722412 6.632212162017822 23.543540954589844 24.003734588623047
4.714327096939087 16.34345088005066 6.048267841339111 6.2235798835754395 24.818279266357422 25.28921127319336
4.916569709777832 16.95019373893738 6.226158142089844 6.271275043487549 26.083812713623047 26.57468605041504
5.1154465675354 17.546837902069093 6.2674078941345215 6.3550639152526855 27.355484008789062 27.855560302734375
5.316813230514526 18.150952911376955 6.181041240692139 6.271275043487549 28.633289337158203 29.164047241210938
5.51726770401001 18.75233063697815 6.135923862457275 6.530376434326172 29.70861053466797 30.27771759033203
5.717878103256226 19.354176139831544 6.226158142089844 6.316392421722412 30.991018295288086 31.58466911315918
5.91886830329895 19.957161045074464 6.135923862457275 6.2235798835754395 32.06787109375 32.67226028442383
6.11991286277771 20.560309743881227 6.4066267013549805 6.4517436027526855 33.469932556152344 34.08966064453125
6.321214914321899 21.16423091888428 6.343218803405762 6.55051326751709 34.91187286376953 35.57148361206055
6.521120309829712 21.763961410522462 6.004439830780029 6.3550639152526855 35.977989196777344 36.671348571777344
6.7216713428497314 22.36563096046448 6.2235798835754395 6.179751873016357 37.260398864746094 37.98750686645508
6.925910949707031 22.978372669219972 6.226158142089844 6.4066267013549805 38.53513717651367 39.27451705932617
7.123965263366699 23.57259068489075 6.271275043487549 6.496860504150391 39.814476013183594 40.56766128540039
7.324813365936279 24.175232267379762 6.271275043487549 6.496860504150391 41.09535217285156 41.896087646484375
7.52628755569458 24.779691314697267 6.361509323120117 6.541977882385254 42.15840148925781 42.988285064697266
7.725808382034302 25.378268098831178 6.004439830780029 6.048267841339111 43.64942932128906 44.48391342163086
7.926472187042236 25.980273818969728 6.4066267013549805 6.4517436027526855 44.721683502197266 45.57611083984375
8.131225109100342 26.594549036026002 6.179751873016357 6.3550639152526855 45.996421813964844 46.87232208251953
