0.47588324546813965 1.8 0.0 -0.03130573406815529 0.0 -0.0015339809469878674
0.6739647388458252 1.6019139766693116 0.9642166495323181 0.8327325582504272 0.05675729736685753 0.0475534126162529
0.8751099109649658 1.400764274597168 1.5339809656143188 1.6654651165008545 0.3942331075668335 0.3834952414035797
1.0753862857818604 1.2004831314086915 1.4024969339370728 1.4024969339370728 0.7010293006896973 0.7148351669311523
1.2765729427337646 0.9992917060852051 1.183356761932373 1.3148409128189087 0.9418643116950989 0.9725439548492432
1.4764008522033691 0.7994590282440186 1.0337698459625244 1.1004645824432373 1.198039174079895 1.227184772491455
1.6774632930755615 0.5983920574188233 0.9203885793685913 0.8765605688095093 1.3805829286575317 1.4051265716552734
1.8782267570495605 0.39762358665466313 0.6574204564094543 0.6135923862457275 1.5401169061660767 1.5539227724075317
2.080536365509033 0.19530944824218754 0.4962879717350006 0.4511708915233612 1.658233404159546 1.6659033298492432
2.279508113861084 -0.0036673069000243697 0.21914014220237732 0.1753121167421341 1.7333985567092896 1.73186457157135
2.4802207946777344 -0.204385232925415 0.04511708766222 0.04511708766222 1.7625441551208496 1.7548742294311523
2.681102752685547 -0.40527243614196773 0.0 0.0 1.764078140258789 1.7594761848449707
2.8807554244995117 -0.6049301147460937 -0.13148409128189087 0.0 1.7564082145690918 1.7579421997070312
3.0862278938293457 -0.8104083061218261 -0.4962879717350006 -0.5414050817489624 1.6919810771942139 1.7088547945022583
3.2830164432525635 -1.007201862335205 -0.7450764775276184 -0.7450764775276184 1.5539227724075317 1.573864459991455
3.483269214630127 -1.2074596405029296 -0.9138610363006592 -0.9464989304542542 1.3989906311035156 1.4220004081726074
3.6850645542144775 -1.4092599868774414 -1.0828101634979248 -1.0828101634979248 1.2041751146316528 1.230252742767334
3.8844587802886963 -1.6086592197418212 -1.272877812385559 -1.2076020240783691 0.9602721333503723 0.9878837466239929
4.085521936416626 -1.809727144241333 -1.4463249444961548 -1.5778089761734009 0.6749516129493713 0.6902914643287659
4.2860729694366455 -2.010283660888672 -1.7595664262771606 -1.8046835660934448 0.2883884310722351 0.29452434182167053
4.486352920532227 -2.210568380355835 -1.8407771587371826 -1.8407771587371826 -0.018407771363854408 -0.019941752776503563
4.691162109375 -2.4153823375701906 -2.0753860473632812 -2.1656203269958496 -0.4249127507209778 -0.441786527633667
4.888232946395874 -2.6124579429626467 -2.300971508026123 -2.300971508026123 -0.8820390701293945 -0.9050487875938416
5.089893579483032 -2.814123344421387 -2.498197555541992 -2.366713523864746 -1.3805829286575317 -1.3928546905517578
5.290988922119141 -3.0152236938476564 -2.88749361038208 -2.6619081497192383 -1.9466218948364258 -1.9067384004592896
5.490041732788086 -3.214281511306763 -2.9364778995513916 -2.9364778995513916 -2.446699619293213 -2.385340452194214
5.690636396408081 -3.414881181716919 -2.9803059101104736 -3.243274211883545 -3.052622079849243 -3.021942615509033
5.891484975814819 -3.6157369136810305 -3.346867561340332 -3.253899097442627 -3.687690258026123 -3.6830883026123047
6.092123746871948 -3.8163804531097414 -3.593898296356201 -3.418586254119873 -4.410195350646973 -4.396389484405518
6.2928385734558105 -4.017099809646607 -3.858194589614868 -3.765226125717163 -5.169516086578369 -5.143438339233398
6.493096590042114 -4.2173628330230715 -3.9511632919311523 -3.997647523880005 -5.967185974121094 -5.934972286224365
6.693926572799683 -4.418201637268067 -3.9445226192474365 -4.25131893157959 -6.786332130432129 -6.7986040115356445
6.8948445320129395 -4.6191243648529055 -4.382802963256836 -4.076006889343262 -7.502701282501221 -7.5195746421813965
7.09800910949707 -4.822293472290039 -4.7372941970825195 -4.466591835021973 -8.59949779510498 -8.538138389587402
7.296502351760864 -5.020791244506836 -4.470458984375 -4.601943016052246 -9.369555473327637 -9.326604843139648
7.49626350402832 -5.220557403564453 -5.143348217010498 -5.098230838775635 -10.354372024536133 -10.328293800354004
7.69694972038269 -5.4212483882904055 -5.055164813995361 -4.985438346862793 -11.270158767700195 -11.239479064941406
7.897949695587158 -5.622252655029297 -5.259363651275635 -5.434675693511963 -12.319401741027832 -12.265711784362793
8.098169565200806 -5.8224772930145265 -5.58807373046875 -5.661120414733887 -13.387052536010742 -13.390120506286621
8.299060821533203 -6.023373794555664 -5.896239280700684 -5.800365447998047 -14.655654907226562 -14.600431442260742
8.501490354537964 -6.225808095932007 -5.785299777984619 -5.872955799102783 -15.830683708190918 -15.758586883544922
8.699426174163818 -6.4237486839294435 -6.048267841339111 -6.3112359046936035 -17.048664093017578 -17.014917373657227
8.899937868118286 -6.624265146255493 -6.2235798835754395 -5.872955799102783 -18.360218048095703 -18.262042999267578
9.101062536239624 -6.825394582748413 -6.321861267089844 -6.04295539855957 -19.6334228515625 -19.53985023498535
9.302197933197021 -7.026535224914551 -6.587094783782959 -6.135923862457275 -20.740957260131836 -20.6028995513916
9.514978647232056 -7.239320945739746 -6.496860504150391 -6.181041240692139 -22.041772842407227 -21.851558685302734
9.70788311958313 -7.43223090171814 -6.4517436027526855 -6.4066267013549805 -23.324180603027344 -23.152376174926758
9.909223318099976 -7.633576107025147 -6.316392421722412 -6.361509323120117 -24.663347244262695 -24.4301815032959
10.112764120101929 -7.837122392654419 -6.442720413208008 -6.135923862457275 -25.954957962036133 -25.706453323364258
10.311213254928589 -8.035576057434081 -6.4066267013549805 -6.226158142089844 -27.04561996459961 -26.777172088623047
10.707360744476318 -8.431728553771972 -6.693735122680664 -6.414829730987549 -29.869678497314453 -29.53527069091797
10.908230781555176 -8.63260359764099 -6.135923862457275 -6.048267841339111 -30.97107696533203 -30.602920532226562
11.10916805267334 -8.833545875549316 -6.2674078941345215 -6.3112359046936035 -32.27189254760742 -31.889930725097656
