0.11720108985900879 2.02 0.0 0.0 0.0 -0.0015339809469878674
0.31906700134277344 2.040187020301819 0.9203885793685913 0.9203885793685913 0.049087390303611755 0.05062137171626091
0.5190725326538086 2.0601880741119385 1.9400347471237183 2.030268907546997 0.414174884557724 0.41570883989334106
0.7198162078857422 2.08026291847229 1.9400347471237183 2.0753860473632812 0.8206798434257507 0.8467575311660767
0.9200279712677002 2.100284667015076 2.030268907546997 2.0753860473632812 1.2348546981811523 1.2686022520065308
1.120558738708496 2.1203382205963135 2.0612869262695312 2.0612869262695312 1.6551655530929565 1.688913106918335
1.322211503982544 2.140505356788635 2.147573471069336 2.103745460510254 2.015650987625122 2.0447967052459717
1.5230178833007812 2.160586447715759 2.0753860473632812 2.255854368209839 2.457437515258789 2.485049247741699
1.7232940196990967 2.180615825653076 2.147573471069336 2.191401481628418 2.8946220874786377 2.9375736713409424
1.924349308013916 2.2007218074798582 2.2107372283935547 2.0753860473632812 3.3456125259399414 3.3870301246643066
2.125300407409668 2.220817370414734 2.2050976753234863 2.0612869262695312 3.793534994125366 3.819612741470337
2.3311514854431152 2.241402907371521 2.103745460510254 2.147573471069336 4.233787536621094 4.250661373138428
2.5267791748046875 2.2609661293029784 2.2352294921875 2.322885513305664 4.672506332397461 4.6955156326293945
2.7303764820098877 2.2813263368606567 2.3489084243774414 2.1092238426208496 5.125030517578125 5.151108264923096
2.9281938076019287 2.301108522415161 2.322885513305664 2.191401481628418 5.600564479827881 5.609768390655518
3.1290271282196045 2.3211923313140868 2.3968453407287598 2.2530345916748047 6.002467632293701 5.999399662017822
3.33048677444458 2.3413387727737427 2.322885513305664 2.366713523864746 6.474933624267578 6.474933624267578
3.5307106971740723 2.36136164188385 2.3460886478424072 2.300971508026123 6.942798137664795 6.962739944458008
3.731743097305298 2.3814653825759886 2.3912057876586914 2.3460886478424072 7.415264129638672 7.436739921569824
3.932088851928711 2.40150041103363 2.279057502746582 2.2352294921875 7.8969340324401855 7.916875839233398
4.132859945297241 2.4215779256820675 2.410541534423828 2.5858535766601562 8.387807846069336 8.415419578552246
4.333203554153442 2.441612739562988 2.4363226890563965 2.4363226890563965 8.880215644836426 8.917031288146973
4.534947156906128 2.461787552833557 2.4636664390563965 2.510150671005249 9.38336181640625 9.421710968017578
4.735548257827759 2.4818480920791623 2.45436954498291 2.410541534423828 9.802138328552246 9.831284523010254
4.938059091567993 2.502099652290344 2.366713523864746 2.45436954498291 10.294546127319336 10.320624351501465
5.1361706256866455 2.5219112825393672 2.366713523864746 2.410541534423828 10.786953926086426 10.822236061096191
5.3370702266693115 2.542001671791076 2.498197555541992 2.45436954498291 11.306974411010742 11.331517219543457
5.539393663406372 2.5622344684600824 2.616791009902954 2.4814398288726807 11.842333793640137 11.843867301940918
5.745664358139038 2.582861990928649 2.616791009902954 2.6619081497192383 12.370022773742676 12.370022773742676
5.939587116241455 2.602254743576049 2.6077675819396973 2.6077675819396973 12.733575820922852 12.747382164001465
6.141351699829102 2.622431726455688 2.6461172103881836 2.6077675819396973 13.345634460449219 13.364042282104492
6.341575622558594 2.6424545717239374 2.542025566101074 2.542025566101074 13.828838348388672 13.845712661743164
6.54160737991333 2.6624582004547115 2.526556968688965 2.616791009902954 14.41021728515625 14.443964958190918
6.74190354347229 2.6824895811080927 2.7611658573150635 2.7611658573150635 14.881149291992188 14.922567367553711
6.943070650100708 2.7026067686080926 2.616791009902954 2.616791009902954 15.437984466552734 15.471732139587402
7.1439878940582275 2.7226989459991446 2.6496036052703857 2.742572069168091 15.982547760009766 16.011693954467773
7.345739126205444 2.7428745222091666 2.616791009902954 2.6619081497192383 16.524044036865234 16.56699562072754
7.545236110687256 2.7628246498107902 2.797259569168091 2.7521424293518066 17.079343795776367 17.11309242248535
7.746600866317749 2.782961554527282 2.797259569168091 2.7070252895355225 17.643850326538086 17.657655715942383
7.9514405727386475 2.8034459543228145 2.7611658573150635 2.7173378467559814 18.12705421447754 18.12705421447754
8.149533748626709 2.823255701065063 2.8049938678741455 2.8049938678741455 18.697694778442383 18.71150016784668
8.348340511322021 2.8431368303298945 2.7173378467559814 2.7173378467559814 19.274471282958984 19.28827667236328
8.549386501312256 2.863241930007934 2.842376470565796 2.842376470565796 19.852781295776367 19.86198616027832
8.749876976013184 2.883291478157043 2.797259569168091 3.0228450298309326 20.348257064819336 20.386608123779297
8.950305938720703 2.9033348035812376 2.8442564010620117 2.8762142658233643 20.943443298339844 20.98946189880371
9.151257276535034 2.923430461883545 2.8488218784332275 2.8926498889923096 21.613792419433594 21.639869689941406
9.352191925048828 2.943524355888367 2.8049938678741455 2.8488218784332275 22.109268188476562 22.13994789123535
9.551934480667114 2.9634990644454957 2.911963939666748 2.963963270187378 22.607812881469727 22.653831481933594
9.75332260131836 2.9836383056640625 2.9012248516082764 2.86787748336792 23.301172256469727 23.32878303527832
9.956581592559814 3.0039646577835084 2.9326107501983643 2.9326107501983643 23.925500869750977 23.93470573425293
10.15342378616333 3.0236493062973024 2.9803059101104736 3.1117899417877197 24.53449249267578 24.552900314331055
10.35496997833252 3.043804354667664 3.0679619312286377 3.0228450298309326 25.06064796447754 25.06985092163086
10.554597616195679 3.063767619132996 2.9803059101104736 2.9364778995513916 25.781618118286133 25.784687042236328
10.758169174194336 3.084125227928162 2.9777278900146484 3.2484302520751953 26.278629302978516 26.318511962890625
10.95659351348877 3.1039681386947633 3.2033133506774902 3.113079071044922 26.902957916259766 26.94437599182129
11.15746283531189 3.1240555477142333 3.2033133506774902 2.9777278900146484 27.548765182495117 27.571775436401367
11.35788631439209 3.1440983247756957 3.0679619312286377 3.2033133506774902 28.179231643676758 28.216047286987305
11.558674812316895 3.1641776275634763 3.2033133506774902 3.158196210861206 28.825037002563477 28.871055603027344
11.759113550186157 3.184221930503845 3.1638357639312744 2.9241511821746826 29.453969955444336 29.47237777709961
11.960092544555664 3.2043203067779538 3.113079071044922 3.2935473918914795 30.082901000976562 30.108978271484375
12.160755634307861 3.224387044906616 3.2935473918914795 3.3386645317077637 30.638202667236328 30.665813446044922
12.361670970916748 3.244479031562805 3.199446201324463 3.1556179523468018 31.313154220581055 31.31775665283203
12.562740087509155 3.264586396217346 3.1117899417877197 3.287102222442627 31.974300384521484 31.989639282226562
12.763664722442627 3.2846793127059937 3.158196210861206 3.2033133506774902 32.626243591308594 32.65845489501953
12.96550989151001 3.3048642826080323 3.2484302520751953 3.2033133506774902 33.298126220703125 33.32420349121094
13.165377378463745 3.324851579666138 3.383781671524048 3.5642499923706055 33.97921371459961 34.014495849609375
13.365174293518066 3.3448317480087284 3.199446201324463 3.199446201324463 34.661834716796875 34.709388732910156
13.565615892410278 3.3648763608932497 3.2935473918914795 3.113079071044922 35.23554229736328 35.2662239074707
13.76628828048706 3.3849440288543704 3.2484302520751953 3.2935473918914795 35.90589141845703 35.93657302856445
13.967432022094727 3.405058951377869 3.5642499923706055 3.383781671524048 36.590049743652344 36.61919403076172
14.16738772392273 3.4250549983978273 3.5328047275543213 3.439836263656616 37.29568099975586 37.3002815246582
14.368584871292114 3.445175166130066 3.383781671524048 3.6544840335845947 37.9936408996582 38.01205062866211
14.569226026535034 3.465239782333374 3.5642499923706055 3.474015712738037 38.69773864746094 38.719215393066406
14.769209384918213 3.485238618850708 3.3076465129852295 3.403520345687866 39.37882614135742 39.40183639526367
14.97401237487793 3.50571937084198 3.462414264678955 3.506242275238037 39.97554397583008 40.018497467041016
15.17126750946045 3.525445313453674 3.6093671321868896 3.5191328525543213 40.711856842041016 40.75480651855469
15.371846675872803 3.5455037069320676 3.462414264678955 3.374758243560791 41.43436050415039 41.46504211425781
15.573358535766602 3.56565532207489 3.5642499923706055 3.474015712738037 42.13539123535156 42.179874420166016
15.773947954177856 3.585714812278747 3.699601173400879 3.474015712738037 42.86403274536133 42.89164352416992
15.97386360168457 3.6057069015502927 3.506242275238037 3.593898296356201 43.60801315307617 43.61721420288086
16.17516827583313 3.625837869644165 3.6544840335845947 3.699601173400879 44.22160339355469 44.24461364746094
16.37545657157898 3.6458672237396237 3.506242275238037 3.637726306915283 44.96251678466797 44.987060546875
