0.09301424026489258 0.0 -0.04511708766222
0.12881708145141602 0.0 0.0
0.15266633033752441 0.0 0.04511708766222
0.18791794776916504 0.0 0.0
0.22449088096618652 0.0 -0.04511708766222
0.2602500915527344 0.0 0.04511708766222
0.2963674068450928 0.0 -0.04511708766222
0.32039451599121094 0.0 0.04511708766222
0.35599589347839355 0.0 -0.04511708766222
0.39293718338012695 0.0 0.0
0.42981696128845215 0.0 0.04511708766222
0.4662778377532959 0.0 0.0
0.5029699802398682 0.0 0.0
0.5311863422393799 0.0 -0.043828029185533524
0.5669195652008057 0.0 0.04648427292704582
0.6031930446624756 0.0 0.0
0.6399426460266113 0.0 -0.04511708766222
0.6593616008758545 0.0 0.04648427292704582
0.6962964534759521 0.0 0.0
0.7325358390808105 0.0 0.0
0.7682900428771973 0.0 0.0
0.8055112361907959 0.0 0.0
0.8324532508850098 0.0 0.0
0.8726973533630371 0.0 0.0
0.9048154354095459 0.0 0.0
0.9412398338317871 0.0 -0.04511708766222
0.9665641784667969 0.0 0.04511708766222
1.0027358531951904 0.0 0.0
1.037644624710083 0.0 -0.04511708766222
1.0749669075012207 0.0 0.04511708766222
1.110807180404663 0.0 -0.04511708766222
1.1342740058898926 0.0 0.0
1.171318531036377 0.0 0.04511708766222
1.2065930366516113 0.0 0.0
1.2426831722259521 0.0 0.0
1.2781877517700195 0.0 0.0
1.3140480518341064 0.0 -0.04511708766222
1.3384971618652344 0.0 0.0
1.375190258026123 0.0 0.0
1.4123897552490234 0.0 0.04511708766222
1.4488577842712402 0.0 -0.04511708766222
1.4836068153381348 0.0 0.04511708766222
1.517507791519165 0.0 -0.04648427292704582
1.5533113479614258 0.0 0.0
1.5883090496063232 0.0 0.0
1.6125245094299316 0.0 0.04648427292704582
1.649280071258545 0.0 -0.04511708766222
1.685297966003418 0.0 0.04511708766222
1.7198171615600586 0.0 0.0
1.7569401264190674 0.0 0.0
1.7933790683746338 0.0 -0.04511708766222
1.8168160915374756 0.0 0.04511708766222
1.8561367988586426 0.0 -0.04511708766222
1.892064094543457 0.0 0.04511708766222
1.9283719062805176 0.0 -0.04511708766222
1.951915979385376 0.0 0.04511708766222
1.9901654720306396 0.0 0.0
2.023951292037964 0.0 0.0
2.0605762004852295 0.0 0.0
2.096848726272583 0.0 -0.04511708766222
2.132492780685425 0.0 0.0
2.1611180305480957 0.0 0.0
2.1967756748199463 0.0 0.04511708766222
2.2353909015655518 0.0 -0.04511708766222
2.2715718746185303 0.04511708766222 0.0
2.2921409606933594 0.0 0.0
2.3283655643463135 -0.04511708766222 0.0
2.364398717880249 0.0 0.04511708766222
2.4008443355560303 0.0 -0.04511708766222
2.4279534816741943 0.0 0.0
2.465540647506714 0.0 0.0
2.499912738800049 0.0 0.04511708766222
2.5379881858825684 -0.04511708766222 0.0
2.574880599975586 0.04511708766222 0.0
2.5943398475646973 0.0 0.0
2.630053758621216 0.0 0.0
2.6667568683624268 0.04511708766222 0.0
2.7032549381256104 0.0 0.0
2.7389631271362305 0.09023417532444 0.04511708766222
2.7615296840667725 0.04648427292704582 0.0
2.798187732696533 -0.04511708766222 0.0
2.836597204208374 0.0 0.0
2.873194456100464 0.0 0.0
2.909649133682251 0.04511708766222 0.09023417532444
2.9337990283966064 0.04648427292704582 0.1859370917081833
2.9696102142333984 0.04511708766222 0.4060537815093994
3.005931854248047 0.1353512704372406 0.72187340259552
3.042642831802368 0.18046835064888 1.0828101634979248
3.078960657119751 0.3158196210861206 1.308395504951477
3.107273817062378 0.5865221619606018 1.4888639450073242
3.1427996158599854 0.857224702835083 1.6242151260375977
3.1779847145080566 1.0376930236816406 1.5339809656143188
3.2146780490875244 1.3535126447677612 1.6242151260375977
3.239377975463867 1.4888639450073242 1.9400347471237183
3.275350332260132 1.6242151260375977 2.1205031871795654
3.3113505840301514 1.9851518869400024 2.255854368209839
3.3481156826019287 2.030268907546997 2.3460886478424072
3.3851819038391113 2.1656203269958496 2.526556968688965
3.412433385848999 2.417182207107544 2.5566349029541016
3.4453344345092773 2.3912057876586914 2.616791009902954
3.480775833129883 2.526556968688965 2.7521424293518066
3.5175485610961914 2.7521424293518066 2.7521424293518066
3.5533552169799805 2.7521424293518066 2.842376470565796
3.589379072189331 2.797259569168091 2.7521424293518066
3.616626739501953 2.9777278900146484 2.7521424293518066
3.651660680770874 3.0228450298309326 2.797259569168091
3.6876180171966553 3.0228450298309326 2.7070252895355225
3.7241876125335693 3.0679619312286377 2.7070252895355225
3.7522995471954346 3.3386645317077637 2.6619081497192383
3.787968635559082 3.2033133506774902 2.842376470565796
3.8241889476776123 3.2033133506774902 2.88749361038208
3.853755474090576 3.1144461631774902 3.0679619312286377
3.889862060546875 3.2033133506774902 3.0679619312286377
3.9257469177246094 3.113079071044922 3.2935473918914795
3.9504528045654297 2.9749934673309326 3.3003833293914795
3.986307382583618 2.9777278900146484 3.428898811340332
4.024037599563599 3.0228450298309326 3.2935473918914795
4.058211803436279 2.9326107501983643 3.5642499923706055
4.094038009643555 3.0679619312286377 3.474015712738037
4.131239175796509 3.0679619312286377 3.5191328525543213
4.155545234680176 3.2074148654937744 3.5328047275543213
4.193218231201172 3.113079071044922 3.474015712738037
4.229269504547119 3.2033133506774902 3.474015712738037
4.256499290466309 3.113079071044922 3.383781671524048
4.292024374008179 3.2935473918914795 3.383781671524048
4.3282999992370605 3.0228450298309326 3.2935473918914795
4.364500999450684 3.113079071044922 3.474015712738037
4.401208400726318 2.9777278900146484 3.3386645317077637
4.4256272315979 3.158196210861206 3.474015712738037
4.461446046829224 3.0228450298309326 3.2935473918914795
4.497196674346924 3.2935473918914795 3.474015712738037
4.533130168914795 3.113079071044922 3.383781671524048
4.569422721862793 3.2033133506774902 3.2033133506774902
4.6059088706970215 3.0228450298309326 3.113079071044922
4.629835605621338 3.1144461631774902 3.0679619312286377
4.666433811187744 3.113079071044922 2.9777278900146484
4.702608346939087 3.113079071044922 3.0228450298309326
4.742065668106079 2.9777278900146484 2.88749361038208
4.762444734573364 3.0679619312286377 2.8762142658233643
4.798523187637329 2.797259569168091 2.571674108505249
4.835553407669067 2.797259569168091 2.4363226890563965
4.873610973358154 3.0679619312286377 2.4363226890563965
4.896874904632568 2.9777278900146484 2.300971508026123
4.934069395065308 2.9777278900146484 2.255854368209839
4.969805002212524 3.158196210861206 2.3912057876586914
5.006036043167114 3.2033133506774902 2.526556968688965
5.0340211391448975 3.2484302520751953 2.616791009902954
5.070135831832886 3.2484302520751953 2.7521424293518066
5.10638427734375 3.113079071044922 2.9326107501983643
5.142405271530151 3.2033133506774902 2.9326107501983643
5.178985118865967 3.158196210861206 2.9777278900146484
5.206668853759766 3.1144461631774902 2.9749934673309326
5.243959426879883 2.9326107501983643 3.158196210861206
5.27936053276062 3.0679619312286377 3.2033133506774902
5.316137075424194 2.797259569168091 3.0228450298309326
5.339532852172852 2.8820250034332275 3.2074148654937744
5.376517057418823 2.6619081497192383 2.88749361038208
5.413329839706421 3.0679619312286377 3.0679619312286377
5.444812536239624 3.1556179523468018 2.9364778995513916
5.477501392364502 3.2935473918914795 3.113079071044922
5.512352705001831 3.2033133506774902 3.0228450298309326
5.548598527908325 3.744718313217163 3.0228450298309326
5.576827764511108 3.6257731914520264 3.160930633544922
5.609396457672119 3.383781671524048 3.158196210861206
5.646356105804443 3.699601173400879 3.3386645317077637
5.6825196743011475 3.6544840335845947 3.383781671524048
5.718809366226196 3.2935473918914795 3.6093671321868896
5.746354103088379 3.6544840335845947 3.8349525928497314
5.782131910324097 3.5642499923706055 3.7898354530334473
5.819474935531616 3.428898811340332 3.7898354530334473
5.858399868011475 3.5642499923706055 3.970303773880005
5.894810438156128 3.6093671321868896 3.6093671321868896
5.914898872375488 3.643204927444458 3.8349525928497314
5.947978734970093 3.383781671524048 3.744718313217163
5.983820915222168 3.699601173400879 3.428898811340332
6.019445180892944 3.5642499923706055 3.6544840335845947
6.056429386138916 3.428898811340332 3.383781671524048
6.084961414337158 3.744718313217163 3.383781671524048
6.117021322250366 3.744718313217163 3.2033133506774902
6.1527018547058105 3.2935473918914795 2.9777278900146484
6.1885833740234375 3.3386645317077637 3.0228450298309326
6.224661827087402 3.158196210861206 2.7070252895355225
6.261359453201294 3.2935473918914795 2.797259569168091
6.288723945617676 2.7890563011169434 2.5566349029541016
6.320781469345093 2.842376470565796 2.616791009902954
6.35805344581604 2.616791009902954 2.4814398288726807
6.395152568817139 2.616791009902954 2.616791009902954
6.432385444641113 2.4363226890563965 2.6619081497192383
6.460540056228638 2.4363226890563965 2.7070252895355225
6.500137567520142 2.3912057876586914 2.842376470565796
6.538024187088013 2.3460886478424072 2.616791009902954
6.565546989440918 2.45436954498291 2.8926498889923096
6.59925651550293 2.2107372283935547 2.842376470565796
6.634773015975952 2.4363226890563965 2.9777278900146484
6.663091659545898 2.3912057876586914 2.7521424293518066
6.6951940059661865 2.571674108505249 2.9777278900146484
6.730423450469971 2.7521424293518066 3.113079071044922
6.767345666885376 2.6619081497192383 2.842376470565796
6.803154230117798 3.0679619312286377 2.9777278900146484
6.831418037414551 2.7173378467559814 2.5858535766601562
6.873469829559326 3.021477699279785 2.835540533065796
6.907603740692139 2.6619081497192383 2.571674108505249
6.94378662109375 3.0679619312286377 2.616791009902954
6.968497037887573 2.6960878372192383 2.5566349029541016
7.000750541687012 2.7521424293518066 2.616791009902954
7.037242889404297 2.526556968688965 2.6619081497192383
7.073626756668091 2.7070252895355225 2.571674108505249
7.108298301696777 2.9326107501983643 2.797259569168091
7.136667728424072 2.4636664390563965 2.7890563011169434
7.169071435928345 2.4814398288726807 3.113079071044922
7.207085132598877 2.616791009902954 3.158196210861206
7.243098974227905 2.7521424293518066 3.2484302520751953
7.27925443649292 2.7070252895355225 3.2033133506774902
7.30314826965332 2.9326107501983643 3.428898811340332
7.339095830917358 2.842376470565796 3.0679619312286377
7.376499176025391 3.158196210861206 3.383781671524048
7.41242241859436 2.9326107501983643 2.7070252895355225
7.448418855667114 3.0679619312286377 3.113079071044922
7.472833633422852 2.7521424293518066 2.7070252895355225
7.508211851119995 3.0679619312286377 2.88749361038208
7.545407295227051 2.3912057876586914 2.3912057876586914
7.580606937408447 2.255854368209839 2.4814398288726807
7.616530895233154 2.571674108505249 2.616791009902954
7.653648138046265 2.255854368209839 2.6619081497192383
7.681582927703857 2.3912057876586914 2.526556968688965
7.718452215194702 2.4363226890563965 2.616791009902954
7.754002809524536 2.526556968688965 2.797259569168091
7.791360139846802 2.616791009902954 2.4814398288726807
7.827497482299805 2.797259569168091 2.7070252895355225
7.849070310592651 2.7521424293518066 2.6619081497192383
7.888343095779419 2.9777278900146484 2.88749361038208
7.9246296882629395 2.7521424293518066 2.616791009902954
7.960580587387085 3.0679619312286377 2.9777278900146484
7.984191179275513 3.0679619312286377 2.6960878372192383
8.020453691482544 3.113079071044922 3.0228450298309326
8.056098461151123 3.113079071044922 2.9326107501983643
8.092119693756104 3.383781671524048 3.2484302520751953
8.117281198501587 3.160930633544922 3.021477699279785
8.15753960609436 3.383781671524048 3.2935473918914795
8.195213317871094 3.6544840335845947 3.2484302520751953
8.230473756790161 3.699601173400879 3.2935473918914795
8.266336441040039 3.5642499923706055 3.428898811340332
8.286509037017822 3.744718313217163 3.2033133506774902
8.327269554138184 3.8349525928497314 3.3386645317077637
8.36279821395874 3.8800694942474365 3.6544840335845947
8.401291131973267 3.699601173400879 3.3386645317077637
8.434611797332764 3.8800694942474365 3.3386645317077637
8.470179557800293 3.2935473918914795 3.428898811340332
8.494847059249878 3.506242275238037 3.462414264678955
8.531325817108154 3.474015712738037 3.3386645317077637
8.565888404846191 3.5191328525543213 3.699601173400879
8.60243272781372 3.6093671321868896 3.8349525928497314
8.62624478340149 3.765226125717163 3.579288959503174
8.661599159240723 3.7898354530334473 4.015420913696289
8.703030347824097 3.6093671321868896 4.015420913696289
8.738763809204102 4.105655193328857 3.744718313217163
8.776165008544922 3.8800694942474365 3.7898354530334473
8.812021970748901 3.8349525928497314 3.6093671321868896
8.837835311889648 3.9883506298065186 3.374758243560791
8.879160642623901 3.8349525928497314 3.428898811340332
8.915287733078003 3.699601173400879 3.428898811340332
8.935767412185669 3.8568665981292725 3.243274211883545
8.975061655044556 3.6093671321868896 3.2935473918914795
9.011542797088623 3.374758243560791 3.243274211883545
9.047674417495728 3.5328047275543213 3.3933517932891846
9.084601879119873 3.2935473918914795 3.2484302520751953
9.109262466430664 3.021477699279785 3.346867561340332
9.145998239517212 2.8488218784332275 3.418586254119873
9.180975914001465 3.0679619312286377 3.474015712738037
9.218936443328857 3.1144461631774902 3.6257731914520264
9.255212545394897 2.8049938678741455 3.462414264678955
9.273942708969116 3.115898847579956 3.5952680110931396
9.310838222503662 3.113079071044922 3.474015712738037
9.34928011894226 2.88749361038208 3.474015712738037
9.382718324661255 2.9777278900146484 3.383781671524048
9.419441223144531 3.158196210861206 3.2484302520751953
9.447444438934326 3.160930633544922 3.160930633544922
9.484373807907104 3.0679619312286377 3.2484302520751953
9.521539449691772 3.0679619312286377 3.428898811340332
9.549981594085693 3.1556179523468018 2.9364778995513916
9.585974931716919 3.2033133506774902 3.383781671524048
9.632023334503174 3.158196210861206 3.2484302520751953
9.657894849777222 3.113079071044922 3.3386645317077637
9.687047719955444 3.253899097442627 3.0679619312286377
9.725135803222656 3.2484302520751953 3.2935473918914795
9.760521650314331 3.158196210861206 3.5191328525543213
9.79788851737976 3.474015712738037 3.158196210861206
9.816715478897095 3.428898811340332 3.474015712738037
9.854745864868164 3.2935473918914795 3.474015712738037
9.891913890838623 3.428898811340332 3.383781671524048
9.927472829818726 3.428898811340332 3.5642499923706055
9.95590329170227 3.462414264678955 3.506242275238037
9.991583347320557 3.428898811340332 3.744718313217163
10.028624534606934 3.5191328525543213 3.5642499923706055
10.067479372024536 3.474015712738037 3.699601173400879
10.1014986038208 3.5191328525543213 3.7898354530334473
10.124943017959595 3.5642499923706055 3.474015712738037
10.163327932357788 3.5642499923706055 3.8800694942474365
10.19816255569458 3.383781671524048 3.6544840335845947
10.23452877998352 3.158196210861206 3.5191328525543213
10.272532939910889 3.2033133506774902 3.428898811340332
10.29502558708191 3.2074148654937744 3.439836263656616
10.3302321434021 3.0228450298309326 3.158196210861206
10.365675210952759 3.113079071044922 3.5191328525543213
10.401405096054077 2.9326107501983643 3.2935473918914795
10.4385347366333 2.9777278900146484 3.2033133506774902
10.476546287536621 2.9777278900146484 3.383781671524048
10.503538608551025 3.0679619312286377 3.428898811340332
10.539220094680786 3.113079071044922 3.5642499923706055
10.577769994735718 3.2484302520751953 3.699601173400879
10.61294937133789 3.383781671524048 4.241006374359131
10.631815433502197 3.5473310947418213 4.266384601593018
10.668520450592041 3.7898354530334473 4.466591835021973
10.704871892929077 3.5191328525543213 4.647059917449951
10.740653038024902 3.970303773880005 4.7372941970825195
10.777437686920166 3.8800694942474365 4.827528476715088
10.801395893096924 3.672257661819458 4.694911479949951
10.837543964385986 4.105655193328857 4.376357555389404
10.874738693237305 4.060537815093994 4.647059917449951
10.911650896072388 3.8800694942474365 4.331240653991699
10.939935207366943 4.119834899902344 4.076006889343262
10.97581696510315 4.015420913696289 3.970303773880005
11.012241125106812 3.6544840335845947 3.6093671321868896
11.048988819122314 3.5642499923706055 3.2033133506774902
11.085234880447388 3.2033133506774902 2.571674108505249
11.109585285186768 2.8820250034332275 2.4636664390563965
11.146687984466553 3.0679619312286377 2.3912057876586914
11.182520151138306 2.7070252895355225 2.1656203269958496
11.21854043006897 2.616791009902954 2.0753860473632812
11.254415035247803 2.6619081497192383 2.4363226890563965
11.279011249542236 2.6496036052703857 2.4636664390563965
11.315866708755493 2.616791009902954 2.4363226890563965
11.352200269699097 2.616791009902954 2.616791009902954
11.38936710357666 2.616791009902954 2.6619081497192383
11.413378238677979 2.7890563011169434 2.8820250034332275
11.450423240661621 2.88749361038208 2.797259569168091
11.48651123046875 3.2033133506774902 2.842376470565796
11.522717237472534 3.3386645317077637 2.7521424293518066
11.559250354766846 3.6093671321868896 2.797259569168091
11.582553386688232 3.997647523880005 2.7890563011169434
11.618725061416626 3.970303773880005 2.4814398288726807
11.654800176620483 4.241006374359131 2.7521424293518066
11.68197512626648 4.470458984375 2.6735098361968994
11.718182802200317 4.241006374359131 2.842376470565796
11.754941463470459 4.331240653991699 2.842376470565796
11.79138970375061 4.376357555389404 2.88749361038208
11.827370166778564 4.060537815093994 3.158196210861206
11.856830835342407 4.207490921020508 3.199446201324463
11.894444465637207 4.015420913696289 3.0228450298309326
11.930330514907837 3.744718313217163 3.3386645317077637
11.966579914093018 3.7898354530334473 3.383781671524048
11.990492582321167 3.765226125717163 3.439836263656616
12.027029514312744 3.5642499923706055 3.2935473918914795
12.06303858757019 3.428898811340332 3.474015712738037
12.099008321762085 3.383781671524048 3.383781671524048
12.135448455810547 3.0228450298309326 3.2935473918914795
12.162851810455322 2.8820250034332275 3.3003833293914795
12.198832511901855 2.6619081497192383 3.0679619312286377
12.237575054168701 2.4814398288726807 2.7521424293518066
12.27440595626831 2.526556968688965 2.616791009902954
12.299014568328857 2.091792345046997 2.510150671005249
12.334789037704468 1.8046835660934448 2.255854368209839
12.371371269226074 1.6693322658538818 2.0753860473632812
12.406601905822754 1.4888639450073242 2.1205031871795654
12.430590391159058 1.3901703357696533 1.7257286310195923
12.467610359191895 1.308395504951477 1.3986297845840454
12.503770589828491 1.1279271841049194 0.7669904828071594
12.53151559829712 0.8327325582504272 0.21914014220237732
12.567130327224731 0.4511708915233612 0.0
12.603632688522339 0.04511708766222 0.0
12.63956904411316 0.0 0.0
12.676581144332886 0.0 0.0
12.701533555984497 0.0 0.0
12.737287998199463 0.0 0.0
12.773423910140991 0.0 0.0
12.810491800308228 0.04511708766222 0.0
12.838524103164673 0.0 0.0
12.872459411621094 0.04511708766222 0.0
12.909212350845337 0.09023417532444 -0.04511708766222
12.94499659538269 0.0 0.0
12.97706389427185 0.09023417532444 0.0
13.00996470451355 0.04511708766222 0.0
13.044987440109253 0.09023417532444 0.0
13.08141541481018 0.09023417532444 -0.04511708766222
13.111629486083984 0.04511708766222 0.0
13.141897201538086 0.0 0.0
13.176716566085815 0.0 0.0
13.21321439743042 0.0 -0.09023417532444
13.248469829559326 0.0 0.0
13.276320695877075 0.04511708766222 0.0
13.316399335861206 0.0 -0.2707025408744812
13.353532791137695 0.09023417532444 -0.4962879717350006
13.391746044158936 0.04511708766222 -0.8121075630187988
13.427120447158813 0.09023417532444 -0.9925759434700012
13.447363376617432 0.0 -1.2181613445281982
13.486237049102783 0.0 -1.2632784843444824
13.52322793006897 0.08765605837106705 -1.0080446004867554
13.558974266052246 0.0 -0.7669904828071594
13.596303701400757 0.09023417532444 -0.5414050817489624
13.624321937561035 0.09023417532444 -0.3158196210861206
13.656692266464233 0.2255854457616806 -0.2707025408744812
13.692404985427856 0.36093670129776 -0.2255854457616806
13.721686363220215 0.836716890335083 -0.09296854585409164
13.754130840301514 1.3535126447677612 -0.04511708766222
13.788646221160889 2.030268907546997 -0.04511708766222
13.825960397720337 2.571674108505249 -0.1353512704372406
13.864523649215698 3.158196210861206 -0.04511708766222
13.893636226654053 3.506242275238037 0.0
13.9254629611969 3.7898354530334473 0.0
13.961536169052124 3.699601173400879 0.0
13.996946811676025 3.9251866340637207 0.0
14.035301446914673 3.9251866340637207 -0.04511708766222
14.060977697372437 3.7898354530334473 -0.04511708766222
14.0924711227417 3.7898354530334473 -0.04511708766222
14.129459619522095 3.8800694942474365 -0.2255854457616806
14.164005517959595 3.474015712738037 -0.2707025408744812
14.201516151428223 3.383781671524048 -0.5865221619606018
14.236470699310303 3.5191328525543213 -0.9925759434700012
14.268945693969727 3.3386645317077637 -1.579098105430603
14.301490783691406 3.0228450298309326 -2.1205031871795654
14.336210250854492 3.0679619312286377 -2.4814398288726807
14.372337818145752 2.7521424293518066 -3.158196210861206
14.409229755401611 2.616791009902954 -3.6544840335845947
14.439982175827026 2.2107372283935547 -4.331240653991699
14.470712184906006 1.8949177265167236 -4.195888996124268
14.50645136833191 1.4888639450073242 -4.917762756347656
14.54499864578247 1.2181613445281982 -4.827528476715088
14.57620882987976 0.9925759434700012 -5.2786993980407715
14.606982231140137 0.857224702835083 -5.549401760101318
14.642804145812988 0.72187340259552 -5.233582019805908
14.678898572921753 0.5865221619606018 -5.77498722076416
14.712003707885742 0.3158196210861206 -5.2786993980407715
14.746273279190063 0.09023417532444 -5.594519138336182
14.78269100189209 0.04511708766222 -5.188465118408203
14.81091570854187 0.0 -5.345691204071045
14.852414608001709 0.0 -4.90873908996582
14.88870120048523 0.09023417532444 -4.466591835021973
14.909044027328491 0.2324213683605194 -4.508974552154541
14.949663400650024 0.36093670129776 -4.015420913696289
14.986418962478638 0.4962879717350006 -3.5642499923706055
15.022576808929443 0.4511708915233612 -3.5191328525543213
15.050778150558472 0.4962879717350006 -3.0679619312286377
15.085060119628906 0.4962879717350006 -2.526556968688965
15.117995023727417 0.72187340259552 -2.4814398288726807
15.15451979637146 0.9925759434700012 -2.2107372283935547
15.186055183410645 1.3986297845840454 -1.7595664262771606
15.215827226638794 1.7595664262771606 -1.4888639450073242
15.252403974533081 1.7595664262771606 -0.857224702835083
15.289758682250977 1.714449405670166 -0.09023417532444
15.325183153152466 1.2181613445281982 0.1353512704372406
15.348700284957886 0.6767563223838806 0.1353512704372406
15.384361267089844 0.2707025408744812 0.18046835064888
15.42155909538269 0.0 0.04511708766222
15.45817232131958 0.0 0.0
15.4939706325531 0.0 0.04511708766222
15.519511938095093 0.0 0.0
15.554287910461426 0.04511708766222 0.0
15.59019923210144 0.0 0.0
15.626603603363037 0.0 0.0
15.663747310638428 0.04511708766222 0.04511708766222
15.699473857879639 0.18046835064888 0.0
15.724205732345581 0.08765605837106705 0.0
15.760058879852295 0.18046835064888 0.0
15.796996831893921 0.2707025408744812 0.1353512704372406
15.83365535736084 0.36093670129776 0.4060537815093994
15.870964765548706 0.6316392421722412 0.8121075630187988
15.895468711853027 0.5865221619606018 1.0376930236816406
15.931209802627563 0.5414050817489624 0.857224702835083
15.966742515563965 0.9925759434700012 0.9925759434700012
16.005008459091187 0.7669904828071594 0.36093670129776
16.03861427307129 0.4511708915233612 0.09023417532444
16.07478094100952 0.3158196210861206 -0.04511708766222
16.111663818359375 0.3158196210861206 0.04511708766222
16.135425806045532 0.2707025408744812 0.09023417532444
16.17155694961548 0.2255854457616806 0.09023417532444
16.20975685119629 0.6316392421722412 0.18046835064888
16.24282932281494 0.9474588632583618 0.3158196210861206
16.278228998184204 1.1730443239212036 0.6316392421722412
16.314375400543213 1.3986297845840454 0.8121075630187988
16.338575839996338 1.580465316772461 1.0691382884979248
16.374184370040894 1.6242151260375977 1.3535126447677612
16.411745309829712 1.6693322658538818 1.6693322658538818
16.44685983657837 1.8498005867004395 2.255854368209839
16.483046531677246 1.9400347471237183 2.7070252895355225
16.502203464508057 2.3706979751586914 2.835540533065796
16.53921627998352 2.616791009902954 3.2935473918914795
16.57587194442749 2.842376470565796 3.474015712738037
16.61194944381714 3.158196210861206 3.3386645317077637
16.649003982543945 3.474015712738037 3.6544840335845947
16.673168897628784 3.744718313217163 3.8349525928497314
16.70858860015869 4.286123275756836 3.7898354530334473
16.745201587677002 4.511708736419678 3.9251866340637207
16.780456066131592 4.6921772956848145 4.195888996124268
16.816572189331055 4.962879657745361 3.9251866340637207
16.850038051605225 4.864911079406738 4.163662910461426
16.888988971710205 5.007996559143066 4.421474456787109
16.926554918289185 4.962879657745361 4.060537815093994
16.96102285385132 4.6921772956848145 4.556826114654541
16.97998809814453 4.834364414215088 4.462490081787109
17.017298936843872 4.376357555389404 4.331240653991699
17.05313205718994 4.421474456787109 4.647059917449951
17.08942985534668 4.376357555389404 4.647059917449951
17.121134042739868 4.295146942138672 4.68959903717041
17.15843915939331 4.511708736419678 4.647059917449951
17.194231748580933 4.331240653991699 4.7372941970825195
17.233816623687744 4.556826114654541 4.601943016052246
17.256924629211426 4.5554585456848145 4.230068683624268
17.29266381263733 4.556826114654541 4.376357555389404
17.329229593276978 4.6921772956848145 4.241006374359131
17.357492208480835 4.556826114654541 3.970303773880005
17.39342451095581 4.601943016052246 4.286123275756836
17.43042755126953 4.7372941970825195 4.241006374359131
17.466033697128296 4.601943016052246 4.241006374359131
17.50298023223877 4.556826114654541 4.331240653991699
17.52587389945984 4.601943016052246 4.506069183349609
17.562612056732178 4.647059917449951 4.6921772956848145
17.59876775741577 4.601943016052246 4.6921772956848145
17.63523769378662 4.466591835021973 4.827528476715088
17.671420097351074 4.7372941970825195 4.917762756347656
17.691566944122314 4.508974552154541 4.834364414215088
17.728407382965088 4.601943016052246 5.05311393737793
17.764216899871826 4.782411575317383 5.05311393737793
17.80083394050598 4.556826114654541 5.05311393737793
17.831910610198975 4.733427047729492 5.259363651275635
17.871410608291626 4.647059917449951 5.05311393737793
17.90751576423645 4.827528476715088 5.2786993980407715
17.944827556610107 4.917762756347656 4.917762756347656
17.966899394989014 4.694911479949951 5.2992072105407715
18.00273871421814 4.962879657745361 4.962879657745361
18.04114270210266 4.962879657745361 5.098230838775635
18.077128887176514 5.098230838775635 4.872645378112793
18.10129404067993 5.007996559143066 4.7372941970825195
18.137336254119873 4.827528476715088 5.05311393737793
18.17298460006714 5.098230838775635 4.466591835021973
18.208721160888672 4.872645378112793 4.962879657745361
18.244818687438965 5.098230838775635 4.782411575317383
18.282641649246216 4.827528476715088 5.007996559143066
18.305596590042114 4.927332878112793 5.06678581237793
18.342933416366577 4.917762756347656 4.7372941970825195
18.378299713134766 4.872645378112793 5.188465118408203
18.41079068183899 4.917762756347656 4.872645378112793
18.44655203819275 4.647059917449951 4.962879657745361
18.48317551612854 4.962879657745361 4.782411575317383
18.50663137435913 4.601943016052246 4.601943016052246
18.54277729988098 4.601943016052246 4.827528476715088
18.578645706176758 4.601943016052246 4.421474456787109
18.613679885864258 4.376357555389404 4.782411575317383
18.650648832321167 4.466591835021973 4.331240653991699
18.686235427856445 4.421474456787109 4.241006374359131
18.710986614227295 4.1371002197265625 4.462490081787109
18.74801993370056 4.421474456787109 4.331240653991699
18.784730195999146 4.241006374359131 4.286123275756836
18.82086157798767 4.376357555389404 4.195888996124268
18.85677456855774 4.466591835021973 4.060537815093994
18.883336067199707 4.183584690093994 4.230068683624268
18.91912579536438 4.466591835021973 4.286123275756836
18.956729412078857 4.421474456787109 4.195888996124268
18.992430210113525 4.331240653991699 4.466591835021973
19.017212629318237 4.466591835021973 4.241006374359131
19.0527503490448 4.241006374359131 4.556826114654541
19.090209007263184 4.376357555389404 4.647059917449951
19.126844882965088 4.556826114654541 4.556826114654541
19.162778854370117 4.511708736419678 5.007996559143066
19.18683648109436 4.962879657745361 4.917762756347656
19.222285747528076 4.827528476715088 5.2786993980407715
19.25878357887268 4.917762756347656 5.098230838775635
19.291250228881836 4.962879657745361 5.098230838775635
19.328248023986816 4.6921772956848145 5.143348217010498
19.364012479782104 4.917762756347656 4.917762756347656
19.401182174682617 4.421474456787109 5.05311393737793
19.426012754440308 4.6921772956848145 4.556826114654541
19.461792469024658 4.376357555389404 4.421474456787109
19.498851537704468 3.8800694942474365 4.286123275756836
19.52730107307434 4.0321784019470215 3.9006946086883545
19.562908172607422 3.8349525928497314 4.060537815093994
19.599324464797974 3.6544840335845947 4.105655193328857
19.63523507118225 3.8800694942474365 4.105655193328857
19.671441078186035 3.7898354530334473 4.421474456787109
19.699684143066406 3.7187418937683105 4.694911479949951
19.737910747528076 3.7898354530334473 4.601943016052246
19.773597478866577 3.6093671321868896 4.647059917449951
19.81046986579895 3.6093671321868896 4.331240653991699
19.834299325942993 3.765226125717163 4.323037147521973
19.869836568832397 3.8349525928497314 4.105655193328857
19.90915870666504 3.744718313217163 3.970303773880005
19.944714546203613 3.8800694942474365 4.060537815093994
19.96492314338684 3.970303773880005 3.7898354530334473
20.000566244125366 3.699601173400879 3.7898354530334473
20.0390202999115 3.970303773880005 3.744718313217163
20.0745906829834 3.8349525928497314 3.6544840335845947
20.11067533493042 3.8349525928497314 3.3386645317077637
20.137918949127197 3.744718313217163 3.2033133506774902
20.177324295043945 3.7898354530334473 3.113079071044922
20.21059274673462 3.8800694942474365 2.9326107501983643
20.238864183425903 3.970303773880005 2.616791009902954
20.275052547454834 4.015420913696289 2.797259569168091
20.31260871887207 3.9251866340637207 2.842376470565796
20.348571062088013 3.970303773880005 2.9777278900146484
20.384485721588135 3.970303773880005 3.0228450298309326
20.40962052345276 3.7898354530334473 3.3386645317077637
20.445520639419556 3.9251866340637207 3.5642499923706055
20.4808931350708 3.8800694942474365 3.5642499923706055
20.51695966720581 3.7898354530334473 4.060537815093994
20.553642749786377 4.015420913696289 4.015420913696289
20.577815771102905 3.9046788215637207 3.997647523880005
20.6143901348114 3.699601173400879 4.241006374359131
20.650271892547607 3.744718313217163 4.1507720947265625
20.68623924255371 3.7898354530334473 4.015420913696289
20.72184181213379 3.6544840335845947 4.195888996124268
20.75864863395691 3.7898354530334473 3.970303773880005
20.78441882133484 3.9511632919311523 3.997647523880005
20.81951355934143 3.8349525928497314 3.970303773880005
20.856521129608154 4.060537815093994 3.9251866340637207
20.885475158691406 4.195888996124268 3.9251866340637207
20.923459768295288 4.105655193328857 4.1507720947265625
20.95961093902588 4.286123275756836 4.105655193328857
20.984570741653442 4.338974952697754 4.382802963256836
21.024865865707397 4.331240653991699 4.511708736419678
21.061726093292236 4.421474456787109 4.331240653991699
21.098549365997314 4.1507720947265625 4.511708736419678
21.1249680519104 4.241006374359131 4.241006374359131
21.15910053253174 4.331240653991699 4.105655193328857
21.195223093032837 4.060537815093994 4.105655193328857
21.230915784835815 4.195888996124268 3.9251866340637207
21.259401559829712 4.241006374359131 3.744718313217163
21.295533180236816 4.286123275756836 3.7898354530334473
21.332931756973267 4.421474456787109 3.699601173400879
21.363434314727783 4.163662910461426 3.6815543174743652
21.395963191986084 4.286123275756836 3.7898354530334473
21.433505535125732 4.286123275756836 3.8800694942474365
21.46793484687805 3.970303773880005 3.8349525928497314
21.497034072875977 4.015420913696289 4.015420913696289
21.52825093269348 4.060537815093994 4.060537815093994
21.564359426498413 3.7898354530334473 4.1507720947265625
21.60064387321472 4.105655193328857 4.466591835021973
21.63895344734192 4.105655193328857 4.241006374359131
21.67257523536682 4.195888996124268 4.7372941970825195
21.70142912864685 4.376357555389404 4.827528476715088
21.739396810531616 4.376357555389404 4.782411575317383
21.773330211639404 4.466591835021973 5.188465118408203
21.809412002563477 4.782411575317383 4.917762756347656
21.841837406158447 4.514286994934082 5.259363651275635
21.87475347518921 4.6921772956848145 5.05311393737793
21.91288709640503 4.556826114654541 5.323816299438477
21.948671579360962 4.7372941970825195 5.323816299438477
21.972381353378296 4.741395950317383 5.392175674438477
22.012537002563477 4.466591835021973 5.2786993980407715
22.049275398254395 4.68959903717041 5.259363651275635
22.08381700515747 4.647059917449951 5.36893367767334
22.113490343093872 4.973817348480225 5.2992072105407715
22.144792556762695 4.827528476715088 5.05311393737793
22.1807918548584 4.7372941970825195 4.917762756347656
22.216680765151978 4.917762756347656 4.917762756347656
22.25130319595337 4.601943016052246 4.647059917449951
22.287351608276367 4.514286994934082 4.601943016052246
22.323636054992676 4.376357555389404 4.331240653991699
22.350876092910767 4.421474456787109 4.601943016052246
22.380399703979492 4.241006374359131 4.286123275756836
22.417464017868042 4.105655193328857 4.1507720947265625
22.456218004226685 4.015420913696289 4.1507720947265625
22.489989757537842 4.060537815093994 4.1507720947265625
22.519261360168457 3.9251866340637207 4.015420913696289
22.55083703994751 4.015420913696289 4.060537815093994
22.58623504638672 4.015420913696289 3.8800694942474365
22.623610019683838 3.8800694942474365 3.8349525928497314
22.660932302474976 4.060537815093994 3.970303773880005
22.687767028808594 3.9046788215637207 3.858194589614868
22.721614599227905 3.5191328525543213 3.8800694942474365
22.756588459014893 3.7898354530334473 3.970303773880005
22.792451858520508 3.5191328525543213 3.8800694942474365
22.828861951828003 3.428898811340332 3.9251866340637207
22.86143183708191 3.6815543174743652 4.119834899902344
22.8947331905365 3.383781671524048 3.970303773880005
22.93141222000122 3.428898811340332 4.015420913696289
22.96964740753174 3.2935473918914795 3.970303773880005
22.99231791496277 3.2935473918914795 3.970303773880005
23.032362461090088 3.3386645317077637 3.6544840335845947
23.070528745651245 3.2033133506774902 3.744718313217163
23.105020761489868 3.3386645317077637 3.474015712738037
23.12923765182495 3.3933517932891846 3.160930633544922
23.161191701889038 3.2484302520751953 2.9326107501983643
23.19678568840027 3.2935473918914795 2.9777278900146484
23.232744216918945 3.474015712738037 2.797259569168091
23.268953323364258 3.699601173400879 2.616791009902954
23.30448055267334 3.5642499923706055 2.7521424293518066
23.336247444152832 3.8130385875701904 2.6735098361968994
23.372524976730347 3.699601173400879 2.4363226890563965
23.40846562385559 3.3386645317077637 2.6619081497192383
23.432962656021118 3.5642499923706055 2.4363226890563965
23.47320008277893 3.2033133506774902 2.3912057876586914
23.50871205329895 2.842376470565796 2.4814398288726807
23.545381546020508 2.7070252895355225 2.7070252895355225
23.582429885864258 2.571674108505249 2.88749361038208
23.600489139556885 2.3706979751586914 3.2074148654937744
23.637194395065308 2.3912057876586914 3.0228450298309326
23.672667264938354 2.3460886478424072 2.842376470565796
23.708788633346558 2.255854368209839 2.616791009902954
23.745492458343506 2.3460886478424072 2.4814398288726807
23.781139373779297 2.255854368209839 2.030268907546997
23.804656505584717 2.103745460510254 1.6216371059417725
23.841671228408813 2.255854368209839 1.44374680519104
23.87825345993042 2.1205031871795654 1.1730443239212036
23.9164137840271 1.9400347471237183 0.9474588632583618
23.953009843826294 1.7595664262771606 0.8121075630187988
23.97689700126648 1.7969491481781006 0.5259363651275635
24.012591123580933 1.579098105430603 0.1353512704372406
24.04961919784546 1.3535126447677612 0.0
24.08534264564514 0.9474588632583618 0.0
24.12158727645874 0.6767563223838806 0.0
24.14989471435547 0.26296818256378174 0.0
24.185433864593506 0.0 0.0
24.22156262397766 0.04511708766222 -0.04511708766222
24.25882601737976 0.09023417532444 -0.09023417532444
24.295947551727295 0.18046835064888 -0.09023417532444
24.333186626434326 0.1353512704372406 -0.2255854457616806
24.354227781295776 0.2707025408744812 -0.36093670129776
24.389199018478394 0.4060537815093994 -0.6316392421722412
24.426448822021484 0.6316392421722412 -0.9474588632583618
24.463675022125244 0.8121075630187988 -1.1279271841049194
24.499665021896362 1.1279271841049194 -1.44374680519104
24.527935028076172 1.271012783050537 -1.6654651165008545
24.564836740493774 1.6693322658538818 -2.1656203269958496
24.601029634475708 1.9851518869400024 -2.4814398288726807
24.63732671737671 2.255854368209839 -2.6619081497192383
24.67436981201172 2.526556968688965 -2.9777278900146484
24.69764471054077 2.7070252895355225 -3.158196210861206
24.736712217330933 2.797259569168091 -3.383781671524048
24.773685693740845 2.9777278900146484 -3.5191328525543213
24.80843424797058 3.0228450298309326 -3.6093671321868896
24.829850673675537 3.2074148654937744 -3.8117103576660156
24.8655686378479 3.474015712738037 -4.015420913696289
24.903931856155396 3.474015712738037 -4.1507720947265625
24.940630197525024 3.8349525928497314 -4.286123275756836
24.976537227630615 3.9251866340637207 -4.511708736419678
24.99593758583069 4.044131755828857 -4.601943016052246
25.033685207366943 4.331240653991699 -4.421474456787109
25.06929349899292 4.286123275756836 -4.782411575317383
25.10534119606018 4.195888996124268 -4.556826114654541
25.140776872634888 4.556826114654541 -4.511708736419678
25.17755126953125 4.331240653991699 -4.7372941970825195
25.204545974731445 4.207490921020508 -4.25131893157959
25.241616010665894 4.376357555389404 -3.970303773880005
25.27837061882019 3.8800694942474365 -3.474015712738037
25.319578170776367 4.015420913696289 -2.7521424293518066
25.33978509902954 3.970303773880005 -2.300971508026123
25.375784635543823 3.5191328525543213 -1.2181613445281982
25.412869691848755 3.2484302520751953 -0.6316392421722412
25.449318885803223 2.797259569168091 -0.18046835064888
25.48540234565735 2.3912057876586914 0.0
25.509592056274414 1.9284332990646362 0.0
25.544825553894043 1.308395504951477 0.04511708766222
25.580968379974365 0.36093670129776 0.0
25.61828064918518 -0.04511708766222 0.0
25.65315532684326 0.04511708766222 -0.09023417532444
25.688655614852905 0.18046835064888 -0.04511708766222
25.713278770446777 0.04511708766222 -0.04511708766222
25.74952530860901 0.04511708766222 0.0
25.784436225891113 0.0 0.0
25.82174062728882 0.0 0.04511708766222
25.857425212860107 0.0 -0.04511708766222
25.895758390426636 0.0 0.04511708766222
25.919182062149048 0.0 0.0
25.959588527679443 0.0 0.0
25.99475383758545 0.04511708766222 0.0
26.030356884002686 0.0 0.0
26.066636323928833 0.04511708766222 0.0
26.0914044380188 0.13945281505584717 -0.04648427292704582
26.12803816795349 0.09023417532444 -0.1353512704372406
26.16329312324524 0.18046835064888 -0.2255854457616806
26.199323415756226 0.36093670129776 -0.36093670129776
26.23531985282898 0.4962879717350006 -0.4060537815093994
26.258270978927612 0.7437483668327332 -0.7437483668327332
26.29460620880127 0.9474588632583618 -0.857224702835083
26.330411195755005 1.1279271841049194 -0.9023417830467224
26.36695170402527 1.271012783050537 -1.0080446004867554
26.403252363204956 1.3986297845840454 -0.857224702835083
26.440205574035645 1.6242151260375977 -0.8121075630187988
26.464439868927002 1.3901703357696533 -0.47936907410621643
26.500402688980103 1.0376930236816406 -0.1353512704372406
26.535832405090332 0.5865221619606018 0.0
26.563822507858276 0.04511708766222 0.09023417532444
26.60061550140381 -0.04511708766222 0.04511708766222
26.63652539253235 0.0 0.04511708766222
26.673726081848145 0.04511708766222 0.1353512704372406
26.697099685668945 0.0 0.04511708766222
26.733568906784058 0.0 0.0
26.769668102264404 0.0 0.0
26.805463314056396 0.0 0.0
26.842301845550537 0.0 0.09023417532444
26.875165939331055 0.1753121167421341 0.21914014220237732
26.913461208343506 0.18046835064888 0.3158196210861206
26.949743509292603 0.09023417532444 0.5414050817489624
26.981020212173462 0.14965668320655823 0.6360409259796143
27.016975164413452 0.36093670129776 0.8121075630187988
27.05498504638672 0.4060537815093994 0.8121075630187988
27.08768081665039 0.5259363651275635 0.8327325582504272
27.122519731521606 0.8121075630187988 1.0376930236816406
27.158547163009644 1.1279271841049194 0.9925759434700012
27.1953866481781 1.44374680519104 1.2632784843444824
27.218852043151855 1.9058551788330078 1.580465316772461
27.257009983062744 2.300971508026123 2.030268907546997
27.29392099380493 2.526556968688965 2.1656203269958496
27.329644441604614 2.797259569168091 2.4363226890563965
27.35446262359619 3.0200250148773193 2.9241511821746826
27.39035677909851 3.0679619312286377 3.0228450298309326
27.426571130752563 3.158196210861206 3.474015712738037
27.45852780342102 3.243274211883545 3.506242275238037
27.495535850524902 3.428898811340332 3.7898354530334473
27.531606197357178 3.428898811340332 3.744718313217163
27.55527973175049 3.6257731914520264 3.9046788215637207
27.59190273284912 3.5191328525543213 3.7898354530334473
27.62799048423767 3.699601173400879 3.6544840335845947
27.663361072540283 3.744718313217163 4.060537815093994
27.7002854347229 3.9251866340637207 3.9251866340637207
27.736867666244507 3.9251866340637207 3.7898354530334473
27.75844383239746 4.074636936187744 4.266384601593018
27.79244041442871 4.195888996124268 4.105655193328857
27.829451084136963 4.286123275756836 4.466591835021973
27.865598440170288 4.466591835021973 4.647059917449951
27.904348611831665 4.647059917449951 4.6921772956848145
27.92830491065979 4.782411575317383 5.098230838775635
27.965943574905396 5.188465118408203 5.233582019805908
28.000361919403076 5.233582019805908 5.323816299438477
28.037379264831543 5.504284858703613 5.639636039733887
28.0655038356781 5.549401760101318 5.36893367767334
28.101325273513794 5.820104598999023 5.684752941131592
28.13856601715088 5.594519138336182 5.684752941131592
28.174880504608154 5.639636039733887 5.684752941131592
28.21103572845459 5.684752941131592 5.77498722076416
28.23530650138855 5.684752941131592 5.955455780029297
28.271508932113647 5.414050579071045 5.594519138336182
28.306607484817505 5.36893367767334 5.910338401794434
28.334856033325195 5.434675693511963 5.522331714630127
28.37094783782959 5.414050579071045 5.684752941131592
28.408024311065674 5.2786993980407715 5.414050579071045
28.44391655921936 5.188465118408203 5.594519138336182
28.48169755935669 5.414050579071045 5.2786993980407715
28.505338430404663 5.007996559143066 5.504284858703613
28.541198015213013 5.188465118408203 5.233582019805908
28.577986001968384 4.962879657745361 5.504284858703613
28.61296796798706 5.05311393737793 5.233582019805908
28.6497859954834 5.007996559143066 5.2786993980407715
28.677707195281982 4.648427486419678 5.159754276275635
28.71491837501526 5.143348217010498 5.143348217010498
28.750622034072876 4.6921772956848145 5.098230838775635
28.78224754333496 4.952567100524902 4.777255058288574
28.830419778823853 4.872645378112793 5.007996559143066
28.87844729423523 5.098230838775635 4.872645378112793
28.899714708328247 4.96717643737793 5.1497931480407715
28.956360578536987 5.414050579071045 5.05311393737793
28.98353409767151 5.1234965324401855 5.2155351638793945
29.03739333152771 5.729870319366455 5.188465118408203
29.05857753753662 5.522331714630127 5.445632457733154
29.113687992095947 5.955455780029297 5.2786993980407715
29.137666702270508 5.776906967163086 5.352614402770996
29.19158363342285 5.8652215003967285 4.827528476715088
29.21855115890503 5.387640476226807 4.938670635223389
29.273019313812256 5.323816299438477 4.6921772956848145
29.293254375457764 4.935417175292969 4.802027702331543
29.34733510017395 4.7372941970825195 4.782411575317383
29.374470472335815 4.210288047790527 4.928321838378906
29.427770376205444 3.970303773880005 4.6921772956848145
29.44929814338684 3.3298611640930176 4.67677116394043
29.497222185134888 2.9777278900146484 4.105655193328857
29.517728567123413 2.8345301151275635 3.9683420658111572
29.557751417160034 2.6619081497192383 3.8800694942474365
29.592689037322998 2.7070252895355225 3.6093671321868896
29.629698038101196 2.7521424293518066 3.8349525928497314
29.665992259979248 3.0679619312286377 3.7898354530334473
29.690606832504272 3.2935473918914795 3.8349525928497314
29.729923963546753 3.6544840335845947 3.970303773880005
29.769041299819946 3.744718313217163 4.060537815093994
29.789286136627197 3.8349525928497314 3.699601173400879
29.829861402511597 4.015420913696289 4.286123275756836
29.865846872329712 3.9251866340637207 3.9251866340637207
29.905322074890137 4.060537815093994 3.8349525928497314
29.940619230270386 4.421474456787109 4.376357555389404
29.960751056671143 4.421474456787109 4.1507720947265625
30.00172209739685 4.601943016052246 4.376357555389404
30.03694224357605 4.962879657745361 4.556826114654541
30.07387113571167 4.917762756347656 4.421474456787109
30.09855318069458 5.188465118408203 4.556826114654541
30.13050150871277 5.233582019805908 4.6921772956848145
30.167381048202515 5.414050579071045 4.827528476715088
30.202795267105103 5.45916748046875 5.098230838775635
30.240757942199707 5.729870319366455 5.007996559143066
30.27225375175476 5.829127788543701 5.566159725189209
30.30491828918457 5.77498722076416 5.639636039733887
30.342737913131714 5.8652215003967285 6.045690059661865
30.375958919525146 5.910338401794434 5.820104598999023
30.403907775878906 6.135923862457275 6.09080696105957
30.44517159461975 5.955455780029297 6.000572681427002
30.48112654685974 6.09080696105957 6.000572681427002
30.516859531402588 6.048267841339111 5.872955799102783
30.536431312561035 6.135923862457275 6.4235453605651855
30.577969789505005 5.785299777984619 6.048267841339111
30.614125728607178 5.684752941131592 6.045690059661865
30.650261402130127 5.77498722076416 5.820104598999023
30.68529176712036 5.188465118408203 5.955455780029297
30.7135066986084 5.392175674438477 5.485144138336182
30.75077247619629 5.098230838775635 5.323816299438477
30.78159737586975 4.872645378112793 4.962879657745361
30.813772439956665 5.206238746643066 5.159754276275635
30.846229553222656 4.647059917449951 4.827528476715088
30.88277769088745 5.007996559143066 5.05311393737793
30.92216157913208 4.782411575317383 4.782411575317383
30.94681453704834 4.864911079406738 4.90873908996582
30.987648248672485 5.007996559143066 5.143348217010498
31.023783922195435 5.143348217010498 5.007996559143066
31.047874450683594 5.36893367767334 5.416870594024658
31.080324411392212 5.2786993980407715 5.233582019805908
31.117493152618408 5.729870319366455 5.549401760101318
31.15237069129944 5.729870319366455 5.36893367767334
31.18973445892334 6.045690059661865 5.77498722076416
31.217660665512085 5.639636039733887 5.639636039733887
31.250665187835693 6.09080696105957 6.000572681427002
31.28626298904419 5.323816299438477 5.955455780029297
31.322592973709106 5.77498722076416 6.045690059661865
31.359410047531128 4.917762756347656 5.77498722076416
31.386601448059082 5.143348217010498 6.181041240692139
31.41941547393799 4.601943016052246 5.188465118408203
31.45656991004944 4.647059917449951 5.594519138336182
31.4925217628479 4.601943016052246 5.098230838775635
31.529449939727783 4.421474456787109 5.233582019805908
31.556339740753174 4.648427486419678 5.020301342010498
31.589603662490845 4.872645378112793 4.917762756347656
31.625261068344116 5.05311393737793 5.233582019805908
31.66077184677124 5.188465118408203 4.827528476715088
31.697675466537476 5.2786993980407715 5.143348217010498
31.725542306900024 5.594519138336182 4.556826114654541
31.756807565689087 5.504284858703613 5.05311393737793
31.7937114238739 5.729870319366455 4.647059917449951
31.830524921417236 5.639636039733887 4.7372941970825195
31.8673734664917 5.820104598999023 4.601943016052246
31.905245304107666 5.639636039733887 4.466591835021973
31.930151224136353 5.829127788543701 4.601943016052246
31.965778589248657 5.233582019805908 4.7372941970825195
32.002615451812744 5.729870319366455 4.466591835021973
32.03878927230835 4.782411575317383 4.827528476715088
32.063764572143555 5.05311393737793 4.6921772956848145
32.107662200927734 4.601943016052246 4.872645378112793
32.15816283226013 4.331240653991699 4.782411575317383
32.20360016822815 3.8349525928497314 4.376357555389404
32.22554564476013 3.2074148654937744 3.939542055130005
32.27687358856201 2.4814398288726807 3.2033133506774902
32.32600951194763 2.49596905708313 3.197960376739502
32.3737268447876 2.842376470565796 3.2935473918914795
32.39643383026123 2.9583919048309326 3.104485273361206
32.443517446517944 3.2935473918914795 3.113079071044922
32.48648405075073 3.259709596633911 3.259709596633911
32.535508155822754 3.474015712738037 3.113079071044922
32.5608446598053 3.4514572620391846 3.1725516319274902
32.6103081703186 3.474015712738037 3.0679619312286377
32.63586735725403 3.479517936706543 2.993133544921875
32.68359923362732 3.2484302520751953 2.616791009902954
32.71643853187561 3.104485273361206 2.3740181922912598
32.76476216316223 3.2484302520751953 2.526556968688965
32.78471374511719 3.185960531234741 2.438636541366577
32.8214898109436 3.3386645317077637 2.526556968688965
32.86168456077576 3.2033133506774902 2.616791009902954
32.888436794281006 3.346867561340332 2.6960878372192383
32.93964695930481 3.383781671524048 2.7070252895355225
32.96657061576843 3.3290650844573975 2.806858777999878
33.01465392112732 3.428898811340332 3.0228450298309326
33.04145431518555 3.4514572620391846 2.991262912750244
33.0905659198761 3.2484302520751953 3.0679619312286377
33.11556267738342 3.1427903175354004 3.255032777786255
33.16484880447388 3.2033133506774902 3.2484302520751953
33.195958852767944 3.1802046298980713 3.3298611640930176
33.244410276412964 3.0679619312286377 3.6093671321868896
33.26474380493164 3.1446609497070312 3.6048552989959717
33.31463384628296 3.2484302520751953 3.383781671524048
33.36348843574524 3.113079071044922 3.6544840335845947
33.38412642478943 3.0679619312286377 3.5111119747161865
33.43775153160095 3.2484302520751953 3.2033133506774902
33.45711326599121 3.263789415359497 3.2964272499084473
33.49300527572632 3.474015712738037 3.0679619312286377
33.51674270629883 3.5191328525543213 2.88749361038208
33.5493426322937 3.6544840335845947 2.616791009902954
33.586395025253296 3.6093671321868896 2.7070252895355225
33.6232008934021 3.699601173400879 2.4814398288726807
33.659083127975464 3.744718313217163 2.4814398288726807
33.68256139755249 3.699601173400879 2.3912057876586914
33.72114324569702 3.7898354530334473 2.2107372283935547
33.75453519821167 3.6544840335845947 2.1205031871795654
33.79050874710083 3.158196210861206 2.030268907546997
33.8266224861145 3.2935473918914795 1.7595664262771606
33.862730979919434 3.158196210861206 1.5339809656143188
33.89081811904907 2.5566349029541016 1.1621068716049194
33.93053984642029 2.3460886478424072 0.4511708915233612
33.9662070274353 1.8498005867004395 -0.09023417532444
34.00234270095825 1.5339809656143188 -0.4511708915233612
34.02230429649353 1.308395504951477 -0.6767563223838806
34.05836629867554 1.3986297845840454 -0.9925759434700012
34.09569764137268 1.6242151260375977 -1.3535126447677612
34.131388425827026 1.714449405670166 -1.8046835660934448
34.16700267791748 2.030268907546997 -2.3460886478424072
34.195220708847046 1.9851518869400024 -2.842376470565796
34.23212456703186 2.0753860473632812 -3.428898811340332
34.262601137161255 2.3912057876586914 -3.5642499923706055
34.298195362091064 2.616791009902954 -4.015420913696289
34.33628296852112 2.7521424293518066 -3.970303773880005
34.371238708496094 2.9777278900146484 -4.466591835021973
34.39960265159607 3.0228450298309326 -4.6921772956848145
34.437246799468994 3.383781671524048 -4.6921772956848145
34.46671986579895 3.428898811340332 -4.917762756347656
34.507394313812256 3.699601173400879 -4.872645378112793
34.54340386390686 3.7898354530334473 -5.45916748046875
34.57976579666138 3.744718313217163 -5.098230838775635
34.60327959060669 4.1507720947265625 -5.233582019805908
34.64189624786377 3.8568665981292725 -5.1278791427612305
34.6751434803009 4.276553153991699 -5.06678581237793
34.71114230155945 4.466591835021973 -5.05311393737793
34.74920392036438 4.1507720947265625 -4.105655193328857
34.78526186943054 4.466591835021973 -4.241006374359131
34.805286169052124 4.195888996124268 -3.699601173400879
34.84211349487305 4.060537815093994 -3.3386645317077637
34.878204584121704 4.1507720947265625 -2.9326107501983643
34.915900230407715 3.699601173400879 -2.571674108505249
34.940821170806885 3.579288959503174 -2.3706979751586914
34.9764461517334 3.474015712738037 -2.2107372283935547
35.01370286941528 3.2033133506774902 -1.8046835660934448
35.05155110359192 2.571674108505249 -1.2632784843444824
35.08122277259827 2.255854368209839 -0.72187340259552
35.11863875389099 1.0828101634979248 -0.36093670129776
35.155447244644165 0.04511708766222 0.0
35.189640522003174 -0.2255854457616806 0.04511708766222
35.21296572685242 -0.2255854457616806 0.0
35.24966096878052 -0.09023417532444 0.0
35.28541111946106 0.0 0.0
35.3213107585907 0.0 0.0
35.3587384223938 0.1353512704372406 -0.04511708766222
35.39355778694153 0.2707025408744812 -0.09023417532444
35.417009115219116 0.3158196210861206 -0.09023417532444
35.45422315597534 0.72187340259552 -0.18046835064888
35.48993158340454 0.857224702835083 -0.2255854457616806
35.527387619018555 1.1730443239212036 -0.4962879717350006
35.56489300727844 1.44374680519104 -0.4962879717350006
35.59046959877014 1.719918131828308 -0.7902326583862305
35.626824617385864 1.8046835660934448 -0.72187340259552
35.66644287109375 1.5339809656143188 -0.72187340259552
35.687604665756226 0.9925759434700012 -0.5414050817489624
35.723761796951294 0.0 -0.18046835064888
35.759751081466675 -0.1353512704372406 0.0
35.79562211036682 -0.2707025408744812 0.04511708766222
35.832974910736084 -0.2707025408744812 0.04511708766222
35.85638236999512 -0.2324213683605194 0.0
35.89328575134277 -0.1353512704372406 0.04511708766222
35.931498527526855 -0.04511708766222 0.04511708766222
35.973159074783325 0.0 0.1353512704372406
35.993674993515015 0.0 0.2324213683605194
36.029865741729736 0.0 0.2255854457616806
36.06689119338989 0.0 0.2255854457616806
36.094884634017944 0.0 0.2707025408744812
36.13050556182861 0.0 0.2707025408744812
36.167540311813354 0.0 0.5414050817489624
36.203558683395386 0.0 0.857224702835083
36.23977708816528 0.0 1.1730443239212036
36.262386083602905 0.0 1.6693322658538818
36.299524784088135 0.04511708766222 2.1656203269958496
36.33656096458435 0.09023417532444 2.6619081497192383
36.372626066207886 0.18046835064888 2.88749361038208
36.40830588340759 0.2255854457616806 3.2033133506774902
36.43260931968689 0.4511708915233612 3.3386645317077637
36.469889879226685 0.72187340259552 3.2484302520751953
36.50554704666138 1.0376930236816406 3.5642499923706055
36.541353702545166 1.579098105430603 3.383781671524048
36.577341079711914 2.3460886478424072 3.383781671524048
36.605414628982544 2.8926498889923096 3.462414264678955
36.642820835113525 3.744718313217163 3.744718313217163
36.679670095443726 4.466591835021973 3.699601173400879
36.71482491493225 4.827528476715088 3.8349525928497314
36.75216102600098 5.36893367767334 4.1507720947265625
36.77587866783142 5.729870319366455 4.015420913696289
36.811657667160034 6.135923862457275 4.466591835021973
36.84787678718567 5.8652215003967285 4.647059917449951
36.883572816848755 6.181041240692139 4.7372941970825195
36.924617528915405 5.910338401794434 5.098230838775635
36.94285249710083 6.231797695159912 5.129249095916748
36.97925305366516 5.684752941131592 5.188465118408203
37.015034437179565 5.820104598999023 5.188465118408203
37.05201768875122 5.594519138336182 5.2786993980407715
37.079092264175415 5.45916748046875 5.188465118408203
37.114664793014526 5.2786993980407715 5.414050579071045
37.15165638923645 5.098230838775635 5.684752941131592
37.18751764297485 5.2786993980407715 5.414050579071045
37.22268295288086 4.556826114654541 5.639636039733887
37.26120924949646 5.05311393737793 5.549401760101318
37.28148674964905 4.697816848754883 5.944176197052002
37.326297998428345 4.827528476715088 5.45916748046875
37.37466621398926 4.827528476715088 5.639636039733887
37.42302989959717 4.872645378112793 5.45916748046875
37.444392919540405 4.976916313171387 5.4200663566589355
37.49792551994324 5.05311393737793 5.36893367767334
37.525371074676514 5.05311393737793 5.414050579071045
37.57882118225098 5.2786993980407715 5.639636039733887
37.60098910331726 5.050912857055664 5.462469100952148
37.65559220314026 5.323816299438477 5.684752941131592
37.68922543525696 5.145227909088135 5.560681343078613
37.74296569824219 5.414050579071045 5.820104598999023
37.76357960700989 5.222840309143066 5.222840309143066
37.81855320930481 5.639636039733887 5.549401760101318
37.83821940422058 5.352614402770996 5.287338733673096
37.88602662086487 5.549401760101318 5.2786993980407715
37.91318869590759 5.409301280975342 5.247829914093018
37.97243905067444 5.684752941131592 5.2786993980407715
37.99427676200867 5.46897554397583 5.36893367767334
38.04765176773071 5.594519138336182 5.2786993980407715
38.07464051246643 5.572420597076416 5.447197914123535
38.12849259376526 5.684752941131592 5.143348217010498
38.14969778060913 5.80721378326416 5.405457019805908
38.20379829406738 5.45916748046875 5.233582019805908
38.23550891876221 5.809545040130615 5.515803813934326
38.29004192352295 5.504284858703613 5.594519138336182
38.307883501052856 5.649539947509766 5.537297248840332
38.36369800567627 5.594519138336182 5.684752941131592
38.40821194648743 5.632586479187012 5.70449161529541
38.46630883216858 5.820104598999023 5.77498722076416
38.48927640914917 5.769102573394775 5.602365493774414
38.544347286224365 5.594519138336182 5.729870319366455
38.56572365760803 5.9122185707092285 5.816344738006592
38.62019681930542 5.45916748046875 5.77498722076416
38.64627528190613 5.744269371032715 6.038010120391846
38.70100474357605 5.639636039733887 5.77498722076416
38.72352361679077 5.462469100952148 5.799196243286133
38.7635772228241 5.36893367767334 5.639636039733887
38.77928137779236 5.347019672393799 5.522331714630127
38.82957625389099 5.188465118408203 5.549401760101318
38.8773033618927 5.2786993980407715 5.2786993980407715
38.89986181259155 5.177186012268066 5.177186012268066
38.95629382133484 5.188465118408203 5.098230838775635
38.98186898231506 5.1234965324401855 4.8473801612854
39.03567910194397 5.007996559143066 4.827528476715088
39.05710530281067 4.832040309906006 4.56359338760376
39.11288666725159 4.962879657745361 4.511708736419678
39.13832998275757 4.735332489013672 4.501900672912598
39.19245719909668 4.827528476715088 4.331240653991699
39.212714195251465 4.565419673919678 4.273232936859131
39.260966062545776 4.872645378112793 4.331240653991699
39.30993890762329 4.601943016052246 4.241006374359131
39.331621408462524 4.738296985626221 4.329235076904297
39.38137745857239 4.511708736419678 4.601943016052246
39.40937304496765 4.732494354248047 4.406115531921387
39.46646595001221 4.7372941970825195 4.601943016052246
39.48780703544617 4.894129753112793 4.7480363845825195
39.530648708343506 4.872645378112793 4.782411575317383
39.5509934425354 4.976916313171387 4.9428277015686035
39.592270612716675 5.143348217010498 5.007996559143066
39.62794852256775 4.782411575317383 5.05311393737793
39.64829158782959 5.3209967613220215 5.033375263214111
39.68433499336243 5.007996559143066 5.05311393737793
39.72159814834595 5.414050579071045 5.05311393737793
39.761940717697144 5.098230838775635 5.323816299438477
39.79634737968445 5.414050579071045 5.143348217010498
39.819313049316406 5.206238746643066 5.25272274017334
39.85616588592529 5.323816299438477 5.414050579071045
39.89287614822388 5.2786993980407715 5.639636039733887
39.930044651031494 4.7372941970825195 5.414050579071045
39.954925775527954 5.1717071533203125 5.522331714630127
39.990867614746094 4.601943016052246 5.414050579071045
40.03135538101196 4.962879657745361 5.414050579071045
40.06919288635254 4.331240653991699 5.36893367767334
40.0917751789093 4.5554585456848145 5.485144138336182
40.13277339935303 4.782411575317383 5.45916748046875
40.17148041725159 4.6921772956848145 5.504284858703613
40.18858289718628 4.741395950317383 5.531628608703613
40.228246212005615 4.827528476715088 5.233582019805908
40.2656364440918 4.917762756347656 5.504284858703613
40.309547901153564 5.188465118408203 5.05311393737793
40.35584545135498 4.962879657745361 5.323816299438477
40.4046049118042 5.414050579071045 4.872645378112793
40.421204566955566 5.155880451202393 4.9428277015686035
40.47198128700256 5.594519138336182 4.962879657745361
40.494778633117676 5.432849407196045 4.857606410980225
40.544593811035156 5.45916748046875 4.6921772956848145
40.582680225372314 5.490037441253662 4.709590911865234
40.631537437438965 5.007996559143066 4.601943016052246
40.678171157836914 5.36893367767334 4.556826114654541
40.699646949768066 5.030030727386475 4.601943016052246
40.74929332733154 5.233582019805908 4.421474456787109
40.775025367736816 4.895684242248535 4.504029273986816
40.819721698760986 5.233582019805908 4.466591835021973
40.83517932891846 4.995271682739258 4.837940216064453
40.87179255485535 5.2786993980407715 4.782411575317383
40.90925073623657 5.098230838775635 5.2786993980407715
40.94659066200256 5.323816299438477 5.188465118408203
40.982280015945435 5.143348217010498 5.36893367767334
41.00283169746399 5.25272274017334 5.578112602233887
41.0435836315155 5.188465118408203 5.323816299438477
41.07925987243652 4.782411575317383 5.45916748046875
41.11545443534851 5.007996559143066 5.143348217010498
41.157994985580444 4.872645378112793 5.188465118408203
41.18689942359924 4.973817348480225 4.834364414215088
41.2391722202301 5.007996559143066 5.143348217010498
41.28716540336609 4.991161823272705 4.899580955505371
41.33596706390381 4.962879657745361 4.782411575317383
41.38479733467102 5.188465118408203 4.872645378112793
41.40672969818115 4.976916313171387 4.874650955200195
41.45517539978027 5.414050579071045 4.782411575317383
41.48118543624878 5.222063064575195 5.058873653411865
41.530362367630005 5.684752941131592 4.872645378112793
41.5549840927124 5.537297248840332 5.163155555725098
41.60631561279297 5.594519138336182 4.601943016052246
41.636956453323364 5.599030494689941 5.292234420776367
41.68491983413696 5.729870319366455 4.917762756347656
41.70849299430847 5.222840309143066 5.113269805908203
41.746421813964844 5.098230838775635 4.6921772956848145
41.7837347984314 4.9609599113464355 5.254700660705566
41.819607734680176 4.7372941970825195 4.827528476715088
41.84754943847656 4.295146942138672 4.996395111083984
41.88457798957825 4.466591835021973 4.7372941970825195
41.92338991165161 4.241006374359131 4.962879657745361
41.960630655288696 4.466591835021973 4.827528476715088
41.9815309047699 4.323037147521973 4.5554585456848145
42.01717734336853 4.1507720947265625 4.6921772956848145
42.052879095077515 4.421474456787109 4.601943016052246
42.08075404167175 4.241006374359131 4.647059917449951
42.11862373352051 4.241006374359131 4.6921772956848145
42.16194939613342 4.331240653991699 4.1507720947265625
42.21069836616516 3.7898354530334473 4.241006374359131
42.25852823257446 4.647059917449951 4.376357555389404
42.27773332595825 3.886085271835327 3.7497313022613525
42.32619547843933 3.6544840335845947 3.7898354530334473
42.374626874923706 3.9142963886260986 3.4382333755493164
42.42418313026428 3.3386645317077637 3.2484302520751953
42.44879150390625 3.521183729171753 3.102825164794922
42.499948024749756 3.383781671524048 2.842376470565796
42.526638984680176 3.2680463790893555 2.934572458267212
42.57299280166626 3.5642499923706055 2.9326107501983643
42.59869027137756 3.479517936706543 2.768648624420166
42.647329807281494 3.2033133506774902 2.88749361038208
42.67845106124878 3.106311559677124 2.837864875793457
42.71765089035034 2.88749361038208 2.526556968688965
42.73396015167236 2.5835468769073486 2.260603666305542
42.77033066749573 1.9851518869400024 1.714449405670166
42.80754470825195 1.4888639450073242 1.2181613445281982
42.84350228309631 0.6767563223838806 0.857224702835083
42.871615409851074 0.18046835064888 0.4511708915233612
42.91048216819763 -0.04511708766222 0.04511708766222
42.94600749015808 0.0 -0.04511708766222
42.96972966194153 -0.04648427292704582 -0.04648427292704582
43.00663471221924 -0.09023417532444 0.0
43.0423789024353 -0.04511708766222 0.0
43.07929587364197 0.0 0.0
43.11215925216675 0.0 0.0
43.14764046669006 0.0 0.04511708766222
43.18551969528198 -0.04511708766222 0.04511708766222
43.20901131629944 0.0 0.0
43.244720220565796 0.0 -0.09023417532444
43.28100037574768 0.09023417532444 0.04511708766222
43.31806015968323 0.0 -0.04511708766222
43.3539662361145 0.0 0.0
43.38985729217529 0.0 0.0
43.41355752944946 0.0 0.0
43.450024366378784 0.0 0.0
43.48658895492554 0.0 0.0
43.52388954162598 0.0 0.0
43.55258059501648 0.0 0.0
43.58725190162659 0.0 0.0
43.62400579452515 0.0 0.0
43.65327763557434 0.0 0.0
43.686543226242065 0.0 0.0
43.72336268424988 0.0 0.0
43.75959491729736 0.0 0.0
43.794501066207886 0.0 0.0
43.83177161216736 0.0 0.0
43.85893726348877 0.0 0.0
43.895806074142456 0.0 0.0
43.9342737197876 0.0 0.0
43.96951699256897 0.0 0.0
43.98991513252258 0.0 0.0
44.02629542350769 0.0 0.0
44.0640332698822 0.0 0.0
44.098347425460815 0.0 0.0
44.13115167617798 0.0 0.0
44.1667160987854 0.0 0.0
44.20247530937195 0.0 0.0
44.24017596244812 0.0 0.0
44.26255774497986 0.0 0.0
44.29861235618591 0.0 0.0
44.33772802352905 0.0 0.0
44.373297929763794 0.0 0.0
44.41485404968262 0.0 0.0
44.43943738937378 0.0 0.0
44.47641682624817 0.0 0.0
44.51265001296997 0.0 0.0
44.5419180393219 0.0 0.0
44.57754158973694 0.0 0.0
44.6133451461792 0.0 0.0
44.649452209472656 0.0 0.0
44.67381143569946 0.0 0.0
44.709638357162476 0.0 0.0
44.74559712409973 0.0 0.0
44.78317928314209 0.0 0.0
44.818774700164795 0.0 0.0
44.84792900085449 0.0 0.0
44.88818573951721 0.0 0.0
44.91398763656616 0.0 0.0
44.951040267944336 0.0 0.0
44.98667645454407 0.0 0.0
45.023032665252686 0.0 0.0
45.047890424728394 0.0 0.0
45.08663034439087 0.0 0.0
45.1194326877594 0.0 0.0
45.15523719787598 0.0 0.0
45.19181776046753 0.0 0.0
45.21985411643982 0.0 0.0
45.253748655319214 0.0 0.0
45.29152774810791 0.0 0.0
45.32481598854065 0.0 0.0
45.36177921295166 0.0 0.0
45.38942193984985 0.0 0.0
45.421449184417725 0.0 0.0
45.458821058273315 0.0 0.0
45.49620485305786 0.0 0.0
