0.13040971755981445 0.0 0.0
0.16286158561706543 0.0 0.0
0.21684861183166504 0.0 0.0
0.24037742614746094 0.0 0.0
0.29719996452331543 0.0 0.0
0.31739258766174316 -0.06135924160480499 0.0
0.3721020221710205 0.09023417532444 0.0
0.3985130786895752 0.0 0.0
0.45254993438720703 0.0 0.0
0.4736769199371338 0.0 0.0
0.5271291732788086 0.0 0.0
0.5540146827697754 0.0 0.0
0.6068828105926514 0.0 0.0
0.6289763450622559 0.0 0.0
0.6838827133178711 0.0 0.0
0.7095282077789307 0.0 0.0
0.7629117965698242 0.0 0.0
0.7861292362213135 0.0 0.0
0.8376843929290771 0.0 0.0
0.863919734954834 0.0 0.0
0.9183750152587891 0.0 0.0
0.9396154880523682 0.0 0.0
0.9934389591217041 0.0 0.0
1.019385814666748 0.0 0.0
1.0765039920806885 -0.09023417532444 0.0
1.0989258289337158 0.07134795188903809 0.0
1.153010606765747 0.0 0.0
1.1794674396514893 0.0 0.0
1.234745740890503 0.0 0.0
1.2559747695922852 0.0 0.0
1.3098649978637695 0.0 0.0
1.3364262580871582 -0.06669482588768005 0.0
1.3861637115478516 0.09023417532444 0.0
1.4140737056732178 0.0 0.0
1.4629416465759277 0.0 0.0
1.489980697631836 0.0 0.0
1.539123296737671 -0.09023417532444 0.0
1.5714662075042725 0.0730467140674591 0.0
1.6225471496582031 0.0 0.0
1.6495893001556396 0.0 0.0
1.6979453563690186 0.0 0.0
1.7249164581298828 0.0 0.0
1.7729620933532715 0.0 0.0
1.7998557090759277 0.0 0.0
1.8479466438293457 0.0 0.0
1.874633550643921 0.0 0.0
1.9237074851989746 0.0 0.0
1.9495923519134521 0.0 0.0
1.9980731010437012 0.0 0.0
2.023688793182373 0.0 0.0
2.074399709701538 0.0 0.0
2.1016132831573486 0.0 0.0
2.149141311645508 0.0 0.0
2.1758296489715576 0.0 0.0
2.2237906455993652 0.0 0.0
2.2504942417144775 0.0 0.0
2.2998085021972656 0.0 0.0
2.33245849609375 0.0 0.0
2.3820290565490723 0.0 0.0
2.404534339904785 0.0 0.0
2.452927350997925 0.0 0.0
2.4910736083984375 -0.05478503555059433 0.0
2.540926933288574 0.09023417532444 0.0
2.594723701477051 0.0 0.0
2.6106810569763184 0.0 0.0
2.659661293029785 0.0 0.0
2.6853504180908203 0.0 0.0
2.7347288131713867 0.0 0.0
2.7626755237579346 0.0 0.0
2.811957359313965 0.0 0.0
2.8444912433624268 0.0 0.0
2.892594575881958 0.0 0.0
2.913651704788208 0.0 0.0
2.9618287086486816 0.0 0.0
3.0110793113708496 0.0 0.0
3.0609993934631348 0.0 0.0
3.081650495529175 0.0 0.0
3.131503105163574 0.0 0.0
3.1685683727264404 -0.05478503555059433 0.0
3.2186529636383057 0.09023417532444 0.0
3.273139238357544 0.0 0.0
3.2889344692230225 0.0 0.0
3.3487436771392822 0.0 0.0
3.3645431995391846 0.0 0.0
3.4137229919433594 0.0 0.0
3.4568068981170654 0.0 0.0
3.510087728500366 0.0 0.0
3.5323922634124756 0.0 0.0
3.5806965827941895 0.0 0.0
3.634565591812134 0.0 0.0
3.6884653568267822 0.0 0.0
3.7047383785247803 0.0 0.0
3.7576208114624023 0.0 0.0
3.773235321044922 0.0 0.0
3.8273766040802 0.0 0.0
3.8708581924438477 0.0 0.0
3.9243876934051514 0.0 0.0
3.950941324234009 0.0 0.0
4.004740953445435 0.0 0.0
4.027534484863281 0.0 0.0
4.08233118057251 0.0 0.0
4.109426498413086 0.0 0.0
4.165437459945679 0.0 0.0
4.185532808303833 -0.07669904828071594 0.0
4.2388386726379395 0.0 0.0
4.267767667770386 0.06669482588768005 0.0
4.321916818618774 0.0 0.0
4.3478662967681885 0.0 0.0
4.401175022125244 0.0 0.0
4.4224982261657715 0.0 0.0
4.476022243499756 0.0 0.0
4.503411769866943 0.0 0.0
4.556623220443726 0.0 0.0
4.586129903793335 0.0 0.0
4.637917757034302 -0.09023417532444 0.0
4.6592090129852295 0.06527578830718994 0.0
4.713717460632324 0.0 0.0
4.740790128707886 0.0 0.0
4.793753385543823 0.0 0.0
4.81494402885437 0.0 0.0
4.86899209022522 0.0 0.0
4.901972770690918 0.0 0.0
4.955029726028442 0.0 0.0
4.970993995666504 0.0 0.03834952414035797
5.025254249572754 0.043828029185533524 0.0
5.071253299713135 0.051132701337337494 0.025566350668668747
5.123977184295654 0.043828029185533524 0.043828029185533524
5.145252227783203 0.10226540267467499 0.0
5.2001941204071045 0.13148409128189087 0.043828029185533524
5.22771954536438 0.30012673139572144 0.03334741294384003
5.280901908874512 0.5697643756866455 0.0
5.306972503662109 0.7482833862304688 0.03741417080163956
5.35973048210144 0.8765605688095093 0.13148409128189087
5.391351938247681 0.7826433777809143 0.2817516028881073
5.446756601333618 0.6574204564094543 0.3506242334842682
5.462466239929199 0.3834952414035797 0.4985438287258148
5.51504111289978 0.043828029185533524 0.43828028440475464
5.552352428436279 0.030078059062361717 0.6015611886978149
5.6063995361328125 0.0 0.6135923862457275
5.6278862953186035 0.03408846631646156 0.9203885793685913
5.68303370475769 0.043828029185533524 1.139528751373291
5.716796398162842 0.06669482588768005 1.7340655326843262
5.7735512256622314 0.08765605837106705 1.9722613096237183
5.792038440704346 0.14269590377807617 1.9620686769485474
5.847490072250366 0.26296818256378174 2.0160892009735107
5.868295431137085 0.5222063064575195 1.9909114837646484
5.922883033752441 0.8327325582504272 1.9284332990646362
5.950140714645386 1.3005491495132446 2.1342344284057617
6.003594875335693 1.8846051692962646 1.8846051692962646
6.030564546585083 2.4927191734313965 1.8024276494979858
6.086025238037109 2.5858535766601562 1.4901529550552368
6.107260227203369 3.1638357639312744 1.6618127822875977
6.161822557449341 3.199446201324463 1.7531211376190186
6.194730281829834 3.2680463790893555 1.900802493095398
6.248726844787598 3.418586254119873 1.7969491481781006
6.264086723327637 3.704002857208252 1.7958801984786987
6.319225549697876 3.330930233001709 1.7531211376190186
6.361505508422852 3.6966426372528076 2.1878089904785156
6.4146575927734375 3.243274211883545 2.322885513305664
6.44184136390686 3.4014360904693604 2.5677506923675537
6.494690895080566 3.287102222442627 2.7173378467559814
6.515850067138672 3.0296125411987305 3.0679619312286377
6.57068395614624 2.8488218784332275 3.199446201324463
6.595594644546509 2.7952542304992676 3.340669631958008
6.649635553359985 2.8049938678741455 3.374758243560791
6.67099142074585 2.56941819190979 3.6048552989959717
6.727069139480591 2.842376470565796 3.6093671321868896
6.751809597015381 2.7415831089019775 3.720719814300537
6.805872201919556 2.842376470565796 3.699601173400879
6.829409122467041 2.7995152473449707 3.758253335952759
6.88487982749939 3.158196210861206 3.5191328525543213
6.910332918167114 3.129321336746216 3.497476577758789
6.963409423828125 3.113079071044922 3.474015712738037
6.984861135482788 3.3672754764556885 3.217618703842163
7.041645765304565 3.428898811340332 3.2484302520751953
7.076825380325317 3.394340991973877 3.2964272499084473
7.135077953338623 3.699601173400879 3.0679619312286377
7.154958963394165 3.601520538330078 3.3347413539886475
7.2096333503723145 3.699601173400879 3.428898811340332
7.232292890548706 3.7122340202331543 3.282719373703003
7.287052631378174 3.6544840335845947 3.5642499923706055
7.3151702880859375 3.7253823280334473 3.4436309337615967
7.371478796005249 3.8349525928497314 3.2484302520751953
7.393305063247681 3.496049642562866 3.6387455463409424
7.446863412857056 3.9251866340637207 3.474015712738037
7.475075960159302 3.5688538551330566 3.381019353866577
7.529278516769409 3.699601173400879 3.5191328525543213
7.551601409912109 3.6387455463409424 3.496049642562866
7.607449293136597 3.3386645317077637 3.699601173400879
7.637769460678101 3.4749364852905273 3.8506052494049072
7.687967777252197 3.5191328525543213 3.6093671321868896
7.715284824371338 3.1036360263824463 3.8884634971618652
7.771895170211792 3.5642499923706055 3.9251866340637207
7.793431043624878 3.3617031574249268 3.883909225463867
7.847954034805298 3.158196210861206 4.015420913696289
7.8750011920928955 3.497476577758789 3.8349525928497314
7.9283363819122314 3.5642499923706055 4.015420913696289
7.950897693634033 3.255032777786255 3.704002857208252
8.003450870513916 3.7898354530334473 3.699601173400879
8.03050708770752 3.4014360904693604 3.66821551322937
8.087411403656006 3.383781671524048 3.5642499923706055
8.107846021652222 3.381730794906616 3.6606364250183105
8.162375688552856 3.428898811340332 3.8349525928497314
8.188467502593994 3.501478433609009 3.801604986190796
8.240696668624878 3.7898354530334473 4.060537815093994
8.262643575668335 3.8349525928497314 4.218447685241699
8.317025661468506 4.195888996124268 4.286123275756836
8.342785358428955 4.340839862823486 4.536667346954346
8.39653992652893 4.556826114654541 4.7372941970825195
8.417500019073486 4.639357089996338 4.826427936553955
8.471431493759155 4.647059917449951 4.782411575317383
8.497328996658325 4.83537483215332 4.968764305114746
8.550801753997803 4.872645378112793 4.827528476715088
8.5728018283844 4.901256561279297 5.125741481781006
8.62638783454895 4.962879657745361 4.782411575317383
8.658874988555908 5.058873653411865 5.156787395477295
8.71597409248352 5.007996559143066 4.827528476715088
8.735004425048828 5.050912857055664 4.938670635223389
8.78818130493164 5.143348217010498 4.6921772956848145
8.810733556747437 5.254700660705566 4.895684242248535
8.865753173828125 5.098230838775635 4.601943016052246
8.892815351486206 5.156787395477295 4.536667346954346
8.946716547012329 4.827528476715088 4.286123275756836
8.972758293151855 4.85166072845459 4.387898921966553
9.02652359008789 4.376357555389404 4.331240653991699
9.049830436706543 4.535248279571533 4.235121250152588
9.104435443878174 4.195888996124268 4.511708736419678
9.131311178207397 4.382802963256836 4.257579803466797
9.184093713760376 4.105655193328857 4.331240653991699
9.204832077026367 4.026700019836426 4.103399276733398
9.259001731872559 4.195888996124268 4.105655193328857
9.287022590637207 3.688081979751587 3.9491851329803467
9.340720415115356 4.286123275756836 3.744718313217163
9.362011194229126 3.8162453174591064 3.704002857208252
9.417758464813232 3.699601173400879 3.6544840335845947
9.44482707977295 3.8029944896698 3.6751627922058105
9.502416610717773 3.6544840335845947 3.9251866340637207
9.522762537002563 3.817115545272827 3.9598114490509033
9.577309370040894 3.970303773880005 4.286123275756836
9.607177495956421 3.6940767765045166 4.0697455406188965
9.654911279678345 4.015420913696289 4.195888996124268
9.68251633644104 3.765226125717163 4.288174152374268
9.731812477111816 4.060537815093994 4.060537815093994
9.758534669876099 3.8714759349823 4.273232936859131
9.808420658111572 3.699601173400879 4.015420913696289
9.837510108947754 4.031159400939941 4.209529399871826
9.88693118095398 4.105655193328857 4.1507720947265625
9.913673400878906 3.974405288696289 3.939542055130005
9.96390986442566 3.8800694942474365 4.195888996124268
9.990269422531128 3.7100934982299805 3.817115545272827
10.040436029434204 4.060537815093994 4.1507720947265625
10.073798894882202 3.7814414501190186 3.9598114490509033
10.126018524169922 3.744718313217163 3.8800694942474365
10.147534847259521 3.9683420658111572 4.068384170532227
10.198334693908691 3.8349525928497314 3.7898354530334473
10.23862099647522 4.036792278289795 3.9560563564300537
10.288191556930542 3.970303773880005 3.8800694942474365
10.347264766693115 4.060537815093994 3.6544840335845947
10.36227798461914 4.014461040496826 3.688081979751587
10.412853240966797 3.8800694942474365 3.5191328525543213
10.433992624282837 4.068384170532227 3.601520538330078
10.483862161636353 3.8800694942474365 3.699601173400879
10.534143686294556 3.8753204345703125 3.4716413021087646
10.584990501403809 3.744718313217163 3.5642499923706055
10.605985403060913 3.590909957885742 3.4514572620391846
10.654807806015015 3.6093671321868896 3.474015712738037
10.694370746612549 3.4382333755493164 3.491129159927368
10.744408369064331 3.5642499923706055 3.383781671524048
10.794103384017944 3.5642499923706055 3.474015712738037
10.818288326263428 3.394340991973877 3.524892568588257
10.864781141281128 3.5642499923706055 3.474015712738037
10.890852689743042 3.4749364852905273 3.5688538551330566
10.93928575515747 3.2484302520751953 3.744718313217163
10.966400623321533 3.442103624343872 3.479517936706543
11.013384580612183 3.474015712738037 3.7898354530334473
11.040122509002686 3.255032777786255 3.8162453174591064
11.091998100280762 3.5191328525543213 3.744718313217163
11.124678134918213 3.603071689605713 4.06683349609375
11.175007343292236 3.5191328525543213 4.015420913696289
11.202465057373047 3.7253823280334473 4.163662910461426
11.252695798873901 3.9251866340637207 4.241006374359131
11.27939486503601 3.7429137229919434 4.080389499664307
11.330123662948608 3.8800694942474365 4.015420913696289
11.358104705810547 3.7814414501190186 3.8527894020080566
11.41253399848938 3.8349525928497314 4.015420913696289
11.435722351074219 3.9241373538970947 3.8527894020080566
11.484095335006714 3.7898354530334473 3.8349525928497314
11.534719705581665 3.7945845127105713 3.9291443824768066
11.588139533996582 3.8130385875701904 3.6815543174743652
11.602712392807007 4.141748905181885 4.2567973136901855
11.651864767074585 4.060537815093994 4.060537815093994
11.679072856903076 4.001689434051514 4.068384170532227
11.726540803909302 4.015420913696289 4.241006374359131
11.753143787384033 4.078144550323486 4.003316402435303
11.80180835723877 3.7898354530334473 4.060537815093994
11.835334062576294 4.078144550323486 3.92848801612854
11.890470504760742 3.6093671321868896 3.6544840335845947
11.905870199203491 3.6291744709014893 3.704002857208252
11.962280511856079 3.7253823280334473 3.506242275238037
12.002746343612671 3.737335443496704 3.5978827476501465
12.056735754013062 3.637726306915283 3.418586254119873
12.072202444076538 3.688858985900879 3.3601489067077637
12.12772512435913 3.6815543174743652 3.462414264678955
12.171731233596802 3.8614003658294678 3.5704729557037354
12.22632098197937 3.637726306915283 3.243274211883545
12.247074842453003 4.1025071144104 3.7814414501190186
12.302522420883179 3.9445226192474365 3.637726306915283
12.323106050491333 4.268468856811523 3.9683420658111572
12.377492666244507 4.286123275756836 4.241006374359131
12.404334545135498 4.058658123016357 4.058658123016357
12.46106481552124 3.9006946086883545 4.207490921020508
12.47907304763794 3.618621826171875 4.2479472160339355
12.532593965530396 3.7253823280334473 4.426630973815918
12.565674781799316 3.7015628814697266 4.802027702331543
12.618101835250854 3.550070285797119 4.733427047729492
12.633988618850708 3.6815543174743652 4.90873908996582
12.689042091369629 3.637726306915283 4.68959903717041
12.725795984268188 3.5175771713256836 4.734182834625244
12.779057025909424 3.418586254119873 4.25131893157959
12.830305814743042 3.3039591312408447 4.011950492858887
12.884617567062378 3.330930233001709 3.593898296356201
12.927690744400024 3.1421868801116943 3.315378189086914
12.982904195785522 3.287102222442627 2.9803059101104736
13.00245976448059 3.210657835006714 3.0679619312286377
13.056753873825073 3.0679619312286377 2.8926498889923096
13.082538843154907 3.2043159008026123 2.7952542304992676
13.139701128005981 3.1117899417877197 2.7611658573150635
13.160300254821777 3.2463319301605225 2.7825701236724854
13.215144395828247 3.1556179523468018 2.6296818256378174
13.246441841125488 3.0679619312286377 2.4010138511657715
13.300500392913818 2.9803059101104736 2.2352294921875
13.31732964515686 2.674633502960205 2.3206379413604736
13.371832847595215 2.5858535766601562 2.059917449951172
13.41436767578125 2.520111560821533 2.191401481628418
13.4688241481781 2.2352294921875 1.8846051692962646
13.486764430999756 1.9722613096237183 1.789644479751587
13.541219711303711 1.9722613096237183 1.7531211376190186
13.58841347694397 1.7805136442184448 1.8626911640167236
13.641538858413696 1.9722613096237183 1.7092931270599365
13.657753705978394 2.067539691925049 1.6673706769943237
13.712693452835083 1.6654651165008545 1.4463249444961548
13.756674528121948 1.698336124420166 1.45180344581604
13.812343835830688 1.4901529550552368 1.6216371059417725
13.828263998031616 1.670334815979004 1.7385118007659912
13.883690595626831 1.7092931270599365 1.7092931270599365
13.92635440826416 1.7571054697036743 1.7571054697036743
13.980379581451416 1.6654651165008545 1.6216371059417725
13.99679684638977 1.4609342813491821 1.789644479751587
14.0493643283844 1.4024969339370728 1.7531211376190186
14.098325490951538 1.507981300354004 1.5599806308746338
14.151291131973267 1.227184772491455 1.051872730255127
14.170481204986572 0.9988713264465332 0.35673975944519043
14.22444486618042 0.30679619312286377 0.0
14.245990753173828 0.0 0.0
14.299455404281616 0.0 0.0
14.327127695083618 0.0 0.0
14.382601737976074 0.0 0.0
14.40735387802124 0.0 -0.03741417080163956
14.463276624679565 0.0 0.0
14.483484506607056 0.0 -0.03408846631646156
14.53735876083374 0.0 -0.08765605837106705
14.563363552093506 0.03408846631646156 -0.10226540267467499
14.617311000823975 0.0 -0.13148409128189087
14.63889479637146 0.03741417080163956 -0.2618992030620575
14.692688703536987 0.0 -0.30679619312286377
14.719805240631104 0.03334741294384003 -0.4001689553260803
14.772436618804932 0.0 -0.4060537815093994
14.793510437011719 0.03741417080163956 -0.48638421297073364
14.851697206497192 0.04511708766222 -0.4060537815093994
14.87773847579956 0.0 -0.39165472984313965
14.932110786437988 0.04511708766222 -0.2255854457616806
14.954607248306274 0.03486320376396179 -0.06972640752792358
15.008673429489136 0.09023417532444 -0.04511708766222
15.035501718521118 0.09587381035089493 -0.03195793926715851
15.091976404190063 0.09023417532444 -0.09023417532444
15.114694356918335 0.07134795188903809 -0.07134795188903809
15.175068140029907 0.1353512704372406 -0.2707025408744812
15.200355291366577 0.1769978106021881 -0.3539956212043762
15.256513595581055 0.2255854457616806 -0.5865221619606018
15.277796745300293 0.3486320376396179 -0.836716890335083
15.334432363510132 0.4511708915233612 -1.2181613445281982
15.362349510192871 0.6261146664619446 -1.5339809656143188
15.41629433631897 0.9023417830467224 -2.0753860473632812
15.442846536636353 1.0226540565490723 -2.1134848594665527
15.496881484985352 1.5339809656143188 -2.2107372283935547
15.518644332885742 1.6673706769943237 -2.000844717025757
15.572295665740967 1.6693322658538818 -1.8498005867004395
15.5989351272583 1.6318947076797485 -1.8929978609085083
15.652034997940063 1.714449405670166 -1.714449405670166
15.673630237579346 1.6836377382278442 -1.4217385053634644
15.729040384292603 1.8498005867004395 -0.857224702835083
15.753695487976074 2.0341920852661133 -0.5002111792564392
15.807222843170166 2.030268907546997 -0.36093670129776
15.830413818359375 2.0203652381896973 -0.22448502480983734
15.886685371398926 2.030268907546997 -0.2255854457616806
15.918062925338745 2.141181707382202 -0.2876214385032654
15.973620414733887 2.3460886478424072 -0.3158196210861206
15.994885444641113 2.2117865085601807 -0.6064575910568237
16.052454948425293 2.1205031871795654 -0.9925759434700012
16.072661638259888 2.191401481628418 -1.4713695049285889
16.126541137695312 2.1205031871795654 -1.9851518869400024
16.152603149414062 2.0453081130981445 -2.1092238426208496
16.209681272506714 1.7595664262771606 -2.0753860473632812
16.23674774169922 1.6037074327468872 -2.266108274459839
16.29236912727356 1.4888639450073242 -2.4814398288726807
16.312748670578003 1.4360673427581787 -2.382566213607788
16.371058464050293 1.6242151260375977 -2.4814398288726807
16.396116733551025 1.5652867555618286 -2.410541534423828
16.450114011764526 1.3535126447677612 -2.571674108505249
16.472554445266724 1.2842631340026855 -2.425830364227295
16.528199672698975 1.0828101634979248 -2.1656203269958496
16.558944940567017 1.044412612915039 -2.252014636993408
16.613964796066284 1.1730443239212036 -2.1656203269958496
16.63517475128174 1.3878875970840454 -2.2644481658935547
16.688786029815674 1.44374680519104 -2.2107372283935547
16.71036195755005 1.4360673427581787 -2.186738967895508
16.765690803527832 1.3535126447677612 -2.0753860473632812
16.796883821487427 1.109688401222229 -2.088825225830078
16.851731538772583 1.0376930236816406 -1.9400347471237183
16.873194694519043 0.9496073126792908 -1.6800744533538818
16.926633596420288 1.0828101634979248 -1.6242151260375977
16.948912620544434 1.3055157661437988 -1.5013431310653687
17.00370764732361 1.4888639450073242 -1.6693322658538818
17.035924196243286 1.5013431310653687 -2.088825225830078
17.090308904647827 1.5339809656143188 -1.9400347471237183
17.11193299293518 1.4626330137252808 -1.8193727731704712
17.16683268547058 1.579098105430603 -1.6242151260375977
17.187577486038208 1.6971704959869385 -1.7624462842941284
17.245593786239624 1.8498005867004395 -1.9400347471237183
17.272583723068237 1.8470383882522583 -1.8470383882522583
17.32777500152588 1.8046835660934448 -1.8046835660934448
17.34954261779785 1.8550467491149902 -1.4983069896697998
17.403698444366455 1.8949177265167236 -1.4888639450073242
17.435970067977905 1.9634957313537598 -1.656699538230896
17.49027371406555 1.9851518869400024 -1.8046835660934448
17.511476516723633 1.9455368518829346 -1.7584660053253174
17.567241191864014 1.8046835660934448 -1.579098105430603
17.587678909301758 1.6006758213043213 -1.0671172142028809
17.641701698303223 1.308395504951477 -0.5865221619606018
17.668357133865356 0.9267801642417908 -0.06391587853431702
17.72236704826355 0.3158196210861206 0.0
17.74925184249878 0.0 0.0
17.802764892578125 0.0 0.04511708766222
17.823593139648438 0.0 0.0
17.878461360931396 0.0 0.0
17.907490491867065 0.03263789415359497 0.0
17.963871717453003 0.04511708766222 0.0
17.982912302017212 0.06972640752792358 0.03486320376396179
18.032069206237793 0.2255854457616806 0.18046835064888
18.080642700195312 0.3158196210861206 0.2707025408744812
18.10394549369812 0.4218447804450989 0.4218447804450989
18.1502845287323 0.4060537815093994 0.7669904828071594
18.171460390090942 0.43351638317108154 0.8670327663421631
18.223012685775757 0.4060537815093994 0.7669904828071594
18.272850275039673 0.3158196210861206 0.72187340259552
18.293773889541626 0.18783441185951233 0.3130573332309723
18.34325671195984 0.09023417532444 0.04511708766222
18.370347499847412 0.03334741294384003 0.0
18.418407917022705 0.09023417532444 0.04511708766222
18.444225072860718 0.0730467140674591 0.0730467140674591
18.49430203437805 0.1353512704372406 0.04511708766222
18.524731874465942 0.21914014220237732 0.0730467140674591
18.5772385597229 0.4060537815093994 0.09023417532444
18.606090307235718 0.6574204564094543 0.21914014220237732
18.65504813194275 1.0376930236816406 0.4060537815093994
18.68188714981079 1.4726217985153198 0.6749516129493713
18.732701301574707 2.2107372283935547 1.1279271841049194
18.759312868118286 2.4404242038726807 1.673433780670166
18.80978298187256 2.797259569168091 2.300971508026123
18.841951608657837 2.96094012260437 3.032288074493408
18.891204833984375 3.428898811340332 3.474015712738037
18.913442373275757 3.282005786895752 4.1025071144104
18.961435794830322 3.7898354530334473 4.195888996124268
19.014761686325073 3.506242275238037 4.514286994934082
19.030012369155884 3.81790828704834 4.567854404449463
19.079153776168823 4.060537815093994 4.782411575317383
19.104718446731567 4.124704360961914 4.840562343597412
19.15340518951416 4.286123275756836 4.962879657745361
19.17879557609558 4.452286243438721 5.088327407836914
19.22988724708557 4.6921772956848145 5.233582019805908
19.25642228126526 4.857606410980225 5.259363651275635
19.304518699645996 4.872645378112793 5.323816299438477
19.33233618736267 5.088327407836914 5.237983703613281
19.38137650489807 5.098230838775635 5.414050579071045
19.408308744430542 5.295886993408203 5.1497931480407715
19.457239389419556 5.233582019805908 5.188465118408203
19.488893508911133 5.350226402282715 5.163155555725098
19.536834239959717 5.2786993980407715 5.233582019805908
19.559115409851074 5.574711322784424 5.275398254394531
19.608579397201538 5.504284858703613 5.2786993980407715
19.65867853164673 5.596189975738525 5.312119483947754
19.7068452835083 5.8652215003967285 5.549401760101318
19.727253437042236 5.458118438720703 5.3510966300964355
19.77685523033142 5.729870319366455 5.549401760101318
19.803799390792847 5.417890548706055 5.352614402770996
19.850785732269287 5.504284858703613 5.549401760101318
19.87778615951538 5.387640476226807 5.425054550170898
19.92614459991455 5.45916748046875 5.549401760101318
19.95230746269226 5.560681343078613 5.407282829284668
20.00022292137146 5.45916748046875 5.549401760101318
20.037532806396484 5.49988317489624 5.387640476226807
20.081580877304077 5.639636039733887 5.36893367767334
20.10771155357361 5.387640476226807 5.312812328338623
20.156253576278687 5.414050579071045 5.233582019805908
20.181793928146362 5.402280807495117 5.36893367767334
20.233675956726074 5.188465118408203 5.188465118408203
20.26063108444214 5.19461727142334 5.438660144805908
20.309717178344727 5.05311393737793 5.2786993980407715
20.344727754592896 5.312812328338623 5.649539947509766
20.39195990562439 5.05311393737793 5.549401760101318
20.41284680366516 5.2005696296691895 5.724368095397949
20.46643853187561 5.233582019805908 5.729870319366455
20.493638277053833 5.259363651275635 5.791561126708984
20.542141437530518 5.098230838775635 5.910338401794434
20.56965184211731 5.445632457733154 5.7524285316467285
20.61997127532959 5.05311393737793 6.045690059661865
20.646132707595825 5.565140247344971 5.6721625328063965
20.69542956352234 5.45916748046875 6.045690059661865
20.722240686416626 5.565140247344971 5.6721625328063965
20.776702165603638 5.522331714630127 5.697643756866455
20.797813177108765 5.686954021453857 5.724368095397949
20.85646653175354 5.639636039733887 5.684752941131592
20.881150007247925 5.450528144836426 5.581079959869385
20.935758113861084 5.77498722076416 5.45916748046875
20.958927154541016 5.159754276275635 5.787292003631592
21.012152194976807 5.639636039733887 5.45916748046875
21.04499053955078 5.400891304016113 5.7524285316467285
21.098682641983032 5.684752941131592 5.684752941131592
21.115435123443604 5.515027046203613 5.661120414733887
21.168470859527588 5.434675693511963 5.434675693511963
21.212502479553223 5.771928310394287 5.485931873321533
21.267324447631836 5.2155351638793945 5.434675693511963
21.28859233856201 5.802449703216553 5.5690178871154785
21.34303092956543 5.434675693511963 5.2155351638793945
21.369598150253296 5.543249607086182 5.7524285316467285
21.422580003738403 5.390847682952881 5.303191661834717
21.444175243377686 5.612125396728516 5.836610794067383
21.500189781188965 5.478503704071045 5.522331714630127
21.532790660858154 5.335586071014404 5.73575496673584
21.58815884590149 5.478503704071045 5.347019672393799
21.604200839996338 5.478503704071045 5.880260467529297
21.662872314453125 5.434675693511963 5.522331714630127
21.705350160598755 5.36893367767334 5.697643756866455
21.75912880897522 5.084051132202148 5.653815746307373
21.77473258972168 5.651508808135986 5.611141204833984
21.831674814224243 5.084051132202148 5.609987735748291
21.85138773918152 5.669060230255127 5.535670757293701
21.905482292175293 5.040223121643066 5.2155351638793945
21.931543588638306 5.7116312980651855 5.352614402770996
21.985859870910645 5.1717071533203125 5.084051132202148
22.00737452507019 5.515027046203613 5.441980361938477
22.063215970993042 5.1717071533203125 5.1717071533203125
22.087965488433838 5.502323150634766 5.435628414154053
22.142436981201172 5.303191661834717 4.952567100524902
22.1629900932312 5.275398254394531 5.537297248840332
22.216808080673218 5.347019672393799 4.821083068847656
22.244009494781494 5.351889133453369 5.249623775482178
22.301642179489136 5.2155351638793945 4.68959903717041
22.320307970046997 5.259363651275635 5.076746463775635
22.37677764892578 5.259363651275635 4.558115005493164
22.40374231338501 5.0688066482543945 4.935417175292969
22.459158420562744 4.996395111083984 4.426630973815918
22.480462074279785 4.930653095245361 4.821083068847656
22.53554058074951 4.90873908996582 4.295146942138672
22.562664270401 4.7936906814575195 4.633901119232178
22.616597175598145 4.645771026611328 4.470458984375
22.64361262321472 4.789013862609863 4.564528942108154
22.696453332901 4.558115005493164 4.295146942138672
22.717570066452026 4.533766269683838 4.36332368850708
22.773179054260254 4.295146942138672 4.338974952697754
22.798277616500854 4.397412300109863 4.1928815841674805
22.851592540740967 3.9006946086883545 4.470458984375
22.881686210632324 4.33349609375 4.371845722198486
22.935761213302612 3.9445226192474365 4.338974952697754
22.957643747329712 4.101051330566406 4.4454145431518555
23.01066017150879 3.9445226192474365 4.119834899902344
23.03666663169861 3.851271390914917 4.308201789855957
23.09119749069214 4.1507720947265625 3.970303773880005
23.118524074554443 3.7199039459228516 3.9883506298065186
23.171964645385742 3.8800694942474365 3.9251866340637207
23.19260001182556 3.883909225463867 3.720719814300537
23.24717402458191 3.8349525928497314 3.7898354530334473
23.27722930908203 3.9683420658111572 3.5681731700897217
23.330416679382324 3.7898354530334473 3.9251866340637207
23.35367441177368 3.8698155879974365 3.765226125717163
23.40541982650757 4.105655193328857 3.6544840335845947
23.431773900985718 3.851271390914917 3.9491851329803467
23.485687494277954 4.060537815093994 3.8800694942474365
23.51182770729065 3.8733019828796387 3.9500010013580322
23.568366765975952 3.8800694942474365 4.105655193328857
23.58841371536255 4.014461040496826 3.851271390914917
23.641629219055176 3.6544840335845947 4.060537815093994
23.674258708953857 3.9491851329803467 3.851271390914917
23.727543354034424 3.7898354530334473 3.8800694942474365
23.74334168434143 3.704002857208252 4.115558624267578
23.799867391586304 4.060537815093994 3.744718313217163
23.841636419296265 3.8475260734558105 4.199587345123291
23.897352933883667 4.241006374359131 3.970303773880005
23.92423677444458 4.068384170532227 4.2017741203308105
23.978242874145508 4.376357555389404 3.9251866340637207
23.99940252304077 4.308201789855957 3.9491851329803467
24.05461812019348 4.286123275756836 4.015420913696289
24.084710597991943 4.373477935791016 3.688081979751587
24.13874363899231 4.195888996124268 3.8349525928497314
24.159240245819092 4.295146942138672 3.7199039459228516
24.21421527862549 4.1507720947265625 3.5642499923706055
24.23572278022766 4.014461040496826 3.818633556365967
24.289546012878418 4.105655193328857 3.5642499923706055
24.3171329498291 3.9683420658111572 3.934994697570801
24.37337350845337 4.1507720947265625 3.9251866340637207
24.393313884735107 4.009268760681152 3.939542055130005
24.44631814956665 4.1507720947265625 4.331240653991699
24.472270727157593 4.2017741203308105 4.068384170532227
24.529380559921265 4.195888996124268 4.376357555389404
24.547643899917603 4.0407304763793945 4.227801322937012
24.603002309799194 3.7898354530334473 4.105655193328857
24.634838581085205 3.934994697570801 4.101731777191162
24.688319206237793 3.744718313217163 3.699601173400879
24.70969557762146 3.506242275238037 3.798429250717163
24.76293444633484 3.6093671321868896 3.744718313217163
24.784335374832153 3.2680463790893555 3.5348258018493652
24.83976459503174 3.0679619312286377 3.699601173400879
24.865213871002197 3.231151580810547 3.524892568588257
24.918554544448853 3.0228450298309326 3.2484302520751953
24.944475412368774 2.6938202381134033 3.255032777786255
24.99952268600464 2.7070252895355225 3.113079071044922
25.020811557769775 2.5783936977386475 2.9047725200653076
25.074186086654663 2.4363226890563965 2.571674108505249
25.10032606124878 2.18166184425354 2.45436954498291
25.157377004623413 2.0753860473632812 2.1656203269958496
25.181684732437134 1.8626911640167236 1.8626911640167236
25.234802722930908 1.7595664262771606 1.0376930236816406
25.255903244018555 1.333896517753601 0.30012673139572144
25.313549041748047 0.9474588632583618 -0.04511708766222
25.340654134750366 0.21475733816623688 0.0
25.398314237594604 -0.04511708766222 0.0
25.41961169242859 -0.03741417080163956 -0.03741417080163956
25.474534034729004 0.0 0.0
25.500300645828247 0.0 0.0
25.55681586265564 0.0 0.0
25.581472635269165 0.0 -0.03741417080163956
25.635226488113403 0.0 0.0
25.65981125831604 0.06669482588768005 -0.16673706471920013
25.710175037384033 0.09023417532444 -0.3158196210861206
25.737130165100098 0.03334741294384003 -0.5335586071014404
25.79142737388611 0.04511708766222 -0.6767563223838806
25.811482191085815 0.03741417080163956 -0.8231117725372314
25.866586923599243 0.09023417532444 -0.7669904828071594
25.893308639526367 0.09791368246078491 -0.4242926239967346
25.947192668914795 0.2255854457616806 -0.1353512704372406
25.968884706497192 0.25566351413726807 -0.03652335703372955
26.024463653564453 0.2707025408744812 -0.04511708766222
26.050442457199097 0.26110315322875977 -0.06527578830718994
26.105664014816284 0.2707025408744812 -0.1353512704372406
26.132298707962036 0.35673975944519043 -0.21404385566711426
26.18668246269226 0.36093670129776 -0.1353512704372406
26.2072536945343 0.3590168356895447 -0.19582736492156982
26.262075901031494 0.4060537815093994 -0.18046835064888
26.28888726234436 0.4001689553260803 -0.3668215572834015
26.3509624004364 0.4511708915233612 -0.4511708915233612
26.369277477264404 0.6336008310317993 -0.5669060349464417
26.421494007110596 0.8121075630187988 -0.8121075630187988
26.44743323326111 0.9464989304542542 -1.1423262357711792
26.495301485061646 1.1730443239212036 -1.44374680519104
26.522141695022583 1.1888352632522583 -1.5723304748535156
26.570258140563965 0.9925759434700012 -1.6242151260375977
26.602988719940186 0.9970876574516296 -1.495631456375122
26.6515953540802 0.6767563223838806 -1.1279271841049194
26.678504705429077 0.43828028440475464 -1.0591773986816406
26.72770404815674 0.3158196210861206 -1.0828101634979248
26.753761053085327 0.2876214385032654 -1.3741912841796875
26.80245018005371 0.4511708915233612 -1.6693322658538818
26.836522102355957 0.7108692526817322 -1.8707085847854614
26.883347988128662 0.9925759434700012 -1.8949177265167236
26.904610633850098 1.1322240829467773 -1.8626911640167236
26.953417539596558 1.44374680519104 -1.714449405670166
27.003642082214355 1.4888639450073242 -1.8498005867004395
27.025095224380493 1.6037074327468872 -1.8477498292922974
27.075296878814697 1.579098105430603 -1.714449405670166
27.103123664855957 1.6278982162475586 -1.5965924263000488
27.15216636657715 1.6693322658538818 -1.44374680519104
27.179645538330078 1.8550467491149902 -1.3912850618362427
27.22770929336548 1.9851518869400024 -1.579098105430603
27.25566601753235 2.1183547973632812 -1.8626911640167236
27.307981967926025 2.2107372283935547 -1.8046835660934448
27.335084438323975 2.0690906047821045 -1.8193727731704712
27.385387182235718 2.300971508026123 -1.8046835660934448
27.412218809127808 2.4010138511657715 -1.6673706769943237
27.460537910461426 2.3460886478424072 -1.8046835660934448
27.487094402313232 2.4470648765563965 -2.0453081130981445
27.535902976989746 2.4814398288726807 -2.0753860473632812
27.56179118156433 2.6189918518066406 -2.057779312133789
27.60991096496582 2.6619081497192383 -2.1656203269958496
27.643568992614746 2.731234550476074 -2.2448501586914062
27.691949129104614 2.7521424293518066 -2.4814398288726807
27.714178562164307 2.702728509902954 -2.4470648765563965
27.761709928512573 2.6619081497192383 -2.571674108505249
27.804274320602417 2.7611658573150635 -2.7332751750946045
27.852799892425537 2.88749361038208 -2.797259569168091
27.88124442100525 2.7112221717834473 -2.7825701236724854
27.930262088775635 2.797259569168091 -2.9777278900146484
27.957247495651245 2.7890563011169434 -3.0679619312286377
28.00515055656433 2.6619081497192383 -2.9326107501983643
28.031455755233765 2.4693353176116943 -3.030547857284546
28.08156681060791 2.526556968688965 -3.113079071044922
28.107526540756226 2.282264471054077 -2.6564061641693115
28.157481908798218 2.3912057876586914 -2.4814398288726807
28.18916654586792 1.8907207250595093 -1.9977426528930664
28.238239288330078 1.6242151260375977 -1.5339809656143188
28.265067100524902 0.7304671406745911 -1.3878875970840454
28.31603693962097 0.04511708766222 -0.9925759434700012
28.342016458511353 0.0 -0.7002956867218018
28.39210343360901 -0.04511708766222 -0.09023417532444
28.418218851089478 -0.03408846631646156 0.0
28.467065811157227 0.0 0.04511708766222
28.493040084838867 0.03741417080163956 0.0
28.54222536087036 -0.04511708766222 0.04511708766222
28.57516384124756 0.0 -0.03741417080163956
28.623727083206177 0.0 0.0
28.650593280792236 0.03652335703372955 0.0
28.699386596679688 -0.04511708766222 0.04511708766222
28.725234746932983 0.03263789415359497 0.0
28.773627519607544 -0.04511708766222 -0.04511708766222
28.8005473613739 0.03741417080163956 0.03741417080163956
28.849199295043945 0.0 0.0
28.882036209106445 0.0 -0.03741417080163956
28.93160080909729 0.0 -0.04511708766222
28.95439338684082 0.0 0.0
29.003647327423096 0.0 0.0
29.04879355430603 -0.030679620802402496 0.0
29.095553398132324 0.0 0.0
29.118029832839966 0.03408846631646156 0.0
29.16657590866089 0.0 0.0
29.209330797195435 0.0 0.0
29.263220071792603 0.0 0.0
29.2947096824646 0.0 0.0
29.345754146575928 0.0 0.0
29.37286639213562 0.0 0.0
29.42549157142639 0.0 -0.043828029185533524
29.448073863983154 0.0 0.0
29.500972032546997 0.0 0.04511708766222
29.527602434158325 0.0 0.0
29.58146023750305 0.0 0.0
29.608680248260498 0.0 0.0
29.663116931915283 0.0 0.04511708766222
29.681524753570557 0.0 0.0
29.735953092575073 0.0 0.043828029185533524
29.765581130981445 0.03408846631646156 0.03408846631646156
29.815480947494507 0.0 0.13148409128189087
29.836787939071655 0.1966642290353775 0.27532991766929626
29.892009496688843 0.13148409128189087 0.30679619312286377
29.924646615982056 0.3263789415359497 0.4569305181503296
29.979778051376343 0.6135923862457275 0.3944522440433502
29.9969482421875 0.9203885793685913 0.5752428770065308
30.05115580558777 1.3586689233779907 0.8327325582504272
30.089695692062378 1.9884939193725586 1.3067245483398438
30.14338254928589 2.2352294921875 1.9284332990646362
30.160043716430664 2.5566349029541016 2.599245548248291
30.21326446533203 2.542025566101074 2.7611658573150635
30.234800338745117 3.001267194747925 3.4014360904693604
30.288100481033325 2.8926498889923096 3.6815543174743652
30.31526231765747 3.3065812587738037 4.2269697189331055
30.37378454208374 3.243274211883545 4.25131893157959
30.39625597000122 3.6387455463409424 4.5662689208984375
30.4511501789093 3.7253823280334473 4.90873908996582
30.483881950378418 3.9132168292999268 4.7897772789001465
30.53677535057068 3.9006946086883545 4.777255058288574
30.55341124534607 4.302629470825195 4.452286243438721
30.607227325439453 4.0321784019470215 4.514286994934082
30.650362730026245 4.471944808959961 4.185948371887207
30.705134868621826 4.25131893157959 4.119834899902344
30.730369806289673 4.567080020904541 4.183584690093994
30.783581495285034 4.207490921020508 4.119834899902344
30.804769039154053 4.741395950317383 4.323037147521973
30.858813285827637 4.295146942138672 3.9006946086883545
30.88581347465515 4.7042083740234375 4.431500434875488
30.93887495994568 4.426630973815918 4.163662910461426
30.965763330459595 4.71418571472168 4.452286243438721
31.021239280700684 4.558115005493164 4.163662910461426
31.040475606918335 4.670119762420654 4.36332368850708
31.096592903137207 4.558115005493164 4.119834899902344
31.121001720428467 4.7042083740234375 4.158792972564697
31.174783945083618 4.514286994934082 3.9445226192474365
31.200966835021973 4.486894607543945 3.9500010013580322
31.2541766166687 4.558115005493164 3.8568665981292725
31.275514125823975 4.497353553771973 4.288174152374268
31.333987712860107 4.68959903717041 3.8568665981292725
31.368306398391724 4.633901119232178 4.442153453826904
31.423457622528076 4.777255058288574 4.207490921020508
31.4394588470459 4.670119762420654 4.636031627655029
31.49665379524231 4.645771026611328 4.338974952697754
31.540125608444214 4.546161651611328 4.601943016052246
31.59416389465332 4.827528476715088 4.556826114654541
31.609863996505737 4.4897003173828125 4.901256561279297
31.663935661315918 4.511708736419678 4.7372941970825195
31.685420751571655 4.471391201019287 5.026235580444336
31.73860001564026 4.556826114654541 4.917762756347656
31.76528549194336 4.474111080169678 5.049354076385498
31.81892728805542 4.331240653991699 4.872645378112793
31.840291500091553 4.56359338760376 4.985438346862793
31.904695987701416 4.241006374359131 4.647059917449951
31.921327590942383 4.538027286529541 4.761732578277588
31.97694182395935 4.466591835021973 4.6921772956848145
31.997145175933838 4.492372989654541 4.674989700317383
32.05059838294983 4.647059917449951 4.782411575317383
32.07623076438904 4.735332489013672 4.735332489013672
32.129228830337524 4.872645378112793 4.827528476715088
32.15056228637695 4.870389461517334 4.640292644500732
32.20387506484985 5.143348217010498 4.827528476715088
32.237589597702026 5.002111911773682 4.635290622711182
32.291560888290405 5.143348217010498 4.827528476715088
32.311917781829834 5.013498783111572 4.564528942108154
32.371880531311035 5.188465118408203 4.782411575317383
32.39250159263611 4.863046169281006 4.601943016052246
32.44880676269531 5.098230838775635 4.827528476715088
32.47470211982727 4.804544448852539 4.804544448852539
32.53156852722168 4.962879657745361 5.098230838775635
32.5584442615509 5.101378440856934 4.994356632232666
32.61426305770874 5.098230838775635 5.2786993980407715
32.633617639541626 5.113269805908203 5.113269805908203
32.6872079372406 5.188465118408203 5.36893367767334
32.71386694908142 5.189424991607666 5.026235580444336
32.76688098907471 5.007996559143066 5.143348217010498
32.79374694824219 5.2155351638793945 4.90873908996582
32.848276138305664 5.05311393737793 5.233582019805908
32.8673369884491 5.2021965980529785 4.902069568634033
32.92379570007324 4.962879657745361 5.233582019805908
32.95068049430847 5.305017471313477 5.20914363861084
33.003984212875366 5.098230838775635 5.45916748046875
33.02841806411743 5.350226402282715 5.425054550170898
33.07871389389038 5.188465118408203 5.549401760101318
33.10554480552673 5.450528144836426 5.646355628967285
33.15933895111084 5.007996559143066 5.504284858703613
33.18655872344971 5.387640476226807 5.799196243286133
33.241793632507324 5.05311393737793 5.549401760101318
33.26073098182678 5.10215425491333 5.7024078369140625
33.31607246398926 5.188465118408203 5.2786993980407715
33.34928274154663 5.168848991394043 5.435628414154053
33.40514922142029 5.233582019805908 5.233582019805908
33.42632293701172 5.147358417510986 5.1814470291137695
33.48250651359558 5.188465118408203 5.098230838775635
33.502084732055664 5.189424991607666 5.156787395477295
33.5555260181427 5.323816299438477 5.143348217010498
33.58285474777222 5.058873653411865 5.124149322509766
33.640058517456055 5.36893367767334 5.36893367767334
33.66200876235962 5.137052536010742 5.24407434463501
33.7154746055603 5.45916748046875 5.549401760101318
33.7418258190155 5.20914363861084 5.305017471313477
33.79608988761902 5.549401760101318 5.639636039733887
33.81629800796509 5.275398254394531 5.237983703613281
33.87290668487549 5.414050579071045 5.36893367767334
33.897862672805786 5.222063064575195 5.222063064575195
33.954105615615845 5.639636039733887 5.323816299438477
33.97461152076721 5.18631649017334 5.259363651275635
34.028130531311035 5.45916748046875 5.323816299438477
34.05499768257141 5.483166217803955 5.417890548706055
34.11254119873047 5.594519138336182 5.45916748046875
34.129478454589844 5.612125396728516 5.649539947509766
34.18391728401184 5.549401760101318 5.549401760101318
34.21046781539917 5.7116312980651855 5.8421831130981445
34.263519287109375 5.594519138336182 5.820104598999023
34.286043882369995 5.537297248840332 5.98626708984375
34.33972716331482 5.414050579071045 5.955455780029297
34.373451471328735 5.417890548706055 5.7116312980651855
34.429296016693115 5.504284858703613 5.910338401794434
34.45049262046814 5.351889133453369 5.556419849395752
34.498647928237915 5.45916748046875 5.729870319366455
34.53652310371399 5.301653861999512 5.355477333068848
34.59199237823486 5.504284858703613 5.233582019805908
34.63856649398804 5.135501384735107 5.268891334533691
34.69198942184448 5.143348217010498 5.007996559143066
34.74274516105652 5.120789527893066 5.211023807525635
34.7985622882843 5.323816299438477 5.504284858703613
34.83115315437317 5.20914363861084 5.177186012268066
34.88040375709534 5.323816299438477 5.323816299438477
34.90208148956299 5.386770725250244 5.030030727386475
34.952401876449585 5.36893367767334 5.36893367767334
35.00059676170349 5.247829914093018 5.113269805908203
35.04898381233215 5.36893367767334 5.05311393737793
35.07120990753174 5.24407434463501 5.208400726318359
35.11920952796936 5.36893367767334 5.007996559143066
35.156646490097046 5.314148426055908 5.1497931480407715
35.205827713012695 5.233582019805908 4.782411575317383
35.25388479232788 5.504284858703613 5.098230838775635
35.27536058425903 5.3510966300964355 4.780313014984131
35.32238292694092 5.639636039733887 5.007996559143066
35.365622997283936 5.221435546875 4.926438808441162
35.41723442077637 5.36893367767334 5.098230838775635
35.442047357559204 5.2005696296691895 5.088327407836914
35.4904727935791 5.233582019805908 5.36893367767334
35.51772093772888 5.0650315284729 5.093974590301514
35.567256450653076 5.188465118408203 5.2786993980407715
35.61749839782715 4.917762756347656 4.872645378112793
35.63748264312744 4.95057487487793 4.811122417449951
35.68542718887329 4.7372941970825195 4.331240653991699
35.71240544319153 4.695860385894775 4.539331436157227
35.76086068153381 4.466591835021973 4.195888996124268
35.79395914077759 4.564528942108154 4.340044021606445
35.84194231033325 4.1507720947265625 4.286123275756836
35.86914324760437 4.414872169494629 4.003316402435303
35.91835594177246 4.241006374359131 4.241006374359131
35.94548678398132 4.079736709594727 3.9165472984313965
35.992586612701416 3.970303773880005 3.8800694942474365
36.02502918243408 3.5427656173706055 3.6523356437683105
36.0731086730957 3.2935473918914795 3.474015712738037
36.09469270706177 3.1427903175354004 2.993133544921875
36.14294958114624 2.616791009902954 2.7521424293518066
36.192198753356934 2.3460886478424072 2.3912057876586914
36.212369203567505 1.9523394107818604 2.0220658779144287
36.26263928413391 1.5339809656143188 1.6242151260375977
36.28984451293945 1.1338120698928833 0.7669904828071594
36.340996742248535 0.9474588632583618 0.18046835064888
36.3678765296936 0.6817693114280701 0.03408846631646156
36.421621561050415 0.4962879717350006 -0.04511708766222
36.44774866104126 0.2284652590751648 -0.03263789415359497
36.49817895889282 0.1353512704372406 0.0
36.52562975883484 0.0730467140674591 -0.0730467140674591
36.572646141052246 0.04511708766222 -0.09023417532444
36.59973192214966 0.03567397594451904 -0.10702192783355713
36.64904570579529 0.09023417532444 -0.3158196210861206
36.675220251083374 0.18261678516864777 -0.8035138845443726
36.72325587272644 0.4060537815093994 -1.2181613445281982
36.750325441360474 0.48638421297073364 -1.4217385053634644
36.799108028411865 0.5414050817489624 -1.44374680519104
36.83264899253845 0.523798406124115 -1.5339809656143188
36.87971091270447 0.4511708915233612 -1.4888639450073242
36.90649080276489 0.523798406124115 -1.6836377382278442
36.95608067512512 0.4962879717350006 -1.9400347471237183
36.98235774040222 0.6391587257385254 -2.1092238426208496
37.03105568885803 0.9023417830467224 -2.300971508026123
37.057907581329346 1.1598392724990845 -2.09519362449646
37.1058304309845 1.4888639450073242 -2.526556968688965
37.14052653312683 1.8707085847854614 -2.6189918518066406
37.18833613395691 2.255854368209839 -2.842376470565796
37.20830035209656 2.319678544998169 -2.993133544921875
37.26369333267212 2.6619081497192383 -3.3386645317077637
37.289433002471924 2.7742209434509277 -3.0026862621307373
37.344093322753906 2.9777278900146484 -3.5191328525543213
37.37003016471863 3.0314385890960693 -3.7253823280334473
37.427650928497314 3.3386645317077637 -3.383781671524048
37.449209213256836 3.263789415359497 -4.047098636627197
37.50501346588135 3.744718313217163 -3.970303773880005
37.532238721847534 3.8042728900909424 -4.141748905181885
37.58552527427673 4.195888996124268 -4.556826114654541
37.60813355445862 4.227801322937012 -4.377458095550537
37.662116050720215 4.105655193328857 -4.917762756347656
37.68822360038757 4.479224681854248 -4.663302421569824
37.742440938949585 4.286123275756836 -5.05311393737793
37.76831030845642 4.377458095550537 -4.452286243438721
37.8184552192688 4.195888996124268 -4.827528476715088
37.84442758560181 3.7859957218170166 -4.145012378692627
37.90000128746033 3.7898354530334473 -4.105655193328857
37.92710089683533 3.0679619312286377 -3.7253823280334473
37.98279142379761 2.88749361038208 -3.2033133506774902
38.004016160964966 1.9409555196762085 -2.660987377166748
38.05966806411743 1.139528751373291 -1.6216371059417725
38.09057283401489 0.5113270282745361 -0.954477071762085
38.14369487762451 0.09023417532444 -0.2255854457616806
38.16232109069824 0.0 0.0730467140674591
38.215935945510864 0.0 0.043828029185533524
38.25840377807617 0.0 0.0
38.308236598968506 0.0 0.04511708766222
38.330066442489624 0.0 0.0
38.383302211761475 0.0 0.0
38.41811990737915 0.03334741294384003 0.0
38.470526933670044 0.0 0.0
38.486621618270874 0.0 0.0
38.542786598205566 0.21914014220237732 0.043828029185533524
38.579466581344604 0.13223974406719208 0.026447948068380356
38.632911682128906 0.30679619312286377 0.21914014220237732
38.682345390319824 0.4511708915233612 0.3158196210861206
38.696980476379395 0.6972640752792358 0.604295551776886
38.751933574676514 0.7450764775276184 0.8765605688095093
38.768184661865234 0.9631973505020142 1.2129151821136475
38.820900678634644 0.9203885793685913 1.7531211376190186
38.84255933761597 1.0337698459625244 2.1342344284057617
38.89709401130676 0.9203885793685913 2.279057502746582
38.92416334152222 1.2783174514770508 2.7164247035980225
38.977476835250854 1.4901529550552368 2.9364778995513916
39.00428128242493 2.1092238426208496 3.2980592250823975
39.057655572891235 2.322885513305664 3.462414264678955
39.07925748825073 2.931608200073242 3.9883506298065186
39.1322922706604 3.0241339206695557 3.8130385875701904
39.158223152160645 3.5111119747161865 4.431500434875488
39.213303089141846 3.7692103385925293 4.076006889343262
39.23930335044861 4.103399276733398 4.601943016052246
39.29245328903198 3.9883506298065186 4.382802963256836
39.31405162811279 4.431500434875488 4.499677658081055
39.36811351776123 4.295146942138672 4.514286994934082
39.39493227005005 4.7019853591918945 4.301816463470459
39.452149868011475 4.470458984375 4.470458984375
39.47268319129944 4.7480363845825195 4.419326305389404
39.52679657936096 4.645771026611328 4.514286994934082
39.55501627922058 4.768680095672607 4.601943016052246
39.61136507987976 4.733427047729492 4.733427047729492
39.63743996620178 4.811122417449951 4.95057487487793
39.69409489631653 4.864911079406738 4.864911079406738
39.71427774429321 4.976916313171387 5.079181671142578
39.76803708076477 4.996395111083984 4.996395111083984
39.79637026786804 5.091511249542236 5.156787395477295
39.85019826889038 5.1278791427612305 5.040223121643066
39.87175941467285 5.076746463775635 5.18631649017334
39.92659330368042 4.996395111083984 5.1278791427612305
39.95949196815491 4.985438346862793 5.08131217956543
40.01269602775574 5.2786993980407715 5.2786993980407715
40.02827548980713 4.9760847091674805 4.901256561279297
40.08114504814148 5.233582019805908 5.2786993980407715
40.12414908409119 5.199935436248779 4.887939453125
40.17766833305359 5.233582019805908 5.007996559143066
40.19923806190491 5.36893367767334 4.741395950317383
40.25315475463867 5.233582019805908 5.05311393737793
40.28550314903259 5.432849407196045 4.889564514160156
40.343273878097534 5.143348217010498 5.098230838775635
40.357605934143066 5.253884792327881 5.13883638381958
40.41506886482239 5.188465118408203 5.36893367767334
40.45068359375 5.103972911834717 5.2992072105407715
40.50506138801575 5.323816299438477 5.233582019805908
40.52070331573486 4.96717643737793 5.441980361938477
40.574443340301514 5.143348217010498 5.143348217010498
40.60651922225952 4.659829139709473 5.41234827041626
40.660820960998535 4.782411575317383 5.188465118408203
40.710126876831055 4.200747966766357 5.2155351638793945
40.763774156570435 4.195888996124268 5.36893367767334
40.78498363494873 3.9542620182037354 5.045093059539795
40.83895397186279 4.105655193328857 5.233582019805908
40.86617660522461 4.268468856811523 4.802027702331543
40.91954040527344 4.331240653991699 4.917762756347656
40.940478801727295 4.601943016052246 4.455849647521973
40.995664834976196 4.647059917449951 4.647059917449951
41.02931451797485 4.902069568634033 4.601943016052246
41.08376979827881 4.782411575317383 4.917762756347656
41.10430407524109 4.815986633300781 4.780313014984131
41.153369665145874 4.7372941970825195 5.05311393737793
41.17973589897156 4.7977705001831055 5.124149322509766
41.23560452461243 4.917762756347656 5.414050579071045
41.26134204864502 5.003699779510498 5.259363651275635
41.31500577926636 5.143348217010498 5.549401760101318
41.33835172653198 5.319976806640625 5.417890548706055
41.39203143119812 5.323816299438477 5.820104598999023
41.41740608215332 5.402280807495117 5.46897554397583
41.47438621520996 5.36893367767334 6.045690059661865
41.495994329452515 5.4541544914245605 5.692773818969727
41.54918360710144 5.504284858703613 5.910338401794434
41.57616448402405 5.435628414154053 5.969186782836914
41.63000297546387 5.684752941131592 5.639636039733887
41.65664315223694 5.478503704071045 5.880260467529297
41.71024298667908 5.77498722076416 5.549401760101318
41.73158526420593 5.5690178871154785 5.635712623596191
41.786168813705444 6.000572681427002 5.594519138336182
41.81224179267883 5.535670757293701 5.435628414154053
41.86696457862854 5.8652215003967285 5.549401760101318
41.88759136199951 5.661120414733887 5.1497931480407715
41.941372871398926 5.729870319366455 5.323816299438477
41.97353672981262 5.809545040130615 4.9609599113464355
42.02253437042236 5.77498722076416 5.098230838775635
42.042625427246094 5.836610794067383 4.7515997886657715
42.09658360481262 5.77498722076416 4.872645378112793
42.12404823303223 5.902492046356201 4.83537483215332
42.18212127685547 5.729870319366455 5.188465118408203
42.20184636116028 5.551550388336182 4.894129753112793
42.25815391540527 5.729870319366455 5.323816299438477
42.283663272857666 5.321974754333496 5.228057861328125
42.337464332580566 5.639636039733887 5.504284858703613
42.36058592796326 5.405457019805908 5.295886993408203
42.413413763046265 5.639636039733887 5.594519138336182
42.43950939178467 5.417890548706055 5.189424991607666
42.49471426010132 5.45916748046875 5.414050579071045
42.51598525047302 5.458118438720703 5.279748439788818
42.56995940208435 5.323816299438477 5.414050579071045
42.59619617462158 5.135501384735107 5.335586071014404
42.652217388153076 5.05311393737793 5.414050579071045
42.67257261276245 4.9760847091674805 5.387640476226807
42.72624588012695 5.007996559143066 5.36893367767334
42.75837588310242 4.825648784637451 5.336975574493408
42.811545848846436 5.05311393737793 5.2786993980407715
42.83253526687622 4.870389461517334 5.675729751586914
42.886027812957764 4.962879657745361 5.504284858703613
42.907408714294434 4.668637752532959 5.7024078369140625
42.956740856170654 4.782411575317383 5.549401760101318
43.00850796699524 4.601943016052246 6.045690059661865
43.03119874000549 4.71418571472168 5.387640476226807
43.08384728431702 4.514286994934082 5.741471767425537
43.09863066673279 4.9609599113464355 5.581079959869385
43.14857316017151 4.872645378112793 5.414050579071045
43.19818091392517 5.204578399658203 5.533288478851318
43.24689030647278 5.414050579071045 5.414050579071045
43.268256187438965 5.3510966300964355 5.565140247344971
43.31750988960266 5.45916748046875 5.36893367767334
43.360026359558105 5.2747416496276855 5.382389545440674
43.40904211997986 5.45916748046875 5.36893367767334
43.434826612472534 5.045093059539795 4.738296985626221
43.48712134361267 5.323816299438477 4.962879657745361
43.51804232597351 5.090027809143066 4.636806011199951
43.56573700904846 5.143348217010498 4.6921772956848145
43.58948993682861 4.955938816070557 4.641275882720947
43.63625502586365 5.414050579071045 4.782411575317383
43.68478584289551 5.143348217010498 4.962879657745361
43.70676565170288 5.467265605926514 4.71994161605835
43.76002287864685 5.084051132202148 4.996395111083984
43.77643156051636 5.417890548706055 4.895684242248535
43.82464361190796 5.2786993980407715 4.962879657745361
43.87344002723694 5.2713165283203125 4.769286155700684
43.9239227771759 5.188465118408203 4.917762756347656
43.94643473625183 5.147358417510986 4.90873908996582
43.99894404411316 5.143348217010498 5.143348217010498
44.04021120071411 5.005622386932373 5.220917701721191
44.0897011756897 5.098230838775635 5.36893367767334
44.11693477630615 4.863046169281006 5.515803813934326
44.16636872291565 5.143348217010498 5.188465118408203
44.19961094856262 4.784559726715088 5.515027046203613
44.25502276420593 5.323816299438477 5.233582019805908
44.27089977264404 4.95057487487793 5.264343738555908
44.321592807769775 5.233582019805908 4.962879657745361
44.37081861495972 5.1497931480407715 5.23197078704834
44.427741289138794 5.1278791427612305 4.952567100524902
44.44377899169922 4.938670635223389 5.2005696296691895
44.49501919746399 5.098230838775635 4.872645378112793
44.521703004837036 4.601943016052246 4.71994161605835
44.569687604904175 4.556826114654541 4.421474456787109
44.60347032546997 4.003316402435303 4.227801322937012
44.656288385391235 4.0321784019470215 3.6815543174743652
44.6720290184021 3.8733019828796387 3.758253335952759
44.72722816467285 3.199446201324463 3.287102222442627
44.771076917648315 3.2980592250823975 2.837864875793457
44.824233055114746 2.542025566101074 2.410541534423828
44.85053610801697 1.9523394107818604 1.8826130628585815
44.90736722946167 0.8121075630187988 1.3535126447677612
44.92918062210083 0.0 0.4001689553260803
44.97997426986694 -0.09023417532444 -0.04511708766222
45.01370310783386 -0.10579179227352142 -0.13223974406719208
45.0684552192688 0.0 -0.18046835064888
45.11806845664978 0.043828029185533524 -0.1753121167421341
45.13534879684448 0.03486320376396179 -0.17431601881980896
45.190762519836426 0.04511708766222 -0.18046835064888
45.22959923744202 0.07190535962581635 -0.31158989667892456
45.28245973587036 0.1753121167421341 -0.5697643756866455
45.33246827125549 0.2255854457616806 -0.857224702835083
45.34815073013306 0.4648427367210388 -1.208591103553772
45.40274000167847 0.5697643756866455 -1.8846051692962646
45.42065691947937 0.9791368246078491 -2.4152040481567383
45.475669622421265 1.3586689233779907 -2.7173378467559814
45.50062680244446 1.8066887855529785 -3.374758243560791
45.553823709487915 1.9722613096237183 -3.7253823280334473
45.580023765563965 2.359970808029175 -3.657954692840576
45.633859395980835 2.147573471069336 -4.076006889343262
45.655179262161255 2.6077675819396973 -3.758253335952759
45.709275007247925 2.45436954498291 -3.8568665981292725
45.73635816574097 2.692988872528076 -4.056527614593506
45.79250502586365 2.8926498889923096 -3.8130385875701904
45.81436085700989 3.3236255645751953 -4.346279621124268
45.869253635406494 3.374758243560791 -3.593898296356201
45.896076679229736 4.026700019836426 -4.282363414764404
45.95233702659607 3.9445226192474365 -3.8568665981292725
45.97436165809631 4.419326305389404 -3.907999277114868
46.03172826766968 4.295146942138672 -3.9006946086883545
46.056719064712524 4.633901119232178 -3.7710366249084473
46.11464881896973 4.558115005493164 -4.119834899902344
46.14035940170288 4.85166072845459 -4.1025071144104
46.19518446922302 4.864911079406738 -4.076006889343262
46.21662902832031 5.113269805908203 -4.633901119232178
46.27374815940857 5.084051132202148 -4.0321784019470215
46.29734420776367 5.335586071014404 -4.635290622711182
46.35430574417114 4.777255058288574 -3.6815543174743652
46.37209749221802 4.870389461517334 -3.9500010013580322
46.426738262176514 4.25131893157959 -3.199446201324463
46.45934176445007 3.601520538330078 -2.801182746887207
46.51432394981384 2.410541534423828 -2.103745460510254
46.537033557891846 1.8992146253585815 -1.5705043077468872
46.5892870426178 1.183356761932373 -1.095700740814209
46.609673500061035 0.7158578038215637 -0.8863001465797424
46.66392636299133 0.1753121167421341 -0.26296818256378174
46.68919634819031 -0.03408846631646156 -0.03408846631646156
46.74238872528076 -0.043828029185533524 0.0
46.76809120178223 0.0 0.0
46.816394567489624 0.0 0.0
46.843013048172 0.03486320376396179 0.0
46.89703369140625 0.0 0.0
46.91761565208435 0.11799854040145874 0.0
46.97266387939453 0.0 0.0
47.00100517272949 0.0 0.0
47.05986738204956 0.0 0.0
47.082942962646484 0.0 0.0
47.13740110397339 0.0 0.0
47.15912199020386 0.0 0.0
47.21361422538757 0.0 0.0
47.238365173339844 0.0 0.0
47.29285669326782 0.0 0.0
47.31493020057678 0.0 0.0
47.36817383766174 0.0 0.0
47.39489507675171 0.0 0.0
47.449299573898315 0.0 0.0
47.47640037536621 0.0 0.0
47.53233456611633 0.0 0.0
47.554734230041504 0.0 0.0
47.60837388038635 0.0 0.0
47.6418731212616 0.0 0.0
47.69721221923828 0.0 0.0
47.71865105628967 0.0 0.0
47.7731409072876 0.0 0.0
47.79444432258606 0.0 0.0
47.848010778427124 0.0 0.0
47.880279779434204 0.0 0.0
47.934600830078125 0.0 0.0
47.95612359046936 0.0 0.0
48.01300597190857 0.0 0.0
48.032909870147705 0.0 0.0
48.08644914627075 0.0 0.0
48.119001388549805 0.0 0.0
48.172719955444336 0.0 0.0
48.19736313819885 0.0 0.0
48.24873113632202 0.0 0.0
48.2687304019928 0.0 0.0
48.32138276100159 0.0 0.0
48.35029101371765 0.0 0.0
48.403480768203735 0.0 0.0
48.43005156517029 0.0 0.0
48.48243284225464 0.0 0.0
48.506025314331055 0.0 0.0
48.56013321876526 0.0 0.0
48.58722162246704 0.0 0.0
48.641393423080444 0.0 0.0
48.66721057891846 0.0 0.0
48.72376799583435 0.0 0.0
48.74265098571777 0.0 0.0
48.796900033950806 0.0 0.0
48.823986530303955 0.0 0.0
48.87795805931091 0.0 0.0
48.90504264831543 0.0 0.0
48.95867848396301 0.0 0.0
48.97966384887695 0.0 0.0
49.03306484222412 0.0 0.0
49.05993580818176 0.0 0.0
49.11253762245178 0.0 0.0
49.13447427749634 0.0 0.0
49.18760085105896 0.0 0.0
49.221325159072876 0.0 0.0
49.2742760181427 0.0 0.0
