0.05348348617553711 0.0 0.0
0.09156203269958496 0.0 0.0
0.12834930419921875 0.0 0.0
0.15785598754882812 0.0 0.0
0.19245481491088867 0.0 0.0
0.22946691513061523 0.0 0.0
0.25780606269836426 0.0 0.0
0.29353952407836914 0.0 0.0
0.32937002182006836 0.0 0.0
0.3648674488067627 0.0 0.0
0.3943924903869629 0.0 0.0
0.4266502857208252 0.0 0.0
0.4626495838165283 0.0 0.0
0.49918413162231445 0.0 0.0
0.5307128429412842 0.0 0.0
0.5633459091186523 0.0 0.0
0.6013944149017334 0.0 0.0
0.6371598243713379 0.0 0.0
0.6640992164611816 0.0 0.0
0.6954677104949951 0.0 0.0
0.734649658203125 0.0 0.0
0.7704873085021973 0.0 0.0
0.8088762760162354 0.0 0.0
0.8356208801269531 0.0 0.0
0.8699195384979248 0.0 0.0
0.9077155590057373 0.0 0.0
0.9430468082427979 0.0 0.0
0.9802606105804443 0.0 0.0
1.021864891052246 0.0 0.0
1.037184476852417 0.0 0.0
1.0690317153930664 0.0 0.0
1.1051990985870361 0.0 0.0
1.1424849033355713 0.0 0.0
1.1779100894927979 0.0 0.0
1.2155451774597168 0.0 0.0
1.2433831691741943 0.0 0.0
1.2757899761199951 0.0 0.0
1.315732717514038 0.0 0.0
1.35056734085083 0.0 0.0
1.374925136566162 0.0 0.0
1.4113094806671143 0.0 0.0
1.4468553066253662 0.0 0.0
1.4834191799163818 0.0 0.0
1.5205254554748535 0.0 0.0
1.554741382598877 0.0 0.0
1.5839059352874756 0.0 0.0
1.6227269172668457 0.0 0.0
1.6571564674377441 0.0 0.0
1.6932532787322998 0.0 0.0
1.7168805599212646 0.0 0.0
1.7534091472625732 0.0 0.0
1.7907955646514893 0.0 0.0
1.8293445110321045 0.0 0.0
1.850609302520752 0.0 0.0
1.8886935710906982 0.0 0.0
1.9246671199798584 0.0 0.0
1.9608986377716064 0.0 0.0
1.9972882270812988 0.0 0.0
2.0264101028442383 0.0 0.0
2.062265396118164 0.0 0.0
2.098566770553589 0.0 0.0
2.136030435562134 0.0 0.0
2.15946102142334 0.0 0.0
2.1960458755493164 0.0 0.0
2.232119560241699 0.0 0.04511708766222
2.268963575363159 0.0 0.0
2.2992358207702637 0.0 0.0
2.335022211074829 0.0 0.0
2.3707337379455566 0.0 0.0
2.406639337539673 0.09023417532444 0.09023417532444
2.4305362701416016 0.1353512704372406 0.09023417532444
2.467175245285034 0.1353512704372406 0.09023417532444
2.5042121410369873 0.04511708766222 0.2255854457616806
2.5418193340301514 0.0 0.3158196210861206
2.5701451301574707 0.04648427292704582 0.4648427367210388
2.6060712337493896 0.0 0.4511708915233612
2.6345109939575195 0.04511708766222 0.6316392421722412
2.6750028133392334 0.04511708766222 0.6316392421722412
2.707200527191162 0.04511708766222 0.4962879717350006
2.749241352081299 0.1353512704372406 0.4962879717350006
2.7682693004608154 0.27890563011169434 0.3718741834163666
2.805175304412842 0.4060537815093994 0.4060537815093994
2.8455567359924316 0.6316392421722412 0.3158196210861206
2.881601095199585 0.857224702835083 0.3158196210861206
2.904815673828125 1.2181613445281982 0.36093670129776
2.941495180130005 1.4888639450073242 0.4511708915233612
2.978238821029663 1.8949177265167236 0.5414050817489624
3.0138750076293945 2.300971508026123 0.8121075630187988
3.049849510192871 2.300971508026123 1.1730443239212036
3.086292028427124 2.526556968688965 1.4888639450073242
3.1103081703186035 2.6735098361968994 1.7969491481781006
3.1463146209716797 2.88749361038208 2.2107372283935547
3.1837964057922363 2.9777278900146484 2.526556968688965
3.2185049057006836 2.797259569168091 2.4363226890563965
3.2552618980407715 2.88749361038208 2.88749361038208
3.2790462970733643 2.972088098526001 3.0200250148773193
3.3182179927825928 2.88749361038208 3.113079071044922
3.355036973953247 2.9326107501983643 3.113079071044922
3.3919153213500977 3.0228450298309326 3.428898811340332
3.419891357421875 2.9803059101104736 3.243274211883545
3.457338809967041 3.0228450298309326 3.6544840335845947
3.491507053375244 3.113079071044922 3.699601173400879
3.5162065029144287 3.115898847579956 3.8349525928497314
3.5525009632110596 3.2033133506774902 3.8349525928497314
3.5892064571380615 3.0679619312286377 3.8800694942474365
3.625602960586548 3.158196210861206 3.8800694942474365
3.661471366882324 3.2033133506774902 3.8800694942474365
3.686265707015991 3.1144461631774902 3.997647523880005
3.722463369369507 3.2484302520751953 3.8800694942474365
3.7588295936584473 3.2033133506774902 3.699601173400879
3.795232057571411 3.158196210861206 3.8800694942474365
3.8315353393554688 3.2484302520751953 3.5191328525543213
3.855335235595703 3.2074148654937744 3.672257661819458
3.892305374145508 3.2033133506774902 3.2935473918914795
3.928044557571411 3.2033133506774902 3.2484302520751953
3.9663074016571045 3.2935473918914795 3.0228450298309326
4.000471353530884 3.158196210861206 3.0228450298309326
4.027440547943115 3.2033133506774902 2.88749361038208
4.060497522354126 3.2033133506774902 2.9326107501983643
4.0974602699279785 3.383781671524048 2.9326107501983643
4.1340906620025635 3.2935473918914795 2.9777278900146484
4.171104907989502 3.2935473918914795 2.88749361038208
4.1948082447052 3.2484302520751953 3.0228450298309326
4.232172966003418 3.383781671524048 3.0679619312286377
4.268894195556641 3.383781671524048 3.113079071044922
4.306183338165283 3.158196210861206 3.158196210861206
4.331092119216919 3.4863204956054688 3.253899097442627
4.368103981018066 3.383781671524048 3.2484302520751953
4.403711318969727 3.3386645317077637 3.2033133506774902
4.44031834602356 3.2935473918914795 3.2484302520751953
4.464584589004517 3.499394178390503 3.115898847579956
4.5010223388671875 3.383781671524048 3.2935473918914795
4.5296947956085205 3.253899097442627 3.160930633544922
4.566395282745361 3.5191328525543213 3.2484302520751953
4.600996494293213 3.474015712738037 3.2484302520751953
4.630035400390625 3.3003833293914795 3.3003833293914795
4.66653299331665 3.3386645317077637 3.474015712738037
4.703763008117676 3.383781671524048 3.474015712738037
4.735203504562378 3.462414264678955 3.506242275238037
4.771024227142334 3.3386645317077637 3.6093671321868896
4.806600332260132 3.5191328525543213 3.699601173400879
4.830162286758423 3.3386645317077637 3.699601173400879
4.8677284717559814 3.2935473918914795 3.7898354530334473
4.902933359146118 3.2935473918914795 3.744718313217163
4.939366340637207 3.3386645317077637 3.699601173400879
4.975725173950195 3.3386645317077637 3.744718313217163
4.999319791793823 3.158196210861206 3.6544840335845947
5.035888910293579 3.3386645317077637 3.5191328525543213
5.071228981018066 3.2484302520751953 3.2935473918914795
5.107763051986694 3.2033133506774902 3.383781671524048
5.143996715545654 3.2935473918914795 3.158196210861206
5.1683573722839355 3.2484302520751953 3.2033133506774902
5.205120325088501 3.428898811340332 3.3386645317077637
5.240692377090454 3.2484302520751953 3.2935473918914795
5.276495933532715 3.5191328525543213 3.2484302520751953
5.301878213882446 3.4863204956054688 3.3003833293914795
5.339915037155151 3.2935473918914795 3.3386645317077637
5.375017404556274 3.5191328525543213 3.2935473918914795
5.404947996139526 3.428898811340332 3.428898811340332
5.440449953079224 3.428898811340332 3.383781671524048
5.477801084518433 3.2484302520751953 3.383781671524048
5.51488471031189 3.5642499923706055 3.2484302520751953
5.543288469314575 3.2935473918914795 3.5191328525543213
5.580178499221802 3.2484302520751953 3.2033133506774902
5.61634373664856 3.383781671524048 3.2484302520751953
5.641117811203003 3.2935473918914795 3.2033133506774902
5.677344560623169 3.3386645317077637 3.2484302520751953
5.714057445526123 3.2935473918914795 3.2033133506774902
5.750635862350464 3.3386645317077637 3.2484302520751953
5.787775278091431 3.383781671524048 3.2033133506774902
5.813996315002441 3.158196210861206 3.2484302520751953
5.850796461105347 3.6093671321868896 3.2484302520751953
5.8877458572387695 3.5642499923706055 3.3386645317077637
5.923701047897339 3.474015712738037 3.474015712738037
5.948814630508423 3.672257661819458 3.6257731914520264
5.983654975891113 3.699601173400879 3.474015712738037
6.020346403121948 3.6093671321868896 3.699601173400879
6.056651830673218 3.7898354530334473 3.7898354530334473
6.092662334442139 3.7898354530334473 3.5642499923706055
6.119120121002197 3.7187418937683105 3.765226125717163
6.152964353561401 3.5191328525543213 3.5642499923706055
6.189678192138672 3.744718313217163 3.474015712738037
6.224668741226196 3.744718313217163 3.474015712738037
6.261134386062622 3.699601173400879 3.5642499923706055
6.2846455574035645 3.765226125717163 3.5328047275543213
6.32588005065918 3.699601173400879 3.474015712738037
6.359611988067627 3.6544840335845947 3.699601173400879
6.399722337722778 3.7253823280334473 3.7253823280334473
6.430852890014648 3.7898354530334473 3.7898354530334473
6.455619812011719 3.672257661819458 4.044131755828857
6.49130392074585 3.5191328525543213 3.7898354530334473
6.528692245483398 3.6093671321868896 3.8349525928497314
6.554777383804321 3.3003833293914795 3.7187418937683105
6.587336540222168 3.474015712738037 3.7898354530334473
6.622968673706055 3.2935473918914795 3.6544840335845947
6.659538269042969 3.428898811340332 3.8349525928497314
6.696605205535889 3.2033133506774902 3.6093671321868896
6.73505163192749 3.5191328525543213 3.744718313217163
6.765750408172607 3.374758243560791 3.637726306915283
6.797879219055176 3.428898811340332 3.699601173400879
6.835918664932251 3.6093671321868896 3.699601173400879
6.86370062828064 3.744718313217163 3.9251866340637207
6.895301818847656 3.5642499923706055 3.970303773880005
6.931752443313599 3.8800694942474365 4.015420913696289
6.96769642829895 3.8349525928497314 4.241006374359131
7.00463604927063 3.744718313217163 4.195888996124268
7.033739805221558 4.119834899902344 4.295146942138672
7.065518856048584 4.060537815093994 4.376357555389404
7.101054906845093 4.015420913696289 4.105655193328857
7.137016296386719 4.195888996124268 4.511708736419678
7.172725439071655 4.1507720947265625 4.105655193328857
7.206325054168701 3.997647523880005 3.997647523880005
7.236744165420532 4.241006374359131 4.105655193328857
7.273632526397705 4.105655193328857 3.8800694942474365
7.313852787017822 4.286123275756836 3.8800694942474365
7.338915586471558 4.195888996124268 4.060537815093994
7.380391836166382 4.195888996124268 3.970303773880005
7.415641784667969 4.286123275756836 4.105655193328857
7.440561771392822 4.421474456787109 4.105655193328857
7.473346471786499 4.015420913696289 3.9251866340637207
7.509497880935669 4.376357555389404 4.060537815093994
7.545845985412598 4.1507720947265625 4.060537815093994
7.581717491149902 3.8800694942474365 3.8349525928497314
7.614408731460571 4.105655193328857 3.8800694942474365
7.647125959396362 3.744718313217163 3.699601173400879
7.684066295623779 3.5191328525543213 3.699601173400879
7.7202818393707275 3.699601173400879 3.5642499923706055
7.748688697814941 3.744718313217163 3.5642499923706055
7.78970193862915 3.474015712738037 3.5642499923706055
7.827073812484741 3.744718313217163 3.474015712738037
7.846441268920898 3.5642499923706055 3.474015712738037
7.887977838516235 3.6544840335845947 3.5642499923706055
7.923900842666626 3.744718313217163 3.699601173400879
7.962337017059326 3.8800694942474365 3.699601173400879
7.985369443893433 3.6544840335845947 4.015420913696289
8.018954515457153 3.8349525928497314 3.7898354530334473
8.055514335632324 3.7898354530334473 3.9251866340637207
8.092166662216187 3.6544840335845947 4.105655193328857
8.127982378005981 3.970303773880005 4.105655193328857
8.156026124954224 3.9445226192474365 4.338974952697754
8.197486400604248 4.1371002197265625 4.462490081787109
8.233412742614746 4.286123275756836 4.421474456787109
8.257137537002563 4.119834899902344 4.426630973815918
8.292119979858398 4.376357555389404 4.511708736419678
8.329016923904419 4.421474456787109 4.827528476715088
8.366652965545654 4.421474456787109 4.601943016052246
8.402469635009766 4.359735488891602 4.723046779632568
8.439170122146606 4.556826114654541 4.827528476715088
8.467288255691528 4.331240653991699 4.6921772956848145
8.499722719192505 4.466591835021973 5.007996559143066
8.535848617553711 4.511708736419678 4.6921772956848145
8.571414947509766 4.376357555389404 4.962879657745361
8.599738121032715 4.462490081787109 4.694911479949951
8.638138771057129 4.241006374359131 4.511708736419678
8.673616886138916 4.331240653991699 4.647059917449951
8.709559440612793 4.286123275756836 4.376357555389404
8.738353729248047 4.163662910461426 4.382802963256836
8.77411699295044 4.286123275756836 4.376357555389404
8.810821294784546 4.241006374359131 4.241006374359131
8.847623825073242 4.1507720947265625 4.421474456787109
8.885876655578613 4.195888996124268 4.105655193328857
8.904173135757446 4.195888996124268 4.1507720947265625
8.940847396850586 3.8349525928497314 3.970303773880005
8.978231191635132 3.970303773880005 3.9251866340637207
9.013981819152832 3.8800694942474365 3.6093671321868896
9.037423610687256 3.672257661819458 3.672257661819458
9.074431657791138 3.699601173400879 3.5642499923706055
9.1090829372406 3.7898354530334473 3.5191328525543213
9.14629578590393 3.474015712738037 3.474015712738037
9.182132244110107 3.474015712738037 3.6093671321868896
9.219058513641357 3.5642499923706055 3.2935473918914795
9.241852283477783 3.428898811340332 3.6093671321868896
9.27796220779419 3.6544840335845947 3.6544840335845947
9.316131114959717 3.744718313217163 3.8800694942474365
9.353673696517944 3.8349525928497314 4.015420913696289
9.395867586135864 4.015420913696289 4.1507720947265625
9.418031692504883 4.25131893157959 3.9883506298065186
9.455375909805298 4.286123275756836 4.331240653991699
9.491336584091187 4.466591835021973 4.466591835021973
9.528222560882568 4.466591835021973 4.421474456787109
9.56405782699585 4.6921772956848145 4.647059917449951
9.584609508514404 4.782411575317383 4.376357555389404
9.621196031570435 4.647059917449951 4.556826114654541
9.658541440963745 4.782411575317383 4.421474456787109
9.695246696472168 4.827528476715088 4.105655193328857
9.732405185699463 4.872645378112793 4.511708736419678
9.76869249343872 4.7372941970825195 4.105655193328857
9.792752265930176 4.7372941970825195 4.105655193328857
9.829731941223145 4.827528476715088 4.195888996124268
9.866719245910645 4.421474456787109 3.9251866340637207
9.901503801345825 4.6921772956848145 4.015420913696289
9.922002792358398 4.462490081787109 4.044131755828857
9.961426019668579 4.1507720947265625 3.8800694942474365
9.998714208602905 4.195888996124268 3.8800694942474365
10.034646034240723 3.970303773880005 3.699601173400879
10.07028079032898 4.060537815093994 3.7898354530334473
10.10627818107605 4.060537815093994 3.5191328525543213
10.13013744354248 4.0321784019470215 3.506242275238037
10.166835308074951 4.105655193328857 3.5191328525543213
10.202954053878784 4.286123275756836 3.3386645317077637
10.240118980407715 4.195888996124268 3.6093671321868896
10.276349067687988 4.466591835021973 3.6093671321868896
10.31422209739685 4.286123275756836 3.474015712738037
10.336071252822876 4.286123275756836 3.7898354530334473
10.372258186340332 4.195888996124268 3.699601173400879
10.409217357635498 4.1507720947265625 3.7898354530334473
10.445793151855469 4.015420913696289 3.8800694942474365
10.481762886047363 4.015420913696289 4.015420913696289
10.505907773971558 3.7187418937683105 3.765226125717163
10.542678356170654 3.474015712738037 4.060537815093994
10.579092979431152 3.474015712738037 3.8349525928497314
10.60740041732788 3.428898811340332 3.383781671524048
10.644371747970581 2.9364778995513916 3.287102222442627
10.680706977844238 2.842376470565796 3.5191328525543213
10.716794967651367 2.616791009902954 3.158196210861206
10.753795146942139 2.4814398288726807 2.797259569168091
10.779706716537476 2.0453081130981445 2.4636664390563965
10.8176748752594 1.6693322658538818 2.2107372283935547
10.854235172271729 1.0828101634979248 1.7595664262771606
10.878976821899414 0.604295551776886 1.2550753355026245
10.914068222045898 0.2707025408744812 0.7669904828071594
10.950676918029785 0.04511708766222 0.1353512704372406
10.988224029541016 -0.04511708766222 0.0
11.012061357498169 -0.09296854585409164 0.0
11.047945499420166 0.04511708766222 0.04511708766222
11.084917783737183 0.0 0.04511708766222
11.121226787567139 0.0 0.0
11.157975196838379 0.0 0.0
11.185894250869751 0.0 0.0
11.222326040267944 0.0 0.0
11.2577223777771 0.0 0.0
11.282341957092285 0.0 0.0
11.320120096206665 0.0 0.0
11.357163906097412 0.09023417532444 0.0
11.394001722335815 0.0 0.0
11.419356346130371 -0.04511708766222 0.0
11.456034421920776 0.0 0.0
11.491802453994751 0.0 -0.04511708766222
11.529070377349854 0.04511708766222 0.09023417532444
11.564991474151611 0.0 0.0
11.593222856521606 -0.04511708766222 0.0
11.629882335662842 -0.04511708766222 0.04511708766222
11.666743040084839 0.0 0.0
11.690905570983887 0.04648427292704582 0.0
11.726079225540161 0.0 0.0
11.763020992279053 0.0 -0.04511708766222
11.800139904022217 0.04511708766222 -0.09023417532444
11.837169170379639 0.0 -0.09023417532444
11.861141681671143 0.0 -0.1438107192516327
11.8987877368927 0.04511708766222 -0.18046835064888
11.926494359970093 0.04648427292704582 -0.1859370917081833
11.962224245071411 0.04511708766222 -0.18046835064888
11.998648881912231 0.0 -0.2707025408744812
12.034942865371704 0.09023417532444 -0.36093670129776
12.063316822052002 0.043828029185533524 -0.48210832476615906
12.100394248962402 0.04511708766222 -0.6767563223838806
12.13634204864502 0.1353512704372406 -0.9925759434700012
12.164506673812866 0.1859370917081833 -1.3945281505584717
12.200145244598389 0.2255854457616806 -2.0753860473632812
12.23708963394165 0.3158196210861206 -2.526556968688965
12.268373489379883 0.4962879717350006 -2.6619081497192383
12.303996801376343 0.6316392421722412 -3.113079071044922
12.342637300491333 0.8121075630187988 -3.699601173400879
12.378704309463501 0.9925759434700012 -3.3386645317077637
12.397967100143433 1.3480439186096191 -3.2074148654937744
12.43599271774292 1.579098105430603 -3.158196210861206
12.472205877304077 1.6242151260375977 -2.9326107501983643
12.509016036987305 1.714449405670166 -2.616791009902954
12.536187648773193 1.8407771587371826 -2.0160892009735107
12.573116302490234 1.714449405670166 -1.308395504951477
12.609891653060913 1.8949177265167236 -0.5865221619606018
12.6448392868042 2.0753860473632812 -0.3158196210861206
12.681083679199219 2.2107372283935547 -0.1353512704372406
12.718005895614624 2.3912057876586914 -0.04511708766222
12.74187970161438 2.6619081497192383 -0.09023417532444
12.778906106948853 2.9326107501983643 -0.09023417532444
12.815865278244019 2.9777278900146484 -0.1353512704372406
12.844210863113403 3.2935473918914795 -0.2707025408744812
12.883796215057373 3.5642499923706055 -0.4962879717350006
12.919292449951172 3.7898354530334473 -0.5865221619606018
12.956284523010254 3.699601173400879 -0.857224702835083
12.975704193115234 3.930826425552368 -0.9587381482124329
13.013758659362793 3.970303773880005 -1.0828101634979248
13.048404455184937 3.6544840335845947 -1.2181613445281982
13.085353374481201 3.8349525928497314 -1.3535126447677612
13.112928867340088 3.6093671321868896 -1.3535126447677612
13.149805307388306 3.428898811340332 -1.1730443239212036
13.186016321182251 3.6544840335845947 -0.9925759434700012
13.221638917922974 3.474015712738037 -0.9023417830467224
13.257737636566162 3.383781671524048 -0.9925759434700012
13.281227111816406 3.1144461631774902 -1.1621068716049194
13.321600437164307 3.158196210861206 -1.3986297845840454
13.357996225357056 2.9326107501983643 -1.6242151260375977
13.395274639129639 2.616791009902954 -1.7595664262771606
13.414692401885986 2.4927191734313965 -1.9174762964248657
13.451342344284058 2.1205031871795654 -1.9400347471237183
13.487610340118408 2.030268907546997 -1.9851518869400024
13.524863243103027 1.9851518869400024 -1.9400347471237183
13.553419351577759 1.6693322658538818 -2.0753860473632812
13.589431047439575 1.579098105430603 -2.1205031871795654
13.627453804016113 1.308395504951477 -2.0753860473632812
13.660984516143799 0.8121075630187988 -2.0753860473632812
13.698447704315186 0.5865221619606018 -1.8949177265167236
13.726446151733398 0.4511708915233612 -2.030268907546997
13.76371693611145 0.4060537815093994 -2.1205031871795654
13.80046558380127 0.4511708915233612 -2.1205031871795654
13.824073791503906 0.604295551776886 -2.324213743209839
13.861106157302856 0.72187340259552 -2.3460886478424072
13.897010326385498 0.9023417830467224 -2.4814398288726807
13.935021877288818 1.0828101634979248 -2.6619081497192383
13.960490465164185 1.3015596866607666 -2.510150671005249
13.995417594909668 1.308395504951477 -2.3460886478424072
14.034255981445312 1.0828101634979248 -1.8046835660934448
14.068491458892822 0.857224702835083 -1.2181613445281982
14.093303918838501 0.48210832476615906 -1.051872730255127
14.130359172821045 0.18046835064888 -0.8121075630187988
14.16725206375122 0.0 -0.7669904828071594
14.202868461608887 0.1353512704372406 -0.72187340259552
14.231007814407349 0.1353512704372406 -0.6316392421722412
14.266165494918823 0.18046835064888 -0.6767563223838806
14.30039644241333 0.36093670129776 -0.72187340259552
14.335958003997803 0.5414050817489624 -0.5865221619606018
14.37210988998413 0.7669904828071594 -0.4060537815093994
14.40714430809021 1.0376930236816406 -0.18046835064888
14.440120458602905 1.4463249444961548 -0.043828029185533524
14.47666072845459 1.8949177265167236 0.0
14.515967845916748 2.255854368209839 0.0
14.548981428146362 2.3460886478424072 0.0
14.573790073394775 2.4636664390563965 0.0
14.612755060195923 2.3460886478424072 0.0
14.65025544166565 2.059917449951172 0.0
14.677420377731323 1.6693322658538818 0.04511708766222
14.710160255432129 0.9925759434700012 0.09023417532444
14.747394323348999 -0.04511708766222 0.04511708766222
14.783921480178833 -0.36093670129776 0.04511708766222
14.811882257461548 -0.4511708915233612 0.09023417532444
14.852639198303223 -0.30679619312286377 0.08765605837106705
14.88875961303711 -0.2707025408744812 0.18046835064888
14.916685819625854 -0.1353512704372406 0.36093670129776
14.949143886566162 0.0 0.4060537815093994
14.98658275604248 0.0 0.4060537815093994
15.020251989364624 0.0 0.3158196210861206
15.049047708511353 0.04511708766222 0.36093670129776
15.08381175994873 0.0 0.18046835064888
15.119725227355957 0.0 0.09023417532444
15.15562129020691 0.0 0.04511708766222
15.187701225280762 0.04511708766222 0.0
15.227697610855103 0.0 0.0
15.263475179672241 0.0 0.0
15.290453433990479 0.04648427292704582 0.09296854585409164
15.32082200050354 0.09023417532444 0.04511708766222
15.357773065567017 0.18046835064888 0.18046835064888
15.396684408187866 0.18046835064888 0.18046835064888
15.421690702438354 0.18046835064888 0.2707025408744812
15.462603330612183 0.08765605837106705 0.5259363651275635
15.498288631439209 0.1353512704372406 0.72187340259552
15.534305095672607 0.04511708766222 0.9023417830467224
15.570761919021606 0.04511708766222 1.0828101634979248
15.596663236618042 0.04648427292704582 1.6269495487213135
15.63581657409668 0.04511708766222 1.8949177265167236
15.663756370544434 0.1859370917081833 2.0453081130981445
15.699447870254517 0.2255854457616806 2.2107372283935547
15.735028505325317 0.4060537815093994 2.255854368209839
15.772054433822632 0.4962879717350006 2.255854368209839
15.802100419998169 0.72187340259552 2.3460886478424072
15.833736896514893 1.0828101634979248 2.4363226890563965
15.869691848754883 1.2632784843444824 2.300971508026123
15.896831274032593 1.719918131828308 2.184760808944702
15.92910885810852 2.300971508026123 2.1656203269958496
15.965506315231323 2.6619081497192383 2.1656203269958496
16.00238537788391 3.0679619312286377 2.3912057876586914
16.038686275482178 3.474015712738037 2.3460886478424072
16.074084997177124 3.8349525928497314 2.4363226890563965
16.105382680892944 3.6815543174743652 2.6735098361968994
16.135470151901245 3.970303773880005 2.6619081497192383
16.172102212905884 3.9251866340637207 3.0228450298309326
16.2082576751709 3.8349525928497314 2.88749361038208
16.24548363685608 3.8800694942474365 3.2484302520751953
16.273679971694946 3.9251866340637207 3.3386645317077637
16.30495810508728 3.5642499923706055 3.6093671321868896
16.34514355659485 3.6093671321868896 3.699601173400879
16.381849765777588 3.5642499923706055 3.8349525928497314
16.412336349487305 3.243274211883545 3.593898296356201
16.451361894607544 3.383781671524048 3.744718313217163
16.487472534179688 3.3386645317077637 3.699601173400879
16.50688362121582 3.2484302520751953 3.5191328525543213
16.54396152496338 3.158196210861206 3.428898811340332
16.58028268814087 3.158196210861206 3.428898811340332
16.617026567459106 3.2484302520751953 3.3386645317077637
16.653321504592896 3.2033133506774902 3.2484302520751953
16.68002152442932 3.160930633544922 3.5328047275543213
16.71363592147827 3.2484302520751953 3.474015712738037
16.750871181488037 3.383781671524048 3.3386645317077637
16.787213563919067 3.2033133506774902 3.6093671321868896
16.82989764213562 3.2935473918914795 3.699601173400879
16.849162578582764 3.3386645317077637 3.474015712738037
16.886024713516235 3.3386645317077637 3.6093671321868896
16.924372911453247 3.2935473918914795 3.699601173400879
16.96039891242981 3.428898811340332 3.5642499923706055
16.985873699188232 3.2484302520751953 3.6544840335845947
17.020123958587646 3.2935473918914795 3.744718313217163
17.05527377128601 3.383781671524048 3.699601173400879
17.09328269958496 3.428898811340332 3.6093671321868896
17.13334822654724 3.5191328525543213 3.7898354530334473
17.163527965545654 3.383781671524048 3.744718313217163
17.199262857437134 3.6544840335845947 3.8349525928497314
17.224123239517212 3.5642499923706055 3.8800694942474365
17.26008653640747 3.5642499923706055 4.060537815093994
17.29650616645813 3.6093671321868896 3.744718313217163
17.335059881210327 3.6544840335845947 4.015420913696289
17.358827590942383 3.474015712738037 4.015420913696289
17.39560627937317 3.699601173400879 4.060537815093994
17.43326711654663 3.6093671321868896 4.015420913696289
17.47011971473694 3.6093671321868896 4.105655193328857
17.506511688232422 3.8349525928497314 4.195888996124268
17.526675939559937 3.997647523880005 4.090616226196289
17.563228845596313 3.8349525928497314 4.015420913696289
17.600093603134155 4.105655193328857 3.9251866340637207
17.636993408203125 3.8800694942474365 3.9251866340637207
17.67466974258423 3.9251866340637207 3.744718313217163
17.69743776321411 4.105655193328857 3.744718313217163
17.73374080657959 4.015420913696289 3.7898354530334473
17.770125150680542 4.015420913696289 3.6093671321868896
17.806097984313965 4.1507720947265625 3.6093671321868896
17.83422875404358 3.9445226192474365 3.550070285797119
17.871258020401 3.970303773880005 3.744718313217163
17.90798258781433 4.1507720947265625 3.383781671524048
17.943671703338623 3.970303773880005 3.7898354530334473
17.97933340072632 3.9251866340637207 3.6544840335845947
18.016234397888184 3.9251866340637207 3.5642499923706055
18.03861689567566 3.9046788215637207 3.858194589614868
18.076048374176025 3.744718313217163 3.6544840335845947
18.111152172088623 3.7898354530334473 3.383781671524048
18.14810800552368 3.6093671321868896 3.744718313217163
18.183833122253418 3.383781671524048 3.6093671321868896
18.219827890396118 3.699601173400879 3.6544840335845947
18.243257522583008 3.5642499923706055 3.6093671321868896
18.280462741851807 3.5191328525543213 3.9251866340637207
18.32078742980957 3.7898354530334473 3.7898354530334473
18.35846996307373 3.744718313217163 4.060537815093994
18.378441333770752 3.699601173400879 3.970303773880005
18.415413856506348 3.970303773880005 4.015420913696289
18.452280044555664 4.060537815093994 4.1507720947265625
18.489140033721924 4.060537815093994 4.1507720947265625
18.517451286315918 4.323037147521973 4.416006088256836
18.554282426834106 4.331240653991699 4.286123275756836
18.59031319618225 4.421474456787109 4.195888996124268
18.627126932144165 4.421474456787109 4.331240653991699
18.65087056159973 4.286123275756836 4.286123275756836
18.68799114227295 4.511708736419678 4.421474456787109
18.72368049621582 4.241006374359131 4.376357555389404
18.759690523147583 4.241006374359131 4.466591835021973
18.798043489456177 4.421474456787109 4.286123275756836
18.820472955703735 4.376357555389404 4.376357555389404
18.856499910354614 4.25131893157959 4.426630973815918
18.893925428390503 4.508974552154541 4.5554585456848145
18.929901838302612 4.119834899902344 4.338974952697754
18.965897798538208 4.648427486419678 4.416006088256836
18.99412512779236 4.511708736419678 4.376357555389404
19.03140640258789 4.163662910461426 4.163662910461426
19.06750202178955 4.421474456787109 4.015420913696289
19.10438632965088 4.241006374359131 4.1507720947265625
19.127848386764526 4.195888996124268 4.015420913696289
19.16458296775818 4.241006374359131 3.970303773880005
19.200095176696777 3.970303773880005 4.060537815093994
19.239309310913086 4.105655193328857 4.105655193328857
19.273903131484985 4.105655193328857 4.015420913696289
19.294091939926147 3.9787631034851074 4.1225738525390625
19.333139896392822 4.195888996124268 4.1507720947265625
19.370495796203613 4.1507720947265625 4.060537815093994
19.406978845596313 3.7898354530334473 4.105655193328857
19.433066368103027 4.060537815093994 4.1507720947265625
19.46800971031189 4.015420913696289 4.015420913696289
19.50596046447754 3.8349525928497314 3.9251866340637207
19.540085792541504 4.015420913696289 3.7898354530334473
19.57545256614685 3.8349525928497314 3.970303773880005
19.60024333000183 3.672257661819458 3.9511632919311523
19.639084815979004 4.015420913696289 4.060537815093994
19.67232370376587 3.8349525928497314 4.015420913696289
19.70837950706482 3.744718313217163 4.1507720947265625
19.74518585205078 3.9251866340637207 4.105655193328857
19.773319244384766 3.7187418937683105 4.090616226196289
19.809328317642212 3.699601173400879 4.195888996124268
19.844815015792847 3.8349525928497314 4.1507720947265625
19.882041692733765 3.8349525928497314 4.195888996124268
19.905402421951294 3.9046788215637207 4.1371002197265625
19.944294214248657 4.015420913696289 4.241006374359131
19.97904896736145 4.060537815093994 4.241006374359131
20.01243782043457 3.9445226192474365 3.9445226192474365
20.04865336418152 4.1507720947265625 4.286123275756836
20.085500717163086 4.195888996124268 4.105655193328857
20.11022686958313 4.105655193328857 4.195888996124268
20.147790908813477 4.466591835021973 4.331240653991699
20.1828191280365 4.421474456787109 4.286123275756836
20.21867060661316 4.511708736419678 4.421474456787109
20.256103515625 4.556826114654541 4.376357555389404
20.27983069419861 4.416006088256836 4.416006088256836
20.31782817840576 4.601943016052246 4.601943016052246
20.354408979415894 4.286123275756836 4.331240653991699
20.391398906707764 4.331240653991699 4.286123275756836
20.41606116294861 4.183584690093994 4.276553153991699
20.45613741874695 4.015420913696289 4.060537815093994
20.490108251571655 4.195888996124268 3.7898354530334473
20.525817394256592 4.060537815093994 3.8800694942474365
20.5496346950531 3.970303773880005 3.8349525928497314
20.58630061149597 4.241006374359131 3.8349525928497314
20.622586250305176 4.195888996124268 3.9251866340637207
20.651512145996094 3.9251866340637207 3.970303773880005
20.68800687789917 4.286123275756836 3.8349525928497314
20.725003004074097 4.060537815093994 3.970303773880005
20.762288808822632 4.241006374359131 4.241006374359131
20.79747986793518 4.376357555389404 4.060537815093994
20.82343626022339 4.266384601593018 4.218447685241699
20.860116004943848 4.241006374359131 4.1507720947265625
20.897186279296875 4.376357555389404 3.8800694942474365
20.92064929008484 4.105655193328857 3.970303773880005
20.958080291748047 4.286123275756836 3.7898354530334473
20.992823600769043 4.195888996124268 3.744718313217163
21.02996516227722 4.015420913696289 3.744718313217163
21.0666081905365 4.286123275756836 3.699601173400879
21.10322618484497 4.1507720947265625 3.744718313217163
21.128918647766113 4.060537815093994 3.8349525928497314
21.164863348007202 4.241006374359131 3.7898354530334473
21.200924396514893 4.060537815093994 3.8800694942474365
21.237975358963013 4.015420913696289 4.060537815093994
21.261441946029663 4.1225738525390625 3.930826425552368
21.29892063140869 4.060537815093994 3.9251866340637207
21.336923122406006 4.060537815093994 3.8800694942474365
21.36214303970337 3.9251866340637207 3.8800694942474365
21.39845323562622 3.8349525928497314 3.8349525928497314
21.435258626937866 3.9251866340637207 3.8349525928497314
21.47089958190918 3.9251866340637207 3.699601173400879
21.508162021636963 3.9251866340637207 3.6544840335845947
21.528911352157593 3.9787631034851074 3.8349525928497314
21.56543517112732 3.970303773880005 3.6544840335845947
21.60206437110901 3.970303773880005 3.6544840335845947
21.638740301132202 3.970303773880005 3.744718313217163
21.671133279800415 3.7898354530334473 3.6093671321868896
21.707170963287354 3.8800694942474365 3.6544840335845947
21.74372124671936 3.970303773880005 3.9251866340637207
21.768608808517456 4.044131755828857 4.1371002197265625
21.80495524406433 4.105655193328857 3.9251866340637207
21.840782165527344 4.1507720947265625 4.195888996124268
21.873202323913574 4.25131893157959 4.25131893157959
21.91109347343445 4.105655193328857 4.286123275756836
21.946162939071655 4.195888996124268 4.511708736419678
21.969947338104248 4.369521617889404 4.462490081787109
22.006985664367676 4.331240653991699 4.647059917449951
22.04265022277832 4.511708736419678 4.7372941970825195
22.080056190490723 4.466591835021973 4.7372941970825195
22.116729736328125 4.556826114654541 5.007996559143066
22.144019842147827 4.511708736419678 4.647059917449951
22.180415630340576 4.195888996124268 5.2786993980407715
22.2169086933136 4.556826114654541 4.827528476715088
22.24057126045227 4.376357555389404 5.098230838775635
22.281214475631714 4.241006374359131 4.962879657745361
22.319337844848633 4.511708736419678 4.917762756347656
22.3564715385437 4.286123275756836 4.7372941970825195
22.37770128250122 4.5554585456848145 4.462490081787109
22.42124342918396 4.286123275756836 4.331240653991699
22.455745935440063 3.970303773880005 4.060537815093994
22.48028826713562 4.230068683624268 3.7187418937683105
22.521114110946655 4.060537815093994 3.9251866340637207
22.556730031967163 4.015420913696289 3.744718313217163
22.581759452819824 4.207490921020508 3.8130385875701904
22.61746883392334 4.195888996124268 3.8800694942474365
22.655492544174194 4.195888996124268 3.970303773880005
22.69112229347229 4.286123275756836 3.6544840335845947
22.720510959625244 3.970303773880005 4.015420913696289
22.75712490081787 4.060537815093994 3.9251866340637207
22.792969703674316 3.970303773880005 3.744718313217163
22.821911334991455 3.699601173400879 3.8349525928497314
22.858633995056152 3.6093671321868896 3.744718313217163
22.895405054092407 3.6093671321868896 3.428898811340332
22.923805475234985 3.474015712738037 3.699601173400879
22.963797092437744 3.5642499923706055 3.699601173400879
22.99963092803955 3.6544840335845947 3.699601173400879
23.02365469932556 3.8130385875701904 3.8130385875701904
23.061272144317627 3.7898354530334473 3.9251866340637207
23.10008716583252 3.9251866340637207 3.8800694942474365
23.132699012756348 3.7898354530334473 4.015420913696289
23.16162395477295 3.5191328525543213 4.015420913696289
23.20113468170166 3.9046788215637207 4.044131755828857
23.237995147705078 3.506242275238037 3.7692103385925293
23.26232075691223 3.5328047275543213 3.997647523880005
23.30073070526123 3.699601173400879 3.428898811340332
23.339441537857056 3.2935473918914795 3.113079071044922
23.363067626953125 3.0679619312286377 2.5858535766601562
23.403405904769897 2.526556968688965 2.1656203269958496
23.438944578170776 1.9400347471237183 1.5339809656143188
23.47717523574829 1.1730443239212036 0.9023417830467224
23.504030466079712 0.4648427367210388 0.0
23.536949396133423 0.04511708766222 -0.2255854457616806
23.57272219657898 0.0 -0.2255854457616806
23.60165023803711 0.0 -0.09023417532444
23.63350534439087 0.0 0.0
23.67001700401306 0.04511708766222 -0.04511708766222
23.706986904144287 0.09023417532444 -0.04511708766222
23.742441415786743 0.18046835064888 0.0
23.771755933761597 0.2324213683605194 0.0
23.80700969696045 0.3158196210861206 0.0
23.84041452407837 0.4511708915233612 0.0
23.876922845840454 0.5414050817489624 0.0
23.91328001022339 0.5414050817489624 0.0
23.941092252731323 0.5578112602233887 -0.04648427292704582
23.972753047943115 0.5414050817489624 0.0
24.011257648468018 0.5414050817489624 -0.04511708766222
24.045145511627197 0.4060537815093994 -0.04511708766222
24.080832481384277 0.36093670129776 -0.2707025408744812
24.11332368850708 0.2707025408744812 -0.4060537815093994
24.145004272460938 0.2255854457616806 -0.5865221619606018
24.181763648986816 0.1353512704372406 -0.857224702835083
24.21798849105835 0.2255854457616806 -1.0376930236816406
24.249469995498657 0.18046835064888 -1.308395504951477
24.28217077255249 0.2707025408744812 -1.6693322658538818
24.31858205795288 0.2255854457616806 -2.300971508026123
24.35684895515442 0.2255854457616806 -2.616791009902954
24.380594730377197 0.18046835064888 -3.0679619312286377
24.422696828842163 0.2707025408744812 -3.2484302520751953
24.456862449645996 0.36093670129776 -3.474015712738037
24.495035648345947 0.4060537815093994 -3.2935473918914795
24.518688678741455 0.5578112602233887 -3.3003833293914795
24.560254335403442 0.72187340259552 -3.6544840335845947
24.59723687171936 0.9023417830467224 -3.383781671524048
24.61645817756653 1.3480439186096191 -3.160930633544922
24.65787124633789 1.6216371059417725 -3.199446201324463
24.69414448738098 1.9851518869400024 -3.2935473918914795
24.733093976974487 2.1656203269958496 -2.842376470565796
24.755991220474243 2.4363226890563965 -2.797259569168091
24.786200761795044 2.571674108505249 -2.797259569168091
24.823475122451782 2.842376470565796 -2.4814398288726807
24.859269857406616 2.842376470565796 -2.3912057876586914
24.895803689956665 3.0228450298309326 -2.030268907546997
24.91967511177063 3.1144461631774902 -1.7664023637771606
24.956976652145386 3.2033133506774902 -1.1730443239212036
24.993144989013672 3.2484302520751953 -0.72187340259552
25.02927041053772 3.5642499923706055 -0.6316392421722412
25.06629180908203 3.699601173400879 -0.6316392421722412
25.08912491798401 4.060537815093994 -0.7669904828071594
25.125825881958008 4.286123275756836 -0.9474588632583618
25.162412405014038 4.376357555389404 -1.2181613445281982
25.199179887771606 4.647059917449951 -1.4888639450073242
25.23626732826233 4.6921772956848145 -1.5339809656143188
25.268070697784424 4.195888996124268 -1.3986297845840454
25.300703287124634 4.331240653991699 -1.2181613445281982
25.339914798736572 4.105655193328857 -0.857224702835083
25.374401569366455 3.5191328525543213 -0.5865221619606018
25.412052392959595 3.7898354530334473 -0.4060537815093994
25.431444883346558 3.5473310947418213 -0.5273059606552124
25.467711210250854 3.3386645317077637 -0.6316392421722412
25.503095865249634 3.3386645317077637 -1.1279271841049194
25.53913187980652 3.428898811340332 -1.5339809656143188
25.563029050827026 3.2033133506774902 -1.9400347471237183
25.599712133407593 2.9326107501983643 -2.2107372283935547
25.636472463607788 2.797259569168091 -2.616791009902954
25.672792196273804 2.3460886478424072 -2.797259569168091
25.710444688796997 2.1656203269958496 -2.797259569168091
25.737603902816772 1.8046835660934448 -2.88749361038208
25.77504801750183 1.3986297845840454 -2.3460886478424072
25.813331365585327 0.8121075630187988 -1.714449405670166
25.85006070137024 0.09023417532444 -0.9925759434700012
25.87491011619568 -0.043828029185533524 -0.48210832476615906
25.910741090774536 -0.04511708766222 -0.18046835064888
25.947998762130737 0.0 0.0
25.984795808792114 0.0 0.04511708766222
26.020692586898804 0.0 0.0
26.04047989845276 0.0 -0.04511708766222
26.076873779296875 0.0 0.0
26.113678216934204 0.0 0.0
26.149988412857056 0.0 0.0
26.186180353164673 0.0 0.0
26.22291398048401 0.04511708766222 0.0
26.251137018203735 0.0 -0.043828029185533524
26.28811001777649 0.0 0.0
26.326713800430298 0.0 0.0
26.36217212677002 0.04511708766222 0.0
26.400071144104004 0.04511708766222 0.0
26.415704250335693 0.04648427292704582 -0.04648427292704582
26.451797485351562 0.0 0.0
26.489013671875 0.0 0.0
26.52480173110962 0.0 0.0
26.56636881828308 0.0 0.04511708766222
26.586604833602905 0.0 0.0
26.623066663742065 0.04511708766222 0.0
26.66014790534973 0.0 0.0
26.6960027217865 0.0 0.0
26.720016479492188 0.047936905175447464 0.0
26.75648522377014 0.04511708766222 0.0
26.793217182159424 0.0 0.0
26.829774856567383 0.0 0.0
26.8569016456604 0.0 0.0
26.894044399261475 0.0 0.0
26.93088412284851 0.0 0.0
26.96768617630005 0.04511708766222 0.0
27.003411054611206 0.04511708766222 0.0
27.02672004699707 0.1353512704372406 -0.1353512704372406
27.06301736831665 0.2255854457616806 -0.18046835064888
27.10008144378662 0.5414050817489624 -0.36093670129776
27.13686203956604 0.72187340259552 -0.5865221619606018
27.172926902770996 0.9925759434700012 -0.7669904828071594
27.20092272758484 1.3535126447677612 -0.857224702835083
27.236679553985596 1.6693322658538818 -0.9023417830467224
27.273862838745117 1.9400347471237183 -0.72187340259552
27.31002426147461 2.0753860473632812 -0.2707025408744812
27.335981607437134 2.1382765769958496 0.0
27.372230529785156 2.300971508026123 0.04511708766222
27.408435344696045 2.255854368209839 0.0
27.444838047027588 2.410541534423828 0.08765605837106705
27.4697265625 2.091792345046997 0.0
27.506109714508057 1.8498005867004395 0.09023417532444
27.542324542999268 1.1730443239212036 0.1353512704372406
27.578210830688477 0.2707025408744812 0.18046835064888
27.603451251983643 -0.13945281505584717 0.1859370917081833
27.639845371246338 -0.2255854457616806 0.1353512704372406
27.67682909965515 -0.3158196210861206 0.09023417532444
27.71291732788086 -0.18046835064888 0.0
27.749149322509766 -0.04511708766222 0.0
27.77312159538269 0.0 0.0
27.810091018676758 0.0 0.0
27.84739351272583 0.0 0.0
27.882872819900513 0.0 0.0
27.907853841781616 0.0 0.0
27.945473670959473 0.0 0.0
27.98116445541382 0.0 0.0
28.018172025680542 0.0 0.0
28.042474508285522 0.0 0.0
28.079163551330566 0.0 0.0
28.115113019943237 0.0 0.04511708766222
28.152419090270996 -0.04511708766222 0.0
28.187555074691772 0.04511708766222 0.04511708766222
28.215692043304443 0.0 0.04511708766222
28.252623796463013 0.0 0.04511708766222
28.28813624382019 -0.04511708766222 0.1353512704372406
28.32733917236328 0.0 0.2255854457616806
28.354443311691284 0.0 0.4060537815093994
28.38986086845398 0.0 0.5865221619606018
28.4147629737854 0.0 0.6767563223838806
28.4503116607666 0.0 0.857224702835083
28.488486528396606 0.0 1.1279271841049194
28.52535605430603 0.0 1.3535126447677612
28.55760622024536 0.043828029185533524 1.6216371059417725
28.5945086479187 0.09023417532444 1.8046835660934448
28.63070297241211 0.18046835064888 2.0753860473632812
28.656034231185913 0.2707025408744812 2.030268907546997
28.693068742752075 0.4060537815093994 1.8949177265167236
28.731266021728516 0.72187340259552 1.7595664262771606
28.76686191558838 1.1279271841049194 1.8498005867004395
28.79226541519165 1.6269495487213135 1.8593709468841553
28.82754635810852 2.3460886478424072 1.714449405670166
28.86415696144104 2.9777278900146484 1.714449405670166
28.90062117576599 3.383781671524048 1.714449405670166
28.937039375305176 3.970303773880005 1.579098105430603
28.96141529083252 3.9511632919311523 1.8593709468841553
28.998363256454468 4.060537815093994 2.2107372283935547
29.037326335906982 4.286123275756836 2.571674108505249
29.071274518966675 4.195888996124268 2.7521424293518066
29.096014499664307 4.1507720947265625 3.158196210861206
29.131922006607056 4.331240653991699 3.474015712738037
29.167672395706177 3.8349525928497314 3.744718313217163
29.203432321548462 4.015420913696289 4.060537815093994
29.24015188217163 3.7898354530334473 4.466591835021973
29.263949394226074 3.5328047275543213 4.741395950317383
29.299758195877075 3.6544840335845947 5.143348217010498
29.336583614349365 3.6093671321868896 5.323816299438477
29.375659704208374 3.3386645317077637 5.639636039733887
29.412750244140625 3.428898811340332 5.639636039733887
29.433070182800293 3.6257731914520264 5.8105340003967285
29.470052003860474 3.744718313217163 5.77498722076416
29.506459951400757 3.7898354530334473 5.729870319366455
29.542776107788086 4.105655193328857 5.504284858703613
29.57194423675537 4.207490921020508 5.653815746307373
29.607724905014038 4.601943016052246 5.549401760101318
29.64473533630371 4.962879657745361 5.820104598999023
29.680442333221436 4.962879657745361 5.594519138336182
29.71798825263977 5.45916748046875 5.684752941131592
29.745556592941284 5.345691204071045 5.578112602233887
29.77963161468506 5.639636039733887 5.549401760101318
29.815849542617798 5.36893367767334 5.45916748046875
29.8431396484375 5.566159725189209 5.084051132202148
29.879184007644653 5.233582019805908 5.007996559143066
29.916733980178833 5.323816299438477 4.917762756347656
29.952840328216553 5.143348217010498 4.962879657745361
29.988866567611694 5.05311393737793 4.962879657745361
30.009417295455933 5.177186012268066 5.273059844970703
30.047436714172363 4.782411575317383 5.233582019805908
30.081337451934814 5.143348217010498 5.143348217010498
30.117368459701538 4.601943016052246 5.414050579071045
30.154746532440186 4.872645378112793 5.45916748046875
30.176963806152344 4.6921772956848145 5.594519138336182
30.21417999267578 4.782411575317383 5.414050579071045
30.249123096466064 4.782411575317383 5.36893367767334
30.288707494735718 4.7372941970825195 4.782411575317383
30.322555780410767 4.827528476715088 4.872645378112793
30.352492570877075 4.645771026611328 4.470458984375
30.389599800109863 4.6921772956848145 4.6921772956848145
30.42570447921753 4.782411575317383 4.1507720947265625
30.461243391036987 4.647059917449951 4.195888996124268
30.49745535850525 4.827528476715088 4.331240653991699
30.521997690200806 4.648427486419678 4.276553153991699
30.558223247528076 4.7372941970825195 4.376357555389404
30.595216035842896 4.601943016052246 4.376357555389404
30.631433248519897 4.511708736419678 4.241006374359131
30.659690618515015 4.648427486419678 4.601943016052246
30.696338176727295 4.466591835021973 4.511708736419678
30.73464012145996 4.331240653991699 4.421474456787109
30.756441831588745 4.276553153991699 4.601943016052246
30.792080640792847 4.105655193328857 4.556826114654541
30.83025598526001 4.331240653991699 4.872645378112793
30.866755723953247 4.286123275756836 4.7372941970825195
30.90281105041504 4.286123275756836 4.827528476715088
30.930700063705444 4.466591835021973 5.098230838775635
30.966176748275757 4.376357555389404 4.827528476715088
31.00426435470581 4.421474456787109 5.233582019805908
31.0267653465271 4.647059917449951 4.962879657745361
31.0660240650177 4.466591835021973 5.007996559143066
31.10478687286377 4.556826114654541 4.872645378112793
31.140153646469116 4.556826114654541 4.556826114654541
31.17670726776123 4.421474456787109 4.917762756347656
31.20134210586548 4.647059917449951 4.7372941970825195
31.24105978012085 4.601943016052246 4.7372941970825195
31.277392625808716 4.647059917449951 4.962879657745361
31.29775881767273 4.741395950317383 4.5554585456848145
31.3382785320282 4.6921772956848145 5.007996559143066
31.377262592315674 4.962879657745361 4.6921772956848145
31.414095163345337 4.827528476715088 4.782411575317383
31.447036743164062 4.915711879730225 4.741395950317383
31.48685646057129 4.917762756347656 4.7372941970825195
31.52319312095642 5.098230838775635 4.827528476715088
31.54800796508789 5.098230838775635 4.7372941970825195
31.583133459091187 5.098230838775635 5.05311393737793
31.62022089958191 5.45916748046875 4.827528476715088
31.65603256225586 5.323816299438477 5.188465118408203
31.685041904449463 5.45916748046875 5.098230838775635
31.721304893493652 5.323816299438477 5.323816299438477
31.758152961730957 5.549401760101318 5.098230838775635
31.786243677139282 5.2992072105407715 5.438660144805908
31.823071002960205 5.549401760101318 5.36893367767334
31.858113288879395 5.143348217010498 5.414050579071045
31.8859806060791 5.188465118408203 5.45916748046875
31.923933506011963 5.05311393737793 5.233582019805908
31.958747625350952 4.962879657745361 5.414050579071045
31.994718313217163 5.007996559143066 5.143348217010498
32.022331953048706 4.782411575317383 5.45916748046875
32.05386185646057 4.962879657745361 5.143348217010498
32.09201717376709 4.6921772956848145 5.549401760101318
32.1287624835968 4.827528476715088 5.323816299438477
32.16229844093323 4.601943016052246 5.594519138336182
32.19807243347168 4.511708736419678 5.323816299438477
32.22619342803955 4.648427486419678 5.345691204071045
32.258888244628906 4.331240653991699 5.2786993980407715
32.29442071914673 4.647059917449951 5.143348217010498
32.33042621612549 4.601943016052246 5.188465118408203
32.36985230445862 4.556826114654541 5.143348217010498
32.40663552284241 4.872645378112793 5.233582019805908
32.4299738407135 4.68959903717041 5.084051132202148
32.463414907455444 4.917762756347656 5.233582019805908
32.49850797653198 4.917762756347656 4.917762756347656
32.53510117530823 5.05311393737793 4.962879657745361
32.57438850402832 5.05311393737793 5.007996559143066
32.60274815559387 5.05311393737793 4.827528476715088
32.644426107406616 4.90873908996582 4.733427047729492
32.68013906478882 4.917762756347656 4.7372941970825195
32.70083975791931 5.345691204071045 5.06678581237793
32.74325680732727 4.645771026611328 4.733427047729492
32.77614641189575 5.098230838775635 5.007996559143066
32.81375527381897 5.233582019805908 4.917762756347656
32.849812030792236 5.2786993980407715 4.872645378112793
32.87468862533569 5.25272274017334 4.880848407745361
32.91447043418884 5.143348217010498 4.872645378112793
32.951451778411865 5.549401760101318 5.007996559143066
32.974491357803345 5.188465118408203 4.827528476715088
33.00736474990845 5.36893367767334 4.917762756347656
33.04434037208557 5.2786993980407715 4.872645378112793
33.0799515247345 5.504284858703613 4.782411575317383
33.11738109588623 5.36893367767334 5.143348217010498
33.14457607269287 5.522331714630127 5.084051132202148
33.18139147758484 5.549401760101318 5.143348217010498
33.21840786933899 5.8652215003967285 5.414050579071045
33.256062507629395 5.820104598999023 5.45916748046875
33.278592109680176 5.903502464294434 5.438660144805908
33.318628549575806 5.77498722076416 5.414050579071045
33.35892343521118 6.045690059661865 5.549401760101318
33.39285469055176 5.77498722076416 5.36893367767334
33.414347648620605 5.910338401794434 5.684752941131592
33.450867652893066 5.77498722076416 5.594519138336182
33.486830949783325 5.8652215003967285 5.684752941131592
33.52271747589111 5.684752941131592 5.684752941131592
33.562182903289795 5.77498722076416 5.955455780029297
33.58498573303223 5.549401760101318 5.414050579071045
33.62186622619629 5.639636039733887 5.8652215003967285
33.657421350479126 5.2786993980407715 5.2786993980407715
33.694695234298706 5.007996559143066 5.729870319366455
33.73078417778015 5.143348217010498 5.323816299438477
33.76891732215881 4.511708736419678 5.684752941131592
33.78703284263611 4.7372941970825195 5.414050579071045
33.824286460876465 4.286123275756836 5.45916748046875
33.861122846603394 4.286123275756836 5.098230838775635
33.89665770530701 4.376357555389404 5.188465118408203
33.933675050735474 4.1507720947265625 5.05311393737793
33.96264457702637 4.421474456787109 5.143348217010498
33.99896740913391 4.376357555389404 4.917762756347656
34.03529715538025 4.466591835021973 4.6921772956848145
34.074217796325684 4.556826114654541 4.556826114654541
34.10850548744202 4.421474456787109 4.286123275756836
34.125152587890625 4.7936906814575195 4.026700019836426
34.16160297393799 4.511708736419678 3.8800694942474365
34.197853803634644 4.421474456787109 3.8349525928497314
34.2341742515564 4.6921772956848145 3.699601173400879
34.27080965042114 4.421474456787109 3.699601173400879
34.29480028152466 4.5554585456848145 3.9511632919311523
34.33281445503235 4.7372941970825195 3.6544840335845947
34.36950159072876 4.286123275756836 3.9251866340637207
34.405282735824585 4.601943016052246 3.8349525928497314
34.4416606426239 4.286123275756836 3.9251866340637207
34.46528625488281 3.970303773880005 3.970303773880005
34.50183057785034 4.105655193328857 3.9251866340637207
34.53760838508606 3.7898354530334473 3.7898354530334473
34.575095891952515 3.6093671321868896 3.744718313217163
34.611345052719116 3.5642499923706055 3.5191328525543213
34.636648416519165 3.2935473918914795 3.158196210861206
34.67232608795166 2.88749361038208 2.842376470565796
34.70901560783386 2.571674108505249 2.6619081497192383
34.74537444114685 2.255854368209839 2.255854368209839
34.770100116729736 2.0453081130981445 1.8593709468841553
34.80772638320923 1.7595664262771606 1.4888639450073242
34.843865633010864 1.4888639450073242 0.9925759434700012
34.88075113296509 1.1730443239212036 0.5865221619606018
34.916895151138306 0.4511708915233612 0.2255854457616806
34.94515776634216 0.0 -0.043828029185533524
34.98293113708496 0.0 0.0
35.01894998550415 0.0 0.0
35.055625200271606 0.0 -0.04511708766222
35.080100774765015 0.0 0.0
35.116101026535034 0.0 0.0
35.15285015106201 0.04511708766222 -0.04511708766222
35.188735246658325 0.0 -0.18046835064888
35.22479605674744 0.09023417532444 -0.36093670129776
35.24824905395508 0.04511708766222 -0.5865221619606018
35.28536915779114 0.04511708766222 -1.0376930236816406
35.32038879394531 0.04511708766222 -1.5339809656143188
35.36286020278931 -0.04511708766222 -1.8046835660934448
35.39783954620361 0.04511708766222 -2.1656203269958496
35.42250084877014 0.09023417532444 -2.4814398288726807
35.45973324775696 0.2707025408744812 -3.0228450298309326
35.49697399139404 0.6767563223838806 -3.3386645317077637
35.52504563331604 1.2181613445281982 -3.8800694942474365
35.56100511550903 1.9400347471237183 -4.241006374359131
35.59816360473633 2.571674108505249 -4.376357555389404
35.63620948791504 2.7521424293518066 -4.556826114654541
35.66105055809021 3.2074148654937744 -4.694911479949951
35.69821524620056 3.474015712738037 -4.105655193328857
35.72213411331177 3.579288959503174 -4.508974552154541
35.759284019470215 3.7898354530334473 -4.286123275756836
35.79646849632263 3.8349525928497314 -3.744718313217163
35.83418393135071 3.8349525928497314 -4.060537815093994
35.87001276016235 3.970303773880005 -3.9251866340637207
35.890116930007935 4.044131755828857 -3.3003833293914795
35.927138566970825 4.015420913696289 -3.699601173400879
35.96348214149475 4.331240653991699 -3.5642499923706055
36.00035738945007 4.421474456787109 -3.3386645317077637
36.02872276306152 4.421474456787109 -3.5191328525543213
36.06466484069824 4.864911079406738 -3.7692103385925293
36.101609230041504 4.880848407745361 -3.7187418937683105
36.138148069381714 5.1717071533203125 -3.9445226192474365
36.17534160614014 5.143348217010498 -4.421474456787109
36.201722145080566 5.233582019805908 -4.105655193328857
36.238842725753784 5.233582019805908 -4.827528476715088
36.27392911911011 4.511708736419678 -4.511708736419678
36.29876732826233 4.060537815093994 -4.060537815093994
36.335270166397095 3.2033133506774902 -3.6093671321868896
36.37312912940979 2.1656203269958496 -2.526556968688965
36.41006422042847 0.9925759434700012 -1.44374680519104
36.44707441329956 0.0 -0.09023417532444
36.47115135192871 -0.18046835064888 0.36093670129776
36.5066876411438 -0.1353512704372406 0.3158196210861206
36.544597864151 0.0 0.09023417532444
36.580870628356934 0.04511708766222 0.0
36.6165931224823 -0.04511708766222 0.0
36.63739204406738 0.0 0.0
36.67401051521301 0.0 0.0
36.71116256713867 0.0 0.0
36.74749207496643 0.0 0.0
36.774659633636475 0.0 0.0
36.811028242111206 0.0 0.0
36.84681987762451 0.04511708766222 0.0
36.88327622413635 0.0 0.04511708766222
36.920369148254395 0.04511708766222 0.09023417532444
36.957072019577026 0.0 0.2255854457616806
36.98060655593872 0.0 0.2255854457616806
37.017261028289795 0.0 0.2255854457616806
37.05476760864258 0.1353512704372406 0.2255854457616806
37.09161901473999 0.2255854457616806 0.3158196210861206
37.127190828323364 0.3158196210861206 0.4060537815093994
37.15185332298279 0.4511708915233612 0.5414050817489624
37.18766975402832 0.6316392421722412 0.6316392421722412
37.22447347640991 0.8121075630187988 0.7669904828071594
37.25238251686096 1.1621068716049194 0.836716890335083
37.28993606567383 1.44374680519104 1.0828101634979248
37.325814723968506 1.9851518869400024 1.3986297845840454
37.35615134239197 2.322885513305664 1.7531211376190186
37.39346361160278 2.88749361038208 2.255854368209839
37.429455041885376 3.3386645317077637 2.7070252895355225
37.46611499786377 3.744718313217163 3.0228450298309326
37.49032545089722 4.105655193328857 3.428898811340332
37.52636790275574 4.376357555389404 3.8800694942474365
37.56314659118652 4.782411575317383 4.286123275756836
37.59919285774231 4.601943016052246 4.827528476715088
37.63601899147034 5.05311393737793 4.827528476715088
37.65998959541321 4.937501430511475 5.416870594024658
37.69694113731384 5.2786993980407715 5.45916748046875
37.73231744766235 5.098230838775635 5.639636039733887
37.761932611465454 5.2786993980407715 5.639636039733887
37.796727418899536 5.36893367767334 5.729870319366455
37.83377647399902 5.45916748046875 5.955455780029297
37.86508250236511 5.594519138336182 6.000572681427002
37.90107560157776 5.684752941131592 5.955455780029297
37.938913106918335 5.955455780029297 6.181041240692139
37.962393283843994 5.903502464294434 6.321861267089844
37.99914503097534 6.226158142089844 6.361509323120117
38.034842014312744 6.000572681427002 6.09080696105957
38.07230043411255 6.181041240692139 6.361509323120117
38.10875415802002 6.135923862457275 6.271275043487549
38.133594274520874 5.910338401794434 6.541977882385254
38.17162561416626 6.135923862457275 6.316392421722412
38.20617628097534 5.8652215003967285 6.4517436027526855
38.24349927902222 5.8652215003967285 6.4066267013549805
38.272701025009155 5.717565536499023 6.275376796722412
38.30900764465332 5.955455780029297 6.316392421722412
38.3471200466156 5.684752941131592 5.910338401794434
38.36987090110779 5.8105340003967285 6.321861267089844
38.40658521652222 5.684752941131592 5.594519138336182
38.4426851272583 5.549401760101318 6.000572681427002
38.47764587402344 5.478503704071045 5.566159725189209
38.51238393783569 5.414050579071045 5.955455780029297
38.54826045036316 5.549401760101318 5.594519138336182
38.58556628227234 5.414050579071045 6.000572681427002
38.609044790267944 5.77498722076416 5.594519138336182
38.64578700065613 5.504284858703613 6.000572681427002
38.683252573013306 5.955455780029297 5.684752941131592
38.71828532218933 5.549401760101318 6.000572681427002
38.755414962768555 5.77498722076416 5.639636039733887
38.78031873703003 5.594519138336182 6.045690059661865
38.81691360473633 5.684752941131592 5.639636039733887
38.85312104225159 5.549401760101318 6.000572681427002
38.880810260772705 5.8105340003967285 5.624597072601318
38.91838502883911 5.45916748046875 5.955455780029297
38.95493459701538 6.000572681427002 5.594519138336182
38.982815980911255 5.697643756866455 5.872955799102783
39.021360874176025 6.000572681427002 5.414050579071045
39.055948972702026 5.549401760101318 5.820104598999023
39.08771467208862 6.000572681427002 5.36893367767334
39.120479345321655 5.594519138336182 5.684752941131592
39.157599210739136 5.77498722076416 5.414050579071045
39.185731410980225 5.522331714630127 5.872955799102783
39.22149682044983 5.684752941131592 5.45916748046875
39.25750470161438 5.098230838775635 5.8652215003967285
39.29343247413635 5.549401760101318 5.414050579071045
39.330557107925415 5.098230838775635 5.8652215003967285
39.36284947395325 5.434675693511963 5.390847682952881
39.3990683555603 5.2786993980407715 5.639636039733887
39.43384909629822 5.45916748046875 5.639636039733887
39.46345639228821 5.188465118408203 5.820104598999023
39.501445055007935 5.414050579071045 5.684752941131592
39.53580045700073 5.323816299438477 5.77498722076416
39.56347417831421 5.36893367767334 5.70449161529541
39.5964629650116 5.504284858703613 5.77498722076416
39.63310432434082 5.414050579071045 5.729870319366455
39.66148328781128 5.549401760101318 5.820104598999023
39.697391510009766 5.36893367767334 5.684752941131592
39.73477816581726 5.684752941131592 5.77498722076416
39.770771980285645 5.323816299438477 5.684752941131592
39.80871629714966 5.77498722076416 5.639636039733887
39.83192253112793 5.36893367767334 5.549401760101318
39.87287950515747 5.639636039733887 5.594519138336182
39.911025524139404 5.45916748046875 5.45916748046875
39.937326431274414 5.820104598999023 5.36893367767334
39.97359108924866 5.45916748046875 5.504284858703613
40.009390354156494 5.910338401794434 5.504284858703613
40.03426265716553 5.504284858703613 5.45916748046875
40.074671030044556 5.8652215003967285 5.414050579071045
40.11062240600586 5.36893367767334 5.549401760101318
40.14760875701904 5.77498722076416 5.36893367767334
40.18340873718262 5.549401760101318 5.594519138336182
40.208284854888916 5.77498722076416 5.36893367767334
40.24642872810364 5.594519138336182 5.639636039733887
40.2836012840271 5.829127788543701 5.478503704071045
40.30723571777344 5.896239280700684 5.896239280700684
40.343472957611084 6.045690059661865 5.639636039733887
40.38299298286438 6.000572681427002 6.135923862457275
40.41995692253113 6.226158142089844 5.594519138336182
40.44695448875427 5.829127788543701 6.135923862457275
40.48441123962402 6.181041240692139 5.729870319366455
40.52043271064758 5.955455780029297 6.181041240692139
40.54518914222717 6.2288923263549805 5.717565536499023
40.582780599594116 5.910338401794434 6.316392421722412
40.61942458152771 6.361509323120117 5.77498722076416
40.6475727558136 6.09080696105957 6.361509323120117
40.68003702163696 6.226158142089844 6.000572681427002
40.71645545959473 5.955455780029297 6.271275043487549
40.75258660316467 6.09080696105957 6.09080696105957
40.79115653038025 5.684752941131592 6.181041240692139
40.820603370666504 5.8652215003967285 6.135923862457275
40.856016635894775 5.594519138336182 6.226158142089844
40.89480781555176 5.910338401794434 6.226158142089844
40.9295916557312 5.684752941131592 6.181041240692139
40.95377254486084 5.903502464294434 6.321861267089844
40.99426341056824 5.566159725189209 5.741471767425537
41.03097891807556 5.729870319366455 6.09080696105957
41.05046224594116 5.624597072601318 5.85701847076416
41.08719038963318 5.729870319366455 6.045690059661865
41.12456774711609 5.323816299438477 5.77498722076416
41.16035318374634 5.729870319366455 6.135923862457275
41.19729495048523 5.594519138336182 5.955455780029297
41.224488735198975 5.697643756866455 6.135923862457275
41.2609806060791 5.684752941131592 6.135923862457275
41.30036211013794 5.910338401794434 6.181041240692139
41.32599687576294 5.347019672393799 6.092095851898193
41.36292481422424 5.77498722076416 6.135923862457275
41.40206718444824 5.639636039733887 6.09080696105957
41.43783450126648 5.8652215003967285 5.910338401794434
41.47505521774292 5.504284858703613 6.226158142089844
41.49484300613403 6.183860778808594 5.99211311340332
41.53128719329834 5.820104598999023 6.09080696105957
41.56817436218262 6.226158142089844 6.000572681427002
41.607842206954956 6.181041240692139 6.226158142089844
41.64102745056152 6.4517436027526855 5.8652215003967285
41.67674922943115 6.4517436027526855 6.135923862457275
41.70140480995178 6.135923862457275 5.522331714630127
41.738040924072266 6.361509323120117 5.729870319366455
41.77500534057617 6.271275043487549 5.36893367767334
41.81420040130615 6.361509323120117 5.729870319366455
41.846829414367676 6.000572681427002 5.414050579071045
41.86709547042847 6.541977882385254 5.684752941131592
41.90986156463623 6.09080696105957 5.36893367767334
41.94377422332764 6.316392421722412 5.36893367767334
41.98075008392334 5.45916748046875 5.188465118408203
42.01724076271057 5.820104598999023 4.872645378112793
42.04179358482361 4.782411575317383 4.647059917449951
42.081748247146606 5.098230838775635 4.105655193328857
42.120018005371094 4.601943016052246 4.331240653991699
42.137436866760254 4.323037147521973 3.9046788215637207
42.17739725112915 4.286123275756836 3.474015712738037
42.21467733383179 3.699601173400879 3.7898354530334473
42.250351667404175 3.8349525928497314 3.5642499923706055
42.28636455535889 3.5642499923706055 3.2935473918914795
42.30850148200989 3.672257661819458 3.3933517932891846
42.34809947013855 3.5642499923706055 3.3386645317077637
42.38548421859741 3.699601173400879 3.2033133506774902
42.422903060913086 3.5642499923706055 2.9777278900146484
42.46034288406372 3.374758243560791 2.9364778995513916
42.48491930961609 3.5473310947418213 2.9241511821746826
42.523138761520386 3.374758243560791 2.8488218784332275
42.54573202133179 3.253899097442627 2.7890563011169434
42.582733154296875 3.158196210861206 2.616791009902954
42.618892192840576 2.9777278900146484 2.3912057876586914
42.65669012069702 2.9777278900146484 2.4814398288726807
42.692413568496704 2.88749361038208 2.3912057876586914
42.73346996307373 2.7521424293518066 2.255854368209839
42.75048279762268 2.588593006134033 2.2050976753234863
42.78701448440552 2.498197555541992 2.322885513305664
42.82299995422363 2.2107372283935547 2.300971508026123
42.85964059829712 1.9851518869400024 2.3912057876586914
42.89600372314453 1.714449405670166 2.255854368209839
42.923760652542114 1.4410125017166138 2.2777292728424072
42.96680283546448 1.183356761932373 2.059917449951172
42.99872326850891 1.1279271841049194 1.8498005867004395
43.022701025009155 1.0828101634979248 1.6693322658538818
43.05934810638428 1.0828101634979248 1.3986297845840454
43.095651626586914 0.9925759434700012 0.9474588632583618
43.131932735443115 0.6316392421722412 0.2255854457616806
43.1677451133728 0.18046835064888 -0.09023417532444
43.19129228591919 0.0 -0.18046835064888
43.22812032699585 0.0 -0.2707025408744812
43.263893842697144 0.18046835064888 -0.3158196210861206
43.300469160079956 0.3158196210861206 -0.5865221619606018
43.339091539382935 0.5865221619606018 -0.8121075630187988
43.3747296333313 0.9474588632583618 -1.2181613445281982
43.40061664581299 1.580465316772461 -1.9523394107818604
43.437744140625 2.1656203269958496 -2.7070252895355225
43.46068215370178 2.835540533065796 -3.439836263656616
43.49783229827881 3.113079071044922 -3.8349525928497314
43.53510880470276 3.6093671321868896 -4.647059917449951
43.572211265563965 3.9251866340637207 -4.917762756347656
43.609036445617676 3.970303773880005 -5.188465118408203
43.636812925338745 4.426630973815918 -5.697643756866455
43.674619913101196 4.601943016052246 -6.226158142089844
43.711297273635864 4.827528476715088 -6.677329063415527
43.734391927719116 4.917762756347656 -7.263851165771484
43.77127695083618 5.188465118408203 -7.354085445404053
43.80770015716553 5.504284858703613 -7.94060754776001
43.84365916252136 5.098230838775635 -7.534553527832031
43.879852533340454 5.414050579071045 -7.173616886138916
43.90783667564392 4.741395950317383 -7.205062389373779
43.94584894180298 5.007996559143066 -6.4066267013549805
43.982866525650024 4.556826114654541 -6.000572681427002
44.01918292045593 3.744718313217163 -5.007996559143066
44.04316592216492 3.6257731914520264 -4.787879943847656
44.07908010482788 3.3386645317077637 -3.7898354530334473
44.11586809158325 2.7521424293518066 -3.113079071044922
44.151708126068115 2.1205031871795654 -1.9851518869400024
44.17668414115906 1.208591103553772 -0.9296854734420776
44.21270227432251 0.04511708766222 -0.09023417532444
44.249754190444946 -0.3158196210861206 0.1353512704372406
44.28484058380127 -0.4962879717350006 0.2255854457616806
44.309415340423584 -0.4648427367210388 0.1859370917081833
44.345635652542114 -0.3158196210861206 0.04511708766222
44.38361120223999 -0.04511708766222 0.0
44.420464277267456 0.0 0.0
44.456642627716064 -0.04511708766222 0.0
44.48125147819519 0.0 -0.09296854585409164
44.52458739280701 0.0 0.04511708766222
44.55639028549194 0.0 0.0
44.58966135978699 0.0 0.0
44.61405968666077 0.0 0.0
44.65014839172363 0.0 0.0
44.685420989990234 0.0 0.0
44.723918437957764 0.0 0.0
44.758888959884644 0.0 0.0
44.78278374671936 0.0 0.0
44.81868886947632 0.0 0.0
44.85483956336975 0.0 0.0
44.89203763008118 0.0 0.0
44.929850339889526 0.0 0.0
44.95569849014282 0.0 0.0
44.99301600456238 0.0 0.0
45.02761459350586 0.0 0.0
45.06393599510193 0.0 0.0
45.08695149421692 0.0 0.0
45.122700691223145 0.0 0.0
45.1590781211853 0.0 0.0
45.19572949409485 0.0 0.0
45.2314658164978 0.0 0.0
45.26767921447754 0.0 0.0
45.29220223426819 0.0 0.0
45.32906651496887 0.0 0.0
45.36616826057434 0.0 0.0
45.40440082550049 0.0 0.0
45.44238901138306 0.0 0.0
45.46068096160889 0.0 0.0
45.497230768203735 0.0 0.0
45.54301309585571 0.0 0.0
45.56934094429016 0.0 0.0
45.60260057449341 0.0 0.0
45.63868498802185 0.0 0.0
45.67579770088196 0.0 0.0
45.69936728477478 0.0 0.0
45.735841035842896 0.0 0.0
45.77171206474304 0.0 0.0
45.8090603351593 0.0 0.0
45.850438594818115 0.0 0.0
45.87132978439331 0.0 0.0
45.91192102432251 0.0 0.0
45.94010615348816 0.0 0.0
45.97613191604614 0.0 0.0
46.01303744316101 0.0 0.0
46.050018310546875 0.0 0.0
46.07360029220581 0.0 0.0
46.110541343688965 0.0 0.0
46.14735651016235 0.0 0.0
46.18390083312988 0.0 0.0
46.22004675865173 0.0 0.0
46.24360394477844 0.0 0.0
46.28039908409119 0.0 0.0
46.31636667251587 0.0 0.0
46.35240864753723 0.0 0.0
46.38304877281189 0.0 0.0
46.414942264556885 0.0 0.0
46.4524130821228 0.0 0.0
46.48894739151001 0.0 0.0
46.52589774131775 0.0 0.0
46.55029511451721 0.0 0.0
46.581581115722656 0.0 0.0
46.61927795410156 0.0 0.0
46.655921936035156 0.0 0.0
46.69167447090149 0.0 0.0
46.72027802467346 0.0 0.0
46.752779722213745 0.0 0.0
46.790984869003296 0.0 0.0
46.831825494766235 0.0 0.0
46.86371731758118 0.0 0.0
46.89997100830078 0.0 0.0
46.92461395263672 0.0 0.0
46.96105694770813 0.0 0.0
46.997032165527344 0.0 0.0
47.033785581588745 0.0 0.0
47.06225514411926 0.0 0.0
47.10258722305298 0.0 0.0
47.1392707824707 0.0 0.0
47.1672580242157 0.0 0.0
47.19954442977905 0.0 0.0
