0.16028189659118652 2.0 0.0 0.0 0.0 0.0
0.36304211616516113 2.0 0.9925759434700012 0.9474588632583618 0.05368933454155922 0.055223315954208374
0.5613510608673096 2.0 1.9722613096237183 1.9284332990646362 0.41264089941978455 0.4172428250312805
0.7622051239013672 2.0 1.8846051692962646 1.9722613096237183 0.8191458582878113 0.8390876054763794
0.966393232345581 2.0 1.9851518869400024 2.030268907546997 1.2195148468017578 1.2578644752502441
1.1632654666900635 2.0 1.9851518869400024 1.9400347471237183 1.6198838949203491 1.672039270401001
1.364478349685669 2.0 2.059917449951172 1.9722613096237183 1.9711655378341675 2.015650987625122
1.5652024745941162 2.0 2.255854368209839 2.0753860473632812 2.399146318435669 2.4114181995391846
1.7659494876861572 2.0 1.9988237619400024 2.091792345046997 2.8117871284484863 2.8301949501037598
1.9686291217803955 2.0 1.9722613096237183 2.059917449951172 3.2274959087371826 3.2612435817718506
2.1679229736328125 2.0 1.8949177265167236 1.9851518869400024 3.626331090927124 3.676952362060547
2.3690974712371826 2.0 1.9284332990646362 1.8846051692962646 4.023632049560547 4.081923484802246
2.5692758560180664 2.0 1.9722613096237183 2.0160892009735107 4.436273097991943 4.488428592681885
2.7696990966796875 2.0 1.9284332990646362 2.059917449951172 4.8473801612854 4.9026031494140625
2.97076416015625 2.0 2.030268907546997 1.9851518869400024 5.197127819061279 5.237010955810547
3.1745471954345703 2.0 1.9988237619400024 1.9058551788330078 5.605166435241699 5.63124418258667
3.3729913234710693 2.0 2.0753860473632812 1.9400347471237183 6.020875453948975 6.028545379638672
3.573021650314331 2.0 2.1205031871795654 1.9400347471237183 6.433516502380371 6.430448532104492
3.773919105529785 2.0 2.030268907546997 2.1205031871795654 6.8430891036987305 6.853826999664307
3.9754726886749268 2.0 1.9400347471237183 2.1205031871795654 7.168292999267578 7.197438716888428
4.175613641738892 2.0 1.9400347471237183 2.030268907546997 7.560992240905762 7.610079765319824
4.377489805221558 2.0 2.0160892009735107 1.8846051692962646 7.976701259613037 8.021186828613281
4.578179121017456 2.0 2.059917449951172 1.9722613096237183 8.40314769744873 8.421555519104004
4.778163909912109 2.0 1.9722613096237183 2.0160892009735107 8.821925163269043 8.84033203125
4.978086471557617 2.0 2.030268907546997 2.030268907546997 9.228429794311523 9.254507064819336
5.179086208343506 2.0 1.9284332990646362 1.8846051692962646 9.627264976501465 9.67021656036377
5.382064580917358 2.0 1.9284332990646362 1.9284332990646362 10.029168128967285 10.073653221130371
5.580061674118042 2.0 1.9722613096237183 2.0160892009735107 10.36817741394043 10.417264938354492
5.781365156173706 2.0 2.0160892009735107 2.0160892009735107 10.776216506958008 10.839109420776367
5.983856201171875 2.0 1.9851518869400024 1.9851518869400024 11.181187629699707 11.239479064941406
6.186118125915527 2.0 1.9722613096237183 1.8407771587371826 11.593828201293945 11.635246276855469
6.383425951004028 2.0 1.9722613096237183 1.9284332990646362 12.014139175415039 12.024876594543457
6.583519697189331 2.0 2.0753860473632812 2.030268907546997 12.429847717285156 12.429847717285156
6.7848944664001465 2.0 1.9284332990646362 2.059917449951172 12.840954780578613 12.851693153381348
6.985804080963135 2.0 1.8846051692962646 2.059917449951172 13.241324424743652 13.267401695251465
7.186877012252808 2.0 1.9988237619400024 1.9523394107818604 13.569596290588379 13.607945442199707
7.3867974281311035 2.0 1.9851518869400024 1.9400347471237183 13.97610092163086 14.015984535217285
7.586774826049805 2.0 2.030268907546997 2.030268907546997 14.396411895751953 14.430159568786621
7.7878029346466064 2.0 2.0160892009735107 1.9722613096237183 14.818256378173828 14.84280014038086
7.98902702331543 2.0 1.9523394107818604 2.0453081130981445 15.224761009216309 15.255440711975098
8.198164939880371 2.0 1.9722613096237183 2.059917449951172 15.631266593933105 15.668082237243652
8.389965057373047 2.0 2.030268907546997 1.9851518869400024 15.977946281433105 16.008625030517578
8.590711116790771 2.0 1.9851518869400024 2.1656203269958496 16.378314971923828 16.422800064086914
8.791407823562622 2.0 2.030268907546997 2.030268907546997 16.778684616088867 16.840044021606445
8.991260051727295 2.0 1.9284332990646362 1.9284332990646362 17.179052352905273 17.251150131225586
9.192198991775513 2.0 2.059917449951172 1.8846051692962646 17.591693878173828 17.643850326538086
9.394496202468872 2.0 1.9284332990646362 1.8407771587371826 18.01047134399414 18.028879165649414
9.59570598602295 2.0 1.9722613096237183 1.9722613096237183 18.432315826416016 18.435382843017578
9.794387340545654 2.0 1.9722613096237183 2.0160892009735107 18.84495735168457 18.848024368286133
9.994129657745361 2.0 1.9523394107818604 1.9988237619400024 19.174762725830078 19.187034606933594
10.19505524635315 2.0 1.9284332990646362 2.0160892009735107 19.57819938659668 19.60120964050293
10.39549469947815 2.0 1.9722613096237183 1.9722613096237183 19.984704971313477 20.01384925842285
10.5963294506073 2.0 2.030268907546997 2.0753860473632812 20.395811080932617 20.438762664794922
10.801210880279541 2.0 2.030268907546997 2.0753860473632812 20.747093200683594 20.78390884399414
11.198609352111816 2.0 2.0160892009735107 1.9284332990646362 21.57390785217285 21.59538459777832
11.398099422454834 2.0 2.0160892009735107 2.0160892009735107 21.9896183013916 22.011093139648438
11.598978757858276 2.0 1.9722613096237183 2.103745460510254 22.39765739440918 22.42987060546875
11.799185991287231 2.0 2.030268907546997 2.030268907546997 22.794958114624023 22.84864616394043
12.001890897750854 2.0 1.9851518869400024 1.9851518869400024 23.12169647216797 23.192258834838867
12.200969696044922 2.0 2.1656203269958496 1.9400347471237183 23.53280258178711 23.594161987304688
12.401752710342407 2.0 2.059917449951172 1.9722613096237183 23.953113555908203 23.986860275268555
12.60229754447937 2.0 2.0453081130981445 2.0453081130981445 24.36728858947754 24.388763427734375
12.802649021148682 2.0 1.9722613096237183 2.0160892009735107 24.78606414794922 24.79987144470215
13.00365400314331 2.0 1.9284332990646362 1.9284332990646362 25.186433792114258 25.200239181518555
13.204992055892944 2.0 2.0753860473632812 2.030268907546997 25.599075317382812 25.608278274536133
13.408316373825073 2.0 1.9851518869400024 2.030268907546997 25.996376037597656 26.01325035095215
13.606213092803955 2.0 2.030268907546997 2.030268907546997 26.39521026611328 26.433561325073242
13.807719469070435 2.0 2.0160892009735107 1.9284332990646362 26.735754013061523 26.781774520874023
14.00793170928955 2.0 2.0753860473632812 1.9400347471237183 27.14225959777832 27.182144165039062
14.20885181427002 2.0 2.103745460510254 1.9284332990646362 27.570240020751953 27.587114334106445
14.518077850341797 2.0 1.9722613096237183 2.059917449951172 27.989017486572266 28.00128936767578
14.60974383354187 2.0 1.9722613096237183 1.9722613096237183 28.397056579589844 28.429269790649414
14.809520721435547 2.0 1.9284332990646362 2.0160892009735107 28.73453140258789 28.777482986450195
15.011121988296509 2.0 1.9523394107818604 1.9988237619400024 29.185522079467773 29.251483917236328
15.21131420135498 2.0 1.9722613096237183 1.9284332990646362 29.526065826416016 29.588958740234375
15.412194728851318 2.0 1.9722613096237183 1.9722613096237183 29.93870735168457 29.990861892700195
15.61298394203186 2.0 1.9722613096237183 1.8407771587371826 30.351348876953125 30.392765045166016
15.815570592880249 2.0 2.030268907546997 1.9400347471237183 30.768590927124023 30.794668197631836
16.01661729812622 2.0 2.030268907546997 1.9400347471237183 31.178163528442383 31.193504333496094
16.214248657226562 2.0 1.9851518869400024 1.9400347471237183 31.589271545410156 31.595407485961914
16.415003538131714 2.0 1.9722613096237183 2.059917449951172 31.998844146728516 32.00804901123047
16.637052059173584 2.0 1.9851518869400024 2.0753860473632812 32.33631896972656 32.360862731933594
16.816946029663086 2.0 1.8949177265167236 2.1205031871795654 32.72901916503906 32.776573181152344
17.017125844955444 2.0 2.0753860473632812 2.1205031871795654 33.13245391845703 33.18307876586914
17.217713356018066 2.0 2.1092238426208496 1.965413212776184 33.55430221557617 33.5788459777832
17.41846466064453 2.0 1.9851518869400024 2.030268907546997 33.974609375 33.989952087402344
17.61853289604187 2.0 1.9284332990646362 1.9284332990646362 34.384185791015625 34.41026306152344
17.819942235946655 2.0 1.9400347471237183 1.9851518869400024 34.78608703613281 34.829036712646484
18.01993989944458 2.0 2.030268907546997 1.9851518869400024 35.12202835083008 35.17111587524414
18.221556425094604 2.0 1.9851518869400024 1.9851518869400024 35.52393341064453 35.576087951660156
18.421191453933716 2.0 1.9722613096237183 1.9722613096237183 35.93503952026367 35.99179458618164
18.622314453125 2.0 2.0160892009735107 1.9284332990646362 36.34461212158203 36.401371002197266
18.823179483413696 2.0 1.9284332990646362 1.8407771587371826 36.75725173950195 36.79867172241211
19.02354335784912 2.0 1.9722613096237183 1.9284332990646362 37.16989517211914 37.18830108642578
19.22462487220764 2.0 1.9851518869400024 1.9400347471237183 37.5196418762207 37.51810836791992
19.425142765045166 2.0 1.9722613096237183 2.059917449951172 37.999778747558594 38.0074462890625
19.626654386520386 2.0 1.9284332990646362 2.0160892009735107 38.341854095458984 38.3541259765625
19.8260715007782 2.0 1.9058551788330078 1.9988237619400024 38.72381591796875 38.76369857788086
20.02666735649109 2.0 1.9851518869400024 1.9851518869400024 39.127254486083984 39.174808502197266
20.227654218673706 2.0 2.103745460510254 1.8846051692962646 39.55063247680664 39.579776763916016
20.42871403694153 2.0 2.0160892009735107 2.0160892009735107 39.972476959228516 39.995487213134766
20.628973484039307 2.0 1.9722613096237183 2.0160892009735107 40.3206901550293 40.342166900634766
20.833978414535522 2.0 1.9851518869400024 2.0753860473632812 40.78855514526367 40.831504821777344
21.02998113632202 2.0 1.9284332990646362 1.9284332990646362 41.13216781616211 41.17051696777344
21.231146574020386 2.0 1.9722613096237183 1.9722613096237183 41.538673400878906 41.58162307739258
21.431339502334595 2.0 2.0160892009735107 2.0160892009735107 41.942108154296875 42.00193405151367
21.63340139389038 2.0 1.9174762964248657 2.013350009918213 42.333274841308594 42.405372619628906
21.832801818847656 2.0 2.0160892009735107 1.9284332990646362 42.745914459228516 42.80420684814453
22.034173488616943 2.0 2.0753860473632812 1.8949177265167236 43.15855407714844 43.18463134765625
22.234631538391113 2.0 2.030268907546997 1.9851518869400024 43.50676727294922 43.51443862915039
22.435813426971436 2.0 2.059917449951172 2.0160892009735107 43.92554473876953 43.93168258666992
22.636240005493164 2.0 1.9851518869400024 1.9400347471237183 44.33051681518555 44.34125518798828
22.837260246276855 2.0 1.9284332990646362 1.9722613096237183 44.72628402709961 44.756961822509766
23.03836226463318 2.0 1.9851518869400024 2.030268907546997 45.131256103515625 45.171138763427734
23.239569664001465 2.0 1.9400347471237183 2.0753860473632812 45.471797943115234 45.511680603027344
