0.37511157989501953 4.0 0.0 0.0 0.0 0.0
0.561927080154419 4.0 2.0753860473632812 2.1656203269958496 0.12425246089696884 0.12425246089696884
0.7623364925384521 4.0 3.970303773880005 4.060537815093994 0.7209710478782654 0.7225050330162048
0.9640607833862305 4.0 3.7692103385925293 3.8568665981292725 1.5247770547866821 1.564660668373108
1.1641075611114502 4.0 3.9445226192474365 3.6815543174743652 2.3469908237457275 2.359262704849243
1.3648309707641602 4.0 3.9445226192474365 3.9006946086883545 3.1692047119140625 3.1630687713623047
1.5690975189208984 4.0 4.060537815093994 3.8800694942474365 3.979146718978882 3.969942808151245
1.7667999267578125 4.0 3.765226125717163 4.1371002197265625 4.787554740905762 4.795224666595459
1.9668207168579102 4.0 4.074636936187744 4.074636936187744 5.600564479827881 5.617438316345215
2.1676294803619385 4.0 3.9445226192474365 4.0321784019470215 6.4350504875183105 6.430448532104492
2.3683931827545166 4.0 3.8800694942474365 4.1507720947265625 7.116137981414795 7.136079788208008
2.5692389011383057 4.0 3.9883506298065186 3.9006946086883545 7.916875839233398 7.956759452819824
2.7701756954193115 4.0 4.1507720947265625 3.970303773880005 8.746759414672852 8.757497787475586
2.972383499145508 4.0 4.105655193328857 3.8349525928497314 9.568973541259766 9.564371109008789
3.171288251876831 4.0 4.1507720947265625 4.195888996124268 10.394255638122559 10.374313354492188
3.3718976974487305 4.0 3.9006946086883545 4.076006889343262 11.198060989379883 11.214935302734375
3.572539806365967 4.0 3.9883506298065186 3.9006946086883545 11.879148483276367 11.891420364379883
3.7729854583740234 4.0 4.090616226196289 4.276553153991699 12.844022750854492 12.85015869140625
3.973583221435547 4.0 4.015420913696289 4.060537815093994 13.51590633392334 13.54351806640625
4.17492938041687 4.0 4.105655193328857 4.195888996124268 14.328916549682617 14.361129760742188
4.3753345012664795 4.0 4.1507720947265625 4.060537815093994 15.16186809539795 15.180275917053223
4.575934410095215 4.0 4.195888996124268 4.060537815093994 15.982547760009766 15.97027587890625
4.777292490005493 4.0 4.015420913696289 4.241006374359131 16.792490005493164 16.787887573242188
4.980440378189087 4.0 3.8130385875701904 3.9883506298065186 17.456703186035156 17.484315872192383
5.1780900955200195 4.0 4.286123275756836 3.970303773880005 18.30039405822754 18.297325134277344
5.37880802154541 4.0 3.9445226192474365 4.076006889343262 19.124141693115234 19.139480590820312
5.579272031784058 4.0 3.9046788215637207 4.090616226196289 19.934083938598633 19.952491760253906
5.780468463897705 4.0 4.015420913696289 4.015420913696289 20.75169563293457 20.785442352294922
5.981091260910034 4.0 3.9883506298065186 3.637726306915283 21.567771911621094 21.57084083557129
6.181634426116943 4.0 3.9883506298065186 3.9006946086883545 22.402257919311523 22.38385009765625
6.382513761520386 4.0 3.9046788215637207 3.997647523880005 23.2029972076416 23.21066665649414
6.583447694778442 4.0 4.241006374359131 4.105655193328857 23.88101577758789 23.890220642089844
6.786203622817993 4.0 4.1507720947265625 4.1507720947265625 24.720104217529297 24.72317123413086
6.984245300292969 4.0 3.9883506298065186 3.7253823280334473 25.540782928466797 25.546918869018555
7.185328483581543 4.0 3.970303773880005 4.015420913696289 26.35379409790039 26.376802444458008
7.385894536972046 4.0 3.9006946086883545 3.7692103385925293 27.159133911132812 27.200551986694336
7.586787939071655 4.0 3.9883506298065186 3.9445226192474365 27.98441505432129 27.97674560546875
7.787438631057739 4.0 3.9006946086883545 3.9006946086883545 28.67777442932129 28.667036056518555
7.990575075149536 4.0 3.8130385875701904 3.8568665981292725 29.48311424255371 29.484649658203125
8.18826699256897 4.0 4.105655193328857 4.060537815093994 30.303794860839844 30.311464309692383
8.389519929885864 4.0 4.015420913696289 3.970303773880005 31.124473571777344 31.133678436279297
8.590021133422852 4.0 3.970303773880005 4.105655193328857 31.951290130615234 31.95435905456543
8.790440797805786 4.0 3.8117103576660156 3.9511632919311523 32.75202941894531 32.79191207885742
8.99251127243042 4.0 4.060537815093994 3.8349525928497314 33.426979064941406 33.45458984375
9.20070195198059 4.0 4.1371002197265625 3.997647523880005 34.39799118041992 34.394920349121094
9.392207145690918 4.0 3.9006946086883545 3.8568665981292725 35.0744743347168 35.06987380981445
9.592754125595093 4.0 3.8130385875701904 3.9445226192474365 35.88901901245117 35.881351470947266
9.795252799987793 4.0 3.9251866340637207 3.970303773880005 36.694358825683594 36.71430206298828
9.994740009307861 4.0 4.195888996124268 3.970303773880005 37.53038024902344 37.521175384521484
10.197092056274414 4.0 4.015420913696289 4.195888996124268 38.35565948486328 38.36946487426758
10.396121740341187 4.0 4.015420913696289 3.970303773880005 39.01527404785156 39.05208969116211
10.597707033157349 4.0 3.9883506298065186 3.9883506298065186 39.972476959228516 39.99702072143555
10.797679424285889 4.0 3.9046788215637207 3.858194589614868 40.653564453125 40.664302825927734
10.999202251434326 4.0 4.1507720947265625 4.105655193328857 41.48191452026367 41.469642639160156
11.198099851608276 4.0 3.9006946086883545 3.9883506298065186 42.29952621459961 42.30719757080078
11.399298429489136 4.0 4.076006889343262 3.8130385875701904 43.109466552734375 43.12480926513672
11.600326538085938 4.0 4.105655193328857 4.1507720947265625 43.95315933227539 43.95008850097656
11.800456762313843 4.0 3.970303773880005 3.970303773880005 44.760032653808594 44.783042907714844
12.003172159194946 4.0 4.015420913696289 4.105655193328857 45.4395866394043 45.46566390991211
