0.18752765655517578 6.0 0.0 0.0 0.0 0.0
0.38512730598449707 6.0 4.090616226196289 4.230068683624268 0.3221360146999359 0.3328738808631897
0.5852644443511963 6.0 6.045690059661865 6.181041240692139 1.2701362371444702 1.2870100736618042
0.7877271175384521 6.0 6.000572681427002 6.045690059661865 2.497321128845215 2.549476385116577
0.9874668121337891 6.0 6.045690059661865 6.09080696105957 3.72450590133667 3.7873990535736084
1.1885216236114502 6.0 6.004439830780029 5.697643756866455 4.960894584655762 5.013050079345703
1.3972723484039307 6.0 5.829127788543701 5.872955799102783 6.191147327423096 6.237166881561279
1.5925843715667725 6.0 6.181041240692139 6.181041240692139 7.41986608505249 7.464351654052734
1.7919399738311768 6.0 5.764050006866455 5.996471405029297 8.642449378967285 8.702274322509766
1.992309808731079 6.0 6.226158142089844 6.181041240692139 9.679420471191406 9.736177444458008
2.194986581802368 6.0 6.000572681427002 5.8652215003967285 10.903536796569824 10.961828231811523
2.3948230743408203 6.0 5.996471405029297 5.996471405029297 12.331673622131348 12.382294654846191
2.5952935218811035 6.0 5.8652215003967285 5.955455780029297 13.353304862976074 13.3931884765625
2.7961232662200928 6.0 5.872955799102783 5.829127788543701 14.591227531433105 14.643383026123047
3.0194947719573975 6.0 6.09080696105957 6.361509323120117 15.614392280578613 15.684955596923828
3.1982758045196533 6.0 6.09080696105957 5.955455780029297 17.06707191467285 17.129966735839844
3.39854097366333 6.0 5.916783809661865 5.785299777984619 18.30192756652832 18.358684539794922
3.614485263824463 6.0 6.181041240692139 6.045690059661865 19.127208709716797 19.16095733642578
3.801523447036743 6.0 6.048267841339111 6.048267841339111 20.773170471191406 20.817655563354492
4.051358699798584 6.0 5.872955799102783 5.960611820220947 21.80093765258789 21.868432998657227
4.207470893859863 6.0 6.048267841339111 5.872955799102783 22.63542366027832 22.69831657409668
4.402709722518921 6.0 6.135923862457275 5.820104598999023 24.269113540649414 24.319734573364258
4.6032891273498535 6.0 5.872955799102783 6.048267841339111 25.50396728515625 25.55152130126953
4.826866865158081 6.0 6.181041240692139 6.045690059661865 26.53633689880371 26.58849334716797
5.005028247833252 6.0 6.04295539855957 5.996471405029297 27.765056610107422 27.8371524810791
5.205483436584473 6.0 6.181041240692139 6.271275043487549 28.996843338012695 29.068939208984375
5.438113451004028 6.0 6.09080696105957 5.820104598999023 30.225561141967773 30.28692054748535
5.612515449523926 6.0 5.785299777984619 5.916783809661865 31.461950302124023 31.51410484313965
5.809086084365845 6.0 5.829127788543701 6.048267841339111 32.690670013427734 32.75049591064453
6.010252475738525 6.0 6.09080696105957 5.955455780029297 33.905582427978516 33.974609375
6.2100489139556885 6.0 5.872955799102783 6.2235798835754395 34.93641662597656 35.01771926879883
6.4118430614471436 6.0 6.000572681427002 5.910338401794434 36.159000396728516 36.23569869995117
6.610997200012207 6.0 5.955455780029297 6.000572681427002 37.395389556884766 37.46134948730469
6.81363320350647 6.0 6.09080696105957 6.226158142089844 38.62870788574219 38.69927215576172
7.013150453567505 6.0 6.048267841339111 5.829127788543701 39.87430191040039 39.94179916381836
7.213666200637817 6.0 6.135923862457275 6.135923862457275 41.1060905456543 41.19352722167969
7.414201736450195 6.0 6.045690059661865 6.000572681427002 42.33174133300781 42.416107177734375
7.614304065704346 6.0 6.000572681427002 6.045690059661865 43.373313903808594 43.44847869873047
7.8149213790893555 6.0 5.916783809661865 6.048267841339111 44.609703063964844 44.669525146484375
