0.28553056716918945 0.0 0.0
0.32210707664489746 0.0 0.0
0.34737634658813477 0.0 0.0
0.3830585479736328 0.0 0.0
0.4181201457977295 0.0 0.0
0.4488973617553711 0.0 0.0
0.4846529960632324 0.0 0.0
0.52189040184021 0.0 0.0
0.545487642288208 0.0 0.0
0.5811767578125 0.0 0.0
0.6170375347137451 0.0 0.0
0.649944543838501 0.0 0.0
0.6853609085083008 0.0 0.0
0.7220609188079834 0.0 0.0
0.758192777633667 0.0 0.0
0.7822904586791992 0.0 0.0
0.8180174827575684 0.0 0.0
0.8533265590667725 0.0 0.0
0.8892815113067627 0.0 0.0
0.9217116832733154 0.0 0.0
0.9520282745361328 0.0 0.0
0.9865367412567139 0.0 0.0
1.0235586166381836 0.0 0.0
1.058426856994629 0.0 0.0
1.0958051681518555 0.0 0.0
1.1265795230865479 0.0 0.0
1.1653552055358887 0.0 0.0
1.2000770568847656 0.0 0.0
1.2357878684997559 0.0 0.0
1.2604844570159912 0.0 0.0
1.2940199375152588 0.0 0.0
1.3314197063446045 0.0 0.0
1.3674817085266113 0.0 0.0
1.4010558128356934 0.0 0.0
1.4291009902954102 0.0 0.0
1.4640908241271973 0.0 0.0
1.4979026317596436 0.0 0.0
1.534757137298584 0.0 0.0
1.5736422538757324 0.0 0.0
1.6001675128936768 0.0 0.0
1.6328141689300537 0.0 0.0
1.6702349185943604 0.0 0.0
1.7091383934020996 0.0 0.0
1.740159034729004 0.0 0.0
1.771228551864624 0.0 0.0
1.8001627922058105 0.0 0.0
1.8371920585632324 0.0 0.0
1.875195026397705 0.0 0.0
1.9107029438018799 0.0 0.0
1.9443576335906982 0.0 0.0
1.9770958423614502 0.0 0.0
2.0118343830108643 0.0 0.0
2.039964437484741 0.0 0.0
2.0724449157714844 0.0 0.0
2.1114182472229004 0.0 0.0
2.15207576751709 0.0 0.0
2.1817991733551025 0.0 0.0
2.2169501781463623 0.0 0.0
2.2456119060516357 0.0 0.0
2.286775827407837 0.0 0.0
2.323438882827759 0.04511708766222 0.0
2.3535315990448 0.04511708766222 0.0
2.3821160793304443 0.0 0.0
2.4177801609039307 -0.04511708766222 0.0
2.4551587104797363 0.0 0.0
2.4842774868011475 0.0 -0.09023417532444
2.5242350101470947 0.0 0.0
2.5601348876953125 0.0 0.04511708766222
2.5850698947906494 0.0 0.04648427292704582
2.617889881134033 0.0 0.0
2.6543867588043213 0.04511708766222 0.0
2.6927220821380615 0.04511708766222 0.0
2.717719078063965 0.0 0.04648427292704582
2.754751443862915 0.0 0.0
2.79541015625 0.09023417532444 0.04511708766222
2.828076124191284 0.1353512704372406 0.04511708766222
2.858581781387329 0.1753121167421341 0.13148409128189087
2.8928096294403076 0.2255854457616806 0.1353512704372406
2.9298856258392334 0.4060537815093994 0.2707025408744812
2.9536514282226562 0.4962879717350006 0.4511708915233612
2.9904587268829346 0.5414050817489624 0.6767563223838806
3.027315139770508 0.5414050817489624 0.9925759434700012
3.0634765625 0.6316392421722412 1.1279271841049194
3.099055767059326 0.6767563223838806 1.308395504951477
3.127934694290161 0.72187340259552 1.4888639450073242
3.163970470428467 0.9474588632583618 1.4888639450073242
3.200765609741211 1.1730443239212036 1.7595664262771606
3.2237844467163086 1.3480439186096191 1.9988237619400024
3.260702133178711 1.8046835660934448 2.3460886478424072
3.2963647842407227 2.2107372283935547 2.4814398288726807
3.332956075668335 2.4814398288726807 2.797259569168091
3.370145082473755 2.526556968688965 2.7521424293518066
3.4056944847106934 2.9326107501983643 3.113079071044922
3.4341728687286377 3.1117899417877197 3.1556179523468018
3.475473642349243 3.2935473918914795 3.2935473918914795
3.5076303482055664 3.428898811340332 3.474015712738037
3.551804780960083 3.7898354530334473 3.474015712738037
3.565856695175171 3.6257731914520264 3.7187418937683105
3.601372003555298 3.970303773880005 3.6544840335845947
3.638033151626587 3.970303773880005 3.744718313217163
3.6750171184539795 3.9251866340637207 3.7898354530334473
3.709872245788574 3.9251866340637207 3.7898354530334473
3.7416915893554688 3.858194589614868 3.7187418937683105
3.7779171466827393 3.462414264678955 3.593898296356201
3.813790798187256 3.6093671321868896 3.6093671321868896
3.8367950916290283 3.4514572620391846 3.7390787601470947
3.8758738040924072 3.428898811340332 3.383781671524048
3.905472993850708 3.2935473918914795 3.744718313217163
3.941396951675415 3.158196210861206 3.474015712738037
3.9769985675811768 3.2935473918914795 3.383781671524048
4.013885021209717 3.158196210861206 3.474015712738037
4.037568092346191 3.2074148654937744 3.3933517932891846
4.074272632598877 3.3386645317077637 3.383781671524048
4.110221862792969 3.383781671524048 3.2935473918914795
4.145765542984009 3.2935473918914795 3.2935473918914795
4.182152986526489 3.383781671524048 3.113079071044922
4.2178003787994385 3.5191328525543213 3.158196210861206
4.246870517730713 3.346867561340332 3.2074148654937744
4.282886743545532 3.5642499923706055 3.158196210861206
4.320772886276245 3.5191328525543213 3.113079071044922
4.356722354888916 3.5191328525543213 3.2935473918914795
4.378093004226685 3.6093671321868896 3.2935473918914795
4.414443492889404 3.5191328525543213 3.474015712738037
4.454866170883179 3.5642499923706055 3.383781671524048
4.492813348770142 3.5191328525543213 3.6093671321868896
4.527737855911255 3.699601173400879 3.5191328525543213
4.549014329910278 3.6544840335845947 3.8800694942474365
4.583930730819702 3.699601173400879 3.6093671321868896
4.619887828826904 3.8349525928497314 3.7898354530334473
4.6558449268341064 3.744718313217163 3.699601173400879
4.6950201988220215 3.8800694942474365 3.744718313217163
4.720620393753052 3.8800694942474365 3.699601173400879
4.75534200668335 3.9251866340637207 3.744718313217163
4.791599988937378 4.015420913696289 3.6544840335845947
4.827390193939209 3.970303773880005 3.744718313217163
4.864827632904053 3.9251866340637207 3.6544840335845947
4.90190052986145 4.060537815093994 3.699601173400879
4.925695896148682 3.997647523880005 3.8117103576660156
4.965021133422852 3.8349525928497314 3.9251866340637207
5.001061201095581 4.015420913696289 3.8800694942474365
5.025694370269775 3.9251866340637207 3.9251866340637207
5.0653321743011475 4.060537815093994 4.105655193328857
5.098058700561523 3.970303773880005 4.015420913696289
5.135641813278198 4.105655193328857 4.241006374359131
5.172422647476196 3.8800694942474365 4.241006374359131
5.195098638534546 4.060537815093994 4.1507720947265625
5.232182264328003 3.970303773880005 4.286123275756836
5.269623756408691 4.060537815093994 4.1507720947265625
5.300622940063477 4.25131893157959 4.338974952697754
5.336787223815918 4.105655193328857 4.195888996124268
5.379437685012817 4.060537815093994 4.421474456787109
5.400970697402954 4.286123275756836 4.601943016052246
5.437737703323364 4.076006889343262 4.207490921020508
5.47481107711792 4.230068683624268 4.694911479949951
5.511581659317017 4.286123275756836 4.6921772956848145
5.547322750091553 4.241006374359131 4.376357555389404
5.571103811264038 4.195888996124268 4.601943016052246
5.607892990112305 4.376357555389404 4.331240653991699
5.644720792770386 4.1507720947265625 4.241006374359131
5.672713756561279 4.426630973815918 4.25131893157959
5.709686040878296 4.466591835021973 4.195888996124268
5.746857643127441 4.511708736419678 4.241006374359131
5.782317399978638 4.647059917449951 4.241006374359131
5.8183274269104 4.466591835021973 4.376357555389404
5.84701132774353 4.6921772956848145 4.511708736419678
5.882472038269043 4.601943016052246 4.556826114654541
5.917941331863403 4.556826114654541 4.647059917449951
5.954288482666016 4.7372941970825195 4.782411575317383
5.977839946746826 4.7372941970825195 4.7372941970825195
6.014652252197266 4.6921772956848145 4.872645378112793
6.050097703933716 4.872645378112793 4.7372941970825195
6.089471817016602 4.827528476715088 4.647059917449951
6.1224424839019775 4.872645378112793 4.556826114654541
6.160807371139526 4.6921772956848145 4.241006374359131
6.180038928985596 4.841627597808838 4.506069183349609
6.220965385437012 4.647059917449951 4.195888996124268
6.251410007476807 4.782411575317383 4.241006374359131
6.290719747543335 4.6921772956848145 4.421474456787109
6.321765184402466 4.426630973815918 4.295146942138672
6.3580873012542725 4.6921772956848145 4.421474456787109
6.396764278411865 4.376357555389404 4.556826114654541
6.421266555786133 4.470458984375 4.382802963256836
6.459716558456421 4.556826114654541 4.556826114654541
6.499231576919556 4.376357555389404 4.511708736419678
6.5321619510650635 4.556826114654541 4.556826114654541
6.555809736251831 4.421474456787109 4.331240653991699
6.592578411102295 4.421474456787109 4.376357555389404
6.628695487976074 4.421474456787109 4.511708736419678
6.665732383728027 4.1507720947265625 4.556826114654541
6.7018725872039795 4.466591835021973 4.556826114654541
6.739057302474976 4.286123275756836 4.601943016052246
6.762126922607422 3.9511632919311523 4.5554585456848145
6.797799110412598 4.331240653991699 4.6921772956848145
6.833539724349976 4.195888996124268 4.466591835021973
6.872159481048584 4.105655193328857 4.421474456787109
6.899977922439575 4.382802963256836 4.470458984375
6.936922550201416 4.1507720947265625 4.511708736419678
6.974589824676514 4.331240653991699 4.421474456787109
7.00236177444458 4.286123275756836 4.286123275756836
7.037896633148193 4.1507720947265625 4.241006374359131
7.074091196060181 4.331240653991699 4.421474456787109
7.109700441360474 4.241006374359131 4.376357555389404
7.133088827133179 3.970303773880005 4.286123275756836
7.170174837112427 4.060537815093994 4.421474456787109
7.206207513809204 4.060537815093994 4.376357555389404
7.244715213775635 3.8349525928497314 4.601943016052246
7.278252840042114 3.970303773880005 4.6921772956848145
7.306548833847046 4.105655193328857 4.601943016052246
7.342372179031372 3.8800694942474365 4.7372941970825195
7.3786914348602295 3.9251866340637207 4.286123275756836
7.414590120315552 3.970303773880005 4.421474456787109
7.450091123580933 3.9251866340637207 4.421474456787109
7.475983381271362 4.183584690093994 3.9511632919311523
7.510421514511108 4.195888996124268 4.195888996124268
7.545604228973389 4.195888996124268 4.105655193328857
7.582822561264038 4.421474456787109 3.970303773880005
7.6187660694122314 4.331240653991699 4.1507720947265625
7.662070989608765 4.511708736419678 4.1507720947265625
7.687035799026489 4.556826114654541 4.015420913696289
7.7122743129730225 4.331240653991699 4.241006374359131
7.745795965194702 4.511708736419678 4.1507720947265625
7.782597064971924 4.511708736419678 4.511708736419678
7.820935010910034 4.511708736419678 4.331240653991699
7.855754375457764 4.511708736419678 4.241006374359131
7.892689228057861 4.421474456787109 4.421474456787109
7.921220541000366 4.556826114654541 4.331240653991699
7.952605962753296 4.7372941970825195 4.195888996124268
7.989373207092285 4.331240653991699 4.286123275756836
8.02625298500061 4.511708736419678 4.195888996124268
8.063452005386353 4.286123275756836 4.1507720947265625
8.086994886398315 4.421474456787109 4.241006374359131
8.124199628829956 4.421474456787109 4.1507720947265625
8.155725479125977 4.1507720947265625 4.241006374359131
8.194432258605957 4.195888996124268 4.195888996124268
8.222367763519287 4.183584690093994 4.044131755828857
8.254810333251953 4.060537815093994 4.1507720947265625
8.289438486099243 3.970303773880005 4.105655193328857
8.328979730606079 3.970303773880005 3.8800694942474365
8.361989259719849 4.060537815093994 3.9251866340637207
8.394372463226318 4.044131755828857 3.858194589614868
8.428375005722046 4.1507720947265625 3.7898354530334473
8.465149641036987 4.466591835021973 4.1507720947265625
8.502006769180298 4.331240653991699 4.105655193328857
8.534608840942383 4.369521617889404 4.044131755828857
8.56196117401123 4.6921772956848145 4.331240653991699
8.598686695098877 4.556826114654541 4.376357555389404
8.626590490341187 4.5554585456848145 4.369521617889404
8.657710075378418 4.7372941970825195 4.782411575317383
8.694522619247437 4.466591835021973 4.556826114654541
8.731141567230225 4.6921772956848145 4.872645378112793
8.772599697113037 4.421474456787109 4.647059917449951
8.803419828414917 4.511708736419678 4.782411575317383
8.830979824066162 4.466591835021973 4.7372941970825195
8.867643117904663 4.376357555389404 4.376357555389404
8.90407133102417 4.511708736419678 4.782411575317383
8.932088136672974 4.462490081787109 4.601943016052246
8.964614391326904 4.6921772956848145 4.647059917449951
9.004267692565918 4.556826114654541 4.556826114654541
9.036733865737915 4.376357555389404 4.466591835021973
9.072709321975708 4.556826114654541 4.7372941970825195
9.108577966690063 4.601943016052246 4.6921772956848145
9.145421028137207 4.466591835021973 4.827528476715088
9.168670415878296 4.323037147521973 4.927332878112793
9.202248096466064 4.601943016052246 4.7372941970825195
9.237797021865845 4.376357555389404 4.872645378112793
9.274434804916382 4.331240653991699 4.647059917449951
9.312334060668945 4.376357555389404 4.6921772956848145
9.337966918945312 4.323037147521973 4.741395950317383
9.375231504440308 4.331240653991699 4.466591835021973
9.415653467178345 4.060537815093994 4.6921772956848145
9.439119100570679 4.241006374359131 4.827528476715088
9.475960731506348 4.1507720947265625 4.601943016052246
9.512057065963745 4.105655193328857 4.6921772956848145
9.548145294189453 4.241006374359131 4.376357555389404
9.576802253723145 4.090616226196289 4.601943016052246
9.61509370803833 4.195888996124268 4.1507720947265625
9.65056562423706 4.241006374359131 4.060537815093994
9.680089473724365 3.9006946086883545 4.0321784019470215
9.720839262008667 4.195888996124268 3.8349525928497314
9.761689186096191 4.286123275756836 3.699601173400879
9.775763750076294 3.970303773880005 4.015420913696289
9.817710876464844 4.508974552154541 3.765226125717163
9.852722883224487 4.241006374359131 3.6544840335845947
9.888078451156616 4.241006374359131 3.699601173400879
9.923969745635986 4.286123275756836 3.7898354530334473
9.953269004821777 4.060537815093994 3.6093671321868896
9.985787153244019 4.241006374359131 3.9251866340637207
10.021126985549927 4.241006374359131 3.744718313217163
10.050228118896484 4.044131755828857 3.6257731914520264
10.086125135421753 4.1507720947265625 3.7898354530334473
10.123590469360352 4.195888996124268 3.428898811340332
10.147438764572144 3.9511632919311523 3.346867561340332
10.184244871139526 4.1507720947265625 2.9326107501983643
10.22211503982544 3.6544840335845947 2.4814398288726807
10.25580096244812 3.2484302520751953 2.1656203269958496
10.292065620422363 2.88749361038208 1.6693322658538818
10.316872358322144 2.1205031871795654 1.1730443239212036
10.353986978530884 1.44374680519104 0.72187340259552
10.392379760742188 0.4962879717350006 0.09023417532444
10.427281856536865 0.0 0.0
10.468683242797852 -0.09023417532444 0.0
10.50037407875061 -0.09023417532444 0.0
10.524596691131592 -0.08765605837106705 0.0
10.56205439567566 -0.04511708766222 0.0
10.605072259902954 0.0 0.0
10.633967399597168 0.0 0.0
10.662460327148438 0.0 0.0
10.698291778564453 0.04511708766222 -0.04511708766222
10.734178304672241 0.0 0.0
10.770038366317749 0.0 -0.04511708766222
10.808013916015625 0.0 -0.04511708766222
10.830363512039185 0.0 -0.09023417532444
10.870581150054932 0.09023417532444 -0.18046835064888
10.906723022460938 0.1353512704372406 -0.36093670129776
10.943676948547363 0.04511708766222 -0.4511708915233612
10.9675133228302 0.04511708766222 -0.5865221619606018
11.009191274642944 0.04511708766222 -0.4962879717350006
11.045964002609253 0.0 -0.4060537815093994
11.081161737442017 0.0 -0.2707025408744812
11.101248741149902 0.043828029185533524 -0.21914014220237732
11.138061761856079 0.09023417532444 -0.18046835064888
11.176267623901367 0.2255854457616806 -0.09023417532444
11.21039867401123 0.4060537815093994 -0.2255854457616806
11.246346712112427 0.6316392421722412 -0.36093670129776
11.270318269729614 0.857224702835083 -0.5414050817489624
11.311632633209229 1.0376930236816406 -0.6767563223838806
11.346788167953491 1.0828101634979248 -1.0828101634979248
11.382651805877686 1.0376930236816406 -1.3986297845840454
11.418351650238037 1.0376930236816406 -1.7595664262771606
11.455686569213867 0.9474588632583618 -2.3912057876586914
11.479712963104248 0.857224702835083 -2.616791009902954
11.518224239349365 0.8121075630187988 -3.0679619312286377
11.554001331329346 0.9925759434700012 -3.699601173400879
11.590725898742676 0.9925759434700012 -3.7898354530334473
11.615081787109375 1.051872730255127 -3.9006946086883545
11.650725603103638 1.1279271841049194 -4.421474456787109
11.693896532058716 1.0828101634979248 -4.060537815093994
11.729679822921753 0.9023417830467224 -4.195888996124268
11.763411521911621 0.7437483668327332 -4.648427486419678
11.792457342147827 0.6316392421722412 -3.9251866340637207
11.828418016433716 0.72187340259552 -4.511708736419678
11.84907579421997 0.836716890335083 -4.601943016052246
11.894078969955444 1.2181613445281982 -4.195888996124268
11.927692890167236 1.9851518869400024 -4.6921772956848145
11.965449810028076 2.3912057876586914 -4.466591835021973
11.989325761795044 2.7070252895355225 -4.241006374359131
12.025553941726685 3.2935473918914795 -4.241006374359131
12.06161904335022 3.474015712738037 -3.6093671321868896
12.09843635559082 3.744718313217163 -3.428898811340332
12.126518487930298 4.044131755828857 -3.1144461631774902
12.162657022476196 4.286123275756836 -2.88749361038208
12.203080892562866 4.119834899902344 -2.410541534423828
12.234434366226196 4.601943016052246 -2.2107372283935547
12.258241176605225 4.741395950317383 -1.9523394107818604
12.296684503555298 4.90873908996582 -1.6654651165008545
12.330654382705688 5.504284858703613 -1.6693322658538818
12.365700721740723 5.45916748046875 -1.714449405670166
12.402681350708008 6.000572681427002 -1.8046835660934448
12.438442707061768 5.684752941131592 -1.3535126447677612
12.468191862106323 5.903502464294434 -1.1621068716049194
12.501158237457275 5.504284858703613 -0.4060537815093994
12.547996997833252 5.8652215003967285 0.0
12.572449445724487 4.782411575317383 0.18046835064888
12.596827268600464 4.648427486419678 0.2324213683605194
12.632926225662231 3.7898354530334473 0.36093670129776
12.669423818588257 2.797259569168091 0.5865221619606018
12.705429315567017 1.3986297845840454 0.4511708915233612
12.744030952453613 0.1353512704372406 0.72187340259552
12.768275022506714 -0.04511708766222 0.3158196210861206
12.80519151687622 -0.04511708766222 0.18046835064888
12.840704202651978 -0.04511708766222 0.04511708766222
12.876101732254028 -0.04511708766222 0.0
12.914054870605469 0.04511708766222 0.0
12.939292192459106 0.0 0.0
12.974215030670166 0.0 0.09023417532444
13.009401559829712 0.0 0.2255854457616806
13.047078847885132 0.0 0.1353512704372406
13.081665754318237 0.0 0.2255854457616806
13.106066942214966 0.0 0.4183584451675415
13.146002292633057 0.04511708766222 0.5414050817489624
13.179923057556152 0.04511708766222 0.72187340259552
13.213602542877197 0.09023417532444 0.9023417830467224
13.257494449615479 0.09023417532444 1.1730443239212036
13.286591053009033 0.09023417532444 1.44374680519104
13.311100244522095 0.2324213683605194 1.719918131828308
13.34691047668457 0.4060537815093994 2.1656203269958496
13.382683992385864 0.6767563223838806 2.797259569168091
13.428169250488281 1.0828101634979248 2.88749361038208
13.453998565673828 1.4888639450073242 3.113079071044922
13.485268354415894 1.9523394107818604 3.346867561340332
13.516541719436646 2.616791009902954 3.474015712738037
13.552603006362915 3.0679619312286377 3.5642499923706055
13.588586330413818 3.5191328525543213 3.8800694942474365
13.612766981124878 3.9251866340637207 3.8349525928497314
13.650671482086182 4.195888996124268 3.970303773880005
13.685627222061157 4.647059917449951 4.241006374359131
13.722550630569458 4.782411575317383 4.015420913696289
13.751996517181396 5.007996559143066 4.286123275756836
13.786128997802734 5.007996559143066 4.601943016052246
13.822215795516968 5.143348217010498 4.511708736419678
13.858535289764404 5.143348217010498 4.6921772956848145
13.931051015853882 5.233582019805908 4.7372941970825195
13.938267707824707 5.414050579071045 4.782411575317383
13.956939697265625 5.159754276275635 4.927332878112793
13.992228746414185 5.729870319366455 4.7372941970825195
14.028000831604004 5.504284858703613 4.962879657745361
14.059155225753784 5.77498722076416 4.601943016052246
14.09292221069336 5.549401760101318 4.917762756347656
14.130202293395996 5.820104598999023 4.782411575317383
14.166861057281494 5.594519138336182 4.962879657745361
14.192625999450684 5.414050579071045 5.05311393737793
14.229455709457397 5.504284858703613 5.143348217010498
14.267196655273438 5.233582019805908 5.414050579071045
14.300857305526733 5.098230838775635 5.2786993980407715
14.33793044090271 4.6921772956848145 5.729870319366455
14.360726118087769 5.020301342010498 5.485144138336182
14.396584033966064 4.782411575317383 5.77498722076416
14.43520188331604 5.007996559143066 5.594519138336182
14.470635175704956 4.962879657745361 5.594519138336182
14.508164644241333 5.143348217010498 5.504284858703613
14.528509616851807 5.392175674438477 5.531628608703613
14.564232587814331 5.188465118408203 5.504284858703613
14.599944353103638 5.504284858703613 5.504284858703613
14.637156009674072 5.233582019805908 5.639636039733887
14.66556715965271 5.684752941131592 5.639636039733887
14.703549861907959 5.504284858703613 5.77498722076416
14.73858904838562 6.000572681427002 5.729870319366455
14.776029586791992 5.8652215003967285 5.820104598999023
14.812058448791504 6.316392421722412 5.684752941131592
14.838995933532715 5.820104598999023 5.729870319366455
14.874844551086426 6.4517436027526855 5.77498722076416
14.91173529624939 5.549401760101318 5.77498722076416
14.947797775268555 5.955455780029297 5.77498722076416
14.971433639526367 5.392175674438477 5.903502464294434
15.009584188461304 5.594519138336182 5.594519138336182
15.045093536376953 5.143348217010498 5.684752941131592
15.073850870132446 5.566159725189209 5.434675693511963
15.110069751739502 5.05311393737793 5.594519138336182
15.149368047714233 5.594519138336182 5.323816299438477
15.182619094848633 5.323816299438477 5.36893367767334
15.218649625778198 5.639636039733887 5.2786993980407715
15.24225640296936 5.438660144805908 5.345691204071045
15.279118299484253 5.684752941131592 5.2786993980407715
15.314934492111206 5.504284858703613 5.414050579071045
15.35054898262024 5.504284858703613 5.233582019805908
15.386972665786743 5.45916748046875 5.414050579071045
15.411791801452637 5.392175674438477 5.438660144805908
15.449154376983643 5.504284858703613 5.414050579071045
15.487112283706665 5.36893367767334 5.233582019805908
15.523543357849121 5.594519138336182 4.962879657745361
15.560573816299438 5.2786993980407715 5.233582019805908
15.58454966545105 5.85701847076416 4.927332878112793
15.620444297790527 5.2786993980407715 5.188465118408203
15.656266450881958 5.45916748046875 4.962879657745361
15.67989182472229 5.233582019805908 5.45916748046875
15.718692064285278 5.323816299438477 5.098230838775635
15.75209903717041 5.05311393737793 5.233582019805908
15.788076162338257 5.233582019805908 5.323816299438477
15.82511830329895 4.917762756347656 5.2786993980407715
15.85183072090149 4.962879657745361 5.323816299438477
15.888532876968384 4.917762756347656 5.143348217010498
15.925172567367554 4.827528476715088 5.594519138336182
15.953656911849976 4.962879657745361 5.233582019805908
15.990127563476562 4.647059917449951 5.504284858703613
16.026026248931885 5.098230838775635 5.233582019805908
16.061947107315063 4.917762756347656 5.414050579071045
16.090823650360107 4.782411575317383 5.143348217010498
16.126669883728027 5.007996559143066 5.36893367767334
16.1629581451416 4.782411575317383 5.414050579071045
16.214799880981445 4.917762756347656 5.36893367767334
16.242732048034668 4.827528476715088 5.2786993980407715
16.261385917663574 5.233582019805908 5.414050579071045
16.298182010650635 5.05311393737793 5.36893367767334
16.333694458007812 5.2786993980407715 5.2786993980407715
16.36310863494873 5.2992072105407715 5.392175674438477
16.40003514289856 5.323816299438477 5.45916748046875
16.436092376708984 5.504284858703613 5.549401760101318
16.464439392089844 5.347019672393799 5.478503704071045
16.503410816192627 5.594519138336182 5.684752941131592
16.540757656097412 5.414050579071045 5.639636039733887
16.570846557617188 5.697643756866455 5.785299777984619
16.606719493865967 5.504284858703613 5.729870319366455
16.64282488822937 5.77498722076416 5.820104598999023
16.670766592025757 5.392175674438477 5.717565536499023
16.70714235305786 5.45916748046875 5.729870319366455
16.74205756187439 5.414050579071045 5.639636039733887
16.770346641540527 5.323816299438477 5.77498722076416
16.803316593170166 5.188465118408203 5.504284858703613
16.83792996406555 5.188465118408203 5.77498722076416
16.874531269073486 5.233582019805908 5.504284858703613
16.91111946105957 5.323816299438477 5.820104598999023
16.946895360946655 5.36893367767334 5.323816299438477
16.975862503051758 5.159754276275635 5.717565536499023
17.00865077972412 5.504284858703613 5.414050579071045
17.046604871749878 5.233582019805908 5.729870319366455
17.080403804779053 5.549401760101318 5.549401760101318
17.10871386528015 5.2992072105407715 5.85701847076416
17.139938592910767 5.549401760101318 5.684752941131592
17.179529666900635 5.36893367767334 5.77498722076416
17.212718963623047 5.684752941131592 5.684752941131592
17.248920440673828 5.414050579071045 5.594519138336182
17.284597396850586 5.820104598999023 5.639636039733887
17.312745094299316 5.684752941131592 5.36893367767334
17.344736576080322 5.684752941131592 5.414050579071045
17.380582571029663 5.729870319366455 5.188465118408203
17.41895079612732 5.77498722076416 5.549401760101318
17.452704429626465 5.684752941131592 5.233582019805908
17.49217915534973 5.639636039733887 5.414050579071045
17.517030715942383 5.764050006866455 5.392175674438477
17.555285453796387 5.729870319366455 5.549401760101318
17.59207534790039 5.684752941131592 5.414050579071045
17.623992443084717 5.8652215003967285 5.639636039733887
17.65225338935852 5.960611820220947 5.434675693511963
17.684707164764404 5.910338401794434 5.8652215003967285
17.72074055671692 5.684752941131592 5.414050579071045
17.7602858543396 5.77498722076416 5.8652215003967285
17.794742822647095 5.414050579071045 5.36893367767334
17.829456567764282 5.45916748046875 5.684752941131592
17.85832691192627 5.414050579071045 5.323816299438477
17.888853788375854 5.2786993980407715 5.549401760101318
17.9254310131073 5.504284858703613 5.2786993980407715
17.962021112442017 5.639636039733887 5.45916748046875
18.00361728668213 5.549401760101318 5.323816299438477
18.028226375579834 5.594519138336182 5.188465118408203
18.07728862762451 5.594519138336182 5.143348217010498
18.125996112823486 5.2786993980407715 5.143348217010498
18.154962301254272 5.350226402282715 5.013498783111572
18.202754974365234 5.233582019805908 5.098230838775635
18.22839641571045 5.353280544281006 5.040223121643066
18.27705407142639 5.2786993980407715 5.098230838775635
18.3092942237854 5.2005696296691895 4.901256561279297
18.360101222991943 5.098230838775635 4.917762756347656
18.379289150238037 5.163155555725098 4.7515997886657715
18.428418159484863 4.647059917449951 4.556826114654541
18.478111743927002 4.917762756347656 4.421474456787109
18.499659776687622 4.46855354309082 4.301816463470459
18.550645112991333 4.556826114654541 4.105655193328857
18.573683977127075 3.9132168292999268 4.101051330566406
18.61089539527893 4.105655193328857 3.6544840335845947
18.633798122406006 3.858194589614868 3.9046788215637207
18.670534133911133 3.418586254119873 3.550070285797119
18.71124505996704 3.744718313217163 3.474015712738037
18.748051404953003 3.699601173400879 3.428898811340332
18.785746097564697 3.6093671321868896 3.428898811340332
18.804595470428467 3.787015676498413 3.355583429336548
18.840607166290283 3.8800694942474365 3.2484302520751953
18.865398406982422 3.7187418937683105 3.253899097442627
18.90562629699707 3.970303773880005 3.113079071044922
18.93801474571228 3.8349525928497314 2.7521424293518066
18.976983547210693 3.5642499923706055 2.842376470565796
19.010316610336304 3.428898811340332 2.616791009902954
19.035073280334473 3.474015712738037 2.4363226890563965
19.083932638168335 3.2033133506774902 2.1205031871795654
19.13194179534912 2.797259569168091 1.8046835660934448
19.18067693710327 2.6619081497192383 1.2181613445281982
19.201813220977783 2.2474606037139893 0.2497178316116333
19.24945616722107 2.1205031871795654 -0.2707025408744812
19.282700061798096 1.8783440589904785 -0.7826433777809143
19.32511806488037 1.8498005867004395 -1.1279271841049194
19.35161328315735 1.8024276494979858 -1.610680103302002
19.399636030197144 2.030268907546997 -1.8046835660934448
19.425646781921387 2.2074360847473145 -1.982951045036316
19.474032163619995 2.4363226890563965 -2.1656203269958496
19.5037682056427 2.416020154953003 -2.45436954498291
19.555127382278442 2.7521424293518066 -2.4814398288726807
19.582889318466187 2.801182746887207 -2.9012248516082764
19.632020473480225 3.113079071044922 -3.2484302520751953
19.66541814804077 3.4165940284729004 -3.6954996585845947
19.714982986450195 3.6093671321868896 -3.7898354530334473
19.731837511062622 4.017569065093994 -4.346279621124268
19.766776084899902 4.015420913696289 -4.466591835021973
19.803731441497803 4.090616226196289 -5.113269805908203
19.840800285339355 4.421474456787109 -5.594519138336182
19.868122816085815 4.195888996124268 -5.729870319366455
19.905234813690186 4.466591835021973 -6.181041240692139
19.94206428527832 4.376357555389404 -6.4517436027526855
19.977389574050903 4.195888996124268 -6.4517436027526855
20.001121520996094 4.601943016052246 -7.128499984741211
20.04045557975769 3.8349525928497314 -6.767563343048096
20.07390069961548 3.9251866340637207 -7.3089680671691895
20.108975172042847 3.699601173400879 -6.722445964813232
20.14481520652771 2.9777278900146484 -6.677329063415527
20.181868314743042 2.571674108505249 -5.955455780029297
20.207104206085205 1.6693322658538818 -5.098230838775635
20.24170732498169 0.8121075630187988 -4.060537815093994
20.278461933135986 0.04511708766222 -3.113079071044922
20.31639003753662 -0.2707025408744812 -2.0753860473632812
20.350512742996216 -0.4060537815093994 -0.5414050817489624
20.377384424209595 -0.43143215775489807 0.09587381035089493
20.41004967689514 -0.09023417532444 0.4511708915233612
20.445635557174683 0.04511708766222 0.6767563223838806
20.48210644721985 0.2255854457616806 0.857224702835083
20.519912481307983 0.3158196210861206 0.72187340259552
20.540048360824585 0.4511708915233612 0.5865221619606018
20.575870275497437 0.5414050817489624 0.36093670129776
20.614009618759155 0.2707025408744812 0.04511708766222
20.648640155792236 0.2255854457616806 0.09023417532444
20.68420934677124 0.36093670129776 0.18046835064888
20.716667413711548 0.13148409128189087 0.21914014220237732
20.75237488746643 0.04511708766222 0.36093670129776
20.788641214370728 0.1353512704372406 0.2707025408744812
20.82474684715271 0.2255854457616806 0.36093670129776
20.85205602645874 0.2707025408744812 0.3158196210861206
20.888686180114746 0.4511708915233612 0.36093670129776
20.924659729003906 0.72187340259552 0.5865221619606018
20.962054014205933 0.8121075630187988 0.857224702835083
20.986066341400146 1.2463595867156982 1.2463595867156982
21.02391004562378 1.8046835660934448 1.8498005867004395
21.057904481887817 2.3912057876586914 2.571674108505249
21.086047172546387 2.6619081497192383 2.88749361038208
21.12186574935913 3.2484302520751953 3.3386645317077637
21.15845775604248 3.5191328525543213 3.428898811340332
21.19000792503357 3.8130385875701904 3.9006946086883545
21.227092027664185 3.8800694942474365 4.1507720947265625
21.263374090194702 4.376357555389404 4.601943016052246
21.29064702987671 4.207490921020508 4.777255058288574
21.329559564590454 4.511708736419678 5.36893367767334
21.364758491516113 4.782411575317383 5.2786993980407715
21.40099811553955 4.827528476715088 5.77498722076416
21.43732738494873 5.143348217010498 5.639636039733887
21.461214780807495 5.098230838775635 5.8652215003967285
21.498909950256348 5.504284858703613 5.729870319366455
21.535942792892456 5.414050579071045 6.000572681427002
21.571205854415894 5.504284858703613 5.684752941131592
21.606913566589355 5.594519138336182 5.910338401794434
21.631126880645752 5.684752941131592 5.77498722076416
21.669419765472412 5.639636039733887 5.910338401794434
21.70475459098816 5.77498722076416 6.000572681427002
21.740533351898193 5.684752941131592 6.09080696105957
21.77683115005493 5.820104598999023 5.8652215003967285
21.805867910385132 5.594519138336182 6.226158142089844
21.84286093711853 5.549401760101318 5.955455780029297
21.87966561317444 5.323816299438477 6.135923862457275
21.903146505355835 5.485144138336182 5.996471405029297
21.93870782852173 5.36893367767334 6.09080696105957
21.97520351409912 5.233582019805908 6.000572681427002
22.014314889907837 5.45916748046875 5.8652215003967285
22.049234628677368 5.45916748046875 5.8652215003967285
22.06965732574463 5.65655517578125 5.65655517578125
22.106392860412598 5.504284858703613 5.323816299438477
22.144874334335327 5.594519138336182 5.45916748046875
22.179651498794556 5.594519138336182 5.233582019805908
22.21150517463684 5.785299777984619 5.347019672393799
22.247934579849243 5.549401760101318 5.233582019805908
22.28390145301819 5.910338401794434 5.504284858703613
22.309675931930542 5.671081066131592 5.624597072601318
22.34577178955078 5.955455780029297 5.820104598999023
22.381065130233765 5.684752941131592 5.729870319366455
22.416727781295776 5.910338401794434 6.09080696105957
22.452692985534668 5.639636039733887 5.820104598999023
22.489858388900757 5.8652215003967285 6.045690059661865
22.51564359664917 5.594519138336182 5.8652215003967285
22.552369117736816 6.000572681427002 6.045690059661865
22.581335306167603 5.566159725189209 5.653815746307373
22.617252588272095 5.996471405029297 6.135923862457275
22.655325412750244 5.594519138336182 5.729870319366455
22.693801641464233 5.820104598999023 6.09080696105957
22.723800897598267 5.77498722076416 5.729870319366455
22.76463747024536 5.8652215003967285 5.820104598999023
22.788690090179443 5.609987735748291 5.259363651275635
22.8228919506073 5.8652215003967285 5.594519138336182
22.859596490859985 5.639636039733887 5.414050579071045
22.894742488861084 5.684752941131592 5.594519138336182
22.931697845458984 5.414050579071045 5.414050579071045
22.954988479614258 5.65655517578125 5.800365447998047
22.99091625213623 5.2786993980407715 5.504284858703613
23.02698564529419 5.684752941131592 5.729870319366455
23.05530858039856 5.45916748046875 5.45916748046875
23.092081546783447 5.684752941131592 5.77498722076416
23.133312940597534 5.36893367767334 5.594519138336182
23.18440055847168 5.639636039733887 5.77498722076416
23.23327612876892 5.45916748046875 5.639636039733887
23.24941897392273 5.417890548706055 5.907458782196045
23.30268621444702 5.45916748046875 5.639636039733887
23.34633183479309 5.589930534362793 5.9019269943237305
23.400811433792114 5.45916748046875 6.135923862457275
23.42243504524231 5.612125396728516 5.686954021453857
23.475972175598145 5.639636039733887 6.135923862457275
23.501235723495483 5.613717555999756 5.7116312980651855
23.555346965789795 5.594519138336182 5.820104598999023
23.582353115081787 5.541114807128906 6.0107011795043945
23.624054431915283 5.639636039733887 5.729870319366455
23.64423894882202 5.431121826171875 6.135923862457275
23.688252925872803 5.77498722076416 5.820104598999023
23.709970951080322 5.578112602233887 6.368345260620117
23.74483871459961 5.955455780029297 5.684752941131592
23.781052112579346 5.639636039733887 6.045690059661865
23.81798791885376 6.045690059661865 5.639636039733887
23.853984832763672 5.8652215003967285 5.910338401794434
23.878151416778564 6.135923862457275 5.531628608703613
23.91774821281433 5.8652215003967285 5.8652215003967285
23.96210503578186 6.181041240692139 5.45916748046875
24.011425256729126 6.045690059661865 5.684752941131592
24.037941455841064 6.062877178192139 5.36893367767334
24.09436297416687 6.045690059661865 5.594519138336182
24.113598585128784 6.168561935424805 5.385252475738525
24.167651653289795 6.045690059661865 5.36893367767334
24.196919202804565 5.8421831130981445 5.417890548706055
24.25092649459839 5.8652215003967285 5.639636039733887
24.277755975723267 5.92188024520874 5.707836151123047
24.331918239593506 5.684752941131592 5.45916748046875
24.35359787940979 5.9122185707092285 5.880260467529297
24.40709161758423 5.8652215003967285 5.729870319366455
24.430135488510132 5.769102573394775 5.802449703216553
24.470199823379517 5.955455780029297 6.045690059661865
24.493608474731445 5.8105340003967285 5.85701847076416
24.532058000564575 5.8652215003967285 6.181041240692139
24.558396100997925 5.594519138336182 5.910338401794434
24.596648454666138 5.639636039733887 6.226158142089844
24.633028984069824 5.323816299438477 5.77498722076416
24.65970277786255 5.2992072105407715 5.949986934661865
24.69505739212036 5.098230838775635 5.45916748046875
24.730757236480713 5.098230838775635 5.729870319366455
24.767940521240234 4.962879657745361 5.36893367767334
24.796256065368652 4.7634148597717285 5.409301280975342
24.83776545524597 4.872645378112793 4.872645378112793
24.872748136520386 4.827528476715088 5.143348217010498
24.909348726272583 4.872645378112793 5.098230838775635
24.93666172027588 5.05311393737793 4.782411575317383
24.981449842453003 4.6921772956848145 5.05311393737793
25.030439853668213 4.601943016052246 4.511708736419678
25.057538270950317 4.480839252471924 4.8037824630737305
25.11213970184326 4.511708736419678 4.466591835021973
25.134118795394897 4.282363414764404 4.538027286529541
25.188655138015747 4.286123275756836 4.466591835021973
25.214772701263428 4.373477935791016 4.373477935791016
25.268962144851685 4.421474456787109 4.376357555389404
25.28926968574524 4.455849647521973 4.2367095947265625
25.343837022781372 4.421474456787109 4.556826114654541
25.37533450126648 4.7019853591918945 4.501900672912598
25.429052352905273 4.511708736419678 4.7372941970825195
25.44507622718811 4.789013862609863 4.826427936553955
25.49234890937805 4.601943016052246 4.872645378112793
25.524778604507446 4.685614585876465 4.8529582023620605
25.567317247390747 4.466591835021973 5.143348217010498
25.604622840881348 4.647059917449951 4.782411575317383
25.62378478050232 4.648427486419678 5.06678581237793
25.665668725967407 4.556826114654541 5.007996559143066
25.70072650909424 5.007996559143066 5.143348217010498
25.72458529472351 4.694911479949951 5.392175674438477
25.759743452072144 5.007996559143066 5.2786993980407715
25.79307794570923 4.782411575317383 5.549401760101318
25.828790187835693 4.827528476715088 5.36893367767334
25.865116357803345 4.962879657745361 5.549401760101318
25.90150213241577 4.601943016052246 5.143348217010498
25.928882122039795 4.973817348480225 5.438660144805908
25.971039295196533 4.782411575317383 5.098230838775635
25.996415376663208 5.143348217010498 5.143348217010498
26.03443717956543 5.098230838775635 4.917762756347656
26.070772171020508 5.143348217010498 4.827528476715088
26.1029212474823 5.2786993980407715 4.917762756347656
26.13435411453247 5.007996559143066 4.421474456787109
26.171577215194702 5.233582019805908 4.601943016052246
26.209900617599487 4.6921772956848145 4.421474456787109
26.234227180480957 4.880848407745361 4.183584690093994
26.266926765441895 4.556826114654541 4.376357555389404
26.30320930480957 4.286123275756836 4.015420913696289
26.340349197387695 4.241006374359131 3.9251866340637207
26.376924753189087 4.015420913696289 3.6093671321868896
26.400630712509155 3.9883506298065186 3.0679619312286377
26.436310052871704 4.241006374359131 2.2107372283935547
26.47367835044861 4.1507720947265625 1.579098105430603
26.510590314865112 4.1507720947265625 0.7669904828071594
26.548906564712524 4.241006374359131 0.1353512704372406
26.57315731048584 4.105655193328857 -0.18046835064888
26.609772443771362 4.195888996124268 -0.5865221619606018
26.645419597625732 4.060537815093994 -0.9023417830467224
26.682564735412598 4.195888996124268 -1.3535126447677612
26.71943759918213 4.015420913696289 -1.8046835660934448
26.75671076774597 3.699601173400879 -2.1656203269958496
26.774944067001343 3.970303773880005 -2.526556968688965
26.81053638458252 3.699601173400879 -2.571674108505249
26.847620010375977 3.428898811340332 -3.0228450298309326
26.88326597213745 3.474015712738037 -3.428898811340332
26.91844367980957 3.3386645317077637 -3.9251866340637207
26.947773456573486 2.8926498889923096 -4.558115005493164
26.98292565345764 3.3933517932891846 -5.159754276275635
27.022186279296875 3.1117899417877197 -5.522331714630127
27.05709433555603 3.160930633544922 -6.135923862457275
27.093411684036255 2.8049938678741455 -6.3550639152526855
27.13038444519043 3.2074148654937744 -6.740219593048096
27.152867794036865 2.7173378467559814 -7.582249164581299
27.187596321105957 2.6619081497192383 -7.669905185699463
27.223472833633423 2.3912057876586914 -7.850373268127441
27.259642362594604 2.3460886478424072 -8.346661567687988
27.298978328704834 2.4814398288726807 -8.166193008422852
27.324245929718018 2.4363226890563965 -7.444319725036621
27.360798120498657 2.4814398288726807 -7.669905185699463
27.3969509601593 2.4363226890563965 -6.767563343048096
27.42073678970337 2.4636664390563965 -6.04295539855957
27.457014083862305 2.030268907546997 -5.323816299438477
27.49259662628174 1.9851518869400024 -4.241006374359131
27.53059196472168 1.8046835660934448 -3.113079071044922
27.56758141517639 1.6242151260375977 -1.1279271841049194
27.603336572647095 1.4888639450073242 0.18046835064888
27.625731229782104 1.0691382884979248 0.836716890335083
27.66067862510681 0.3158196210861206 1.3535126447677612
27.696773767471313 0.09023417532444 1.579098105430603
27.73302388191223 0.1353512704372406 1.8949177265167236
27.768945932388306 0.18046835064888 2.0753860473632812
27.80576467514038 0.18046835064888 1.7595664262771606
27.83262825012207 0.3944522440433502 1.5339809656143188
27.8722722530365 0.5414050817489624 1.2181613445281982
27.907448768615723 0.5865221619606018 0.8121075630187988
27.942025423049927 0.5865221619606018 0.9023417830467224
27.978742599487305 0.72187340259552 0.9925759434700012
28.002554893493652 0.7902326583862305 1.1621068716049194
28.03776240348816 0.9023417830467224 1.1730443239212036
28.075392723083496 1.308395504951477 1.308395504951477
28.110759019851685 1.6693322658538818 1.1730443239212036
28.146771669387817 2.1205031871795654 1.3535126447677612
28.172196626663208 2.540656089782715 1.2942965030670166
28.20802068710327 2.6619081497192383 1.714449405670166
28.246142387390137 2.9777278900146484 2.1205031871795654
28.279963731765747 3.158196210861206 2.7070252895355225
28.303751707077026 3.259709596633911 3.1638357639312744
28.33981204032898 3.3386645317077637 3.699601173400879
28.381442546844482 3.428898811340332 4.015420913696289
28.413825035095215 3.474015712738037 4.376357555389404
28.45076584815979 3.474015712738037 5.05311393737793
28.479716777801514 3.8349525928497314 5.143348217010498
28.517578601837158 3.970303773880005 5.639636039733887
28.55378293991089 4.015420913696289 5.594519138336182
28.574209928512573 4.195888996124268 5.639636039733887
28.60944437980652 4.647059917449951 5.684752941131592
28.64627456665039 5.007996559143066 5.549401760101318
28.683797359466553 5.323816299438477 5.414050579071045
28.720075845718384 5.549401760101318 5.414050579071045
28.74293565750122 5.77498722076416 5.414050579071045
28.779638290405273 5.955455780029297 5.2786993980407715
28.826078414916992 6.09080696105957 5.504284858703613
28.87582302093506 5.955455780029297 5.504284858703613
28.924980878829956 5.955455780029297 5.594519138336182
28.9399836063385 6.135923862457275 5.907458782196045
28.98906445503235 5.684752941131592 5.8652215003967285
29.037468194961548 5.916783809661865 6.081139087677002
29.08576774597168 6.09080696105957 6.000572681427002
29.10669255256653 5.574711322784424 6.210752487182617
29.15570378303528 6.000572681427002 6.045690059661865
29.194135904312134 5.670251369476318 6.108531475067139
29.241592407226562 5.45916748046875 5.910338401794434
29.290701150894165 5.414050579071045 6.135923862457275
29.312097787857056 5.36893367767334 5.961607933044434
29.350119829177856 5.323816299438477 6.045690059661865
29.378033876419067 5.259363651275635 5.916783809661865
29.413052558898926 5.188465118408203 5.910338401794434
29.442282676696777 5.45916748046875 5.955455780029297
29.478588104248047 5.233582019805908 6.045690059661865
29.508870601654053 5.504284858703613 5.684752941131592
29.54798150062561 5.549401760101318 6.09080696105957
29.58759880065918 5.820104598999023 5.910338401794434
29.624014854431152 5.504284858703613 6.000572681427002
29.641050338745117 5.944176197052002 5.896239280700684
29.678742170333862 5.549401760101318 5.910338401794434
29.714600086212158 5.955455780029297 5.77498722076416
29.75084376335144 5.549401760101318 5.955455780029297
29.778647899627686 5.8652215003967285 5.910338401794434
29.815442085266113 5.504284858703613 6.000572681427002
29.851314544677734 5.955455780029297 6.000572681427002
29.885013341903687 5.1717071533203125 6.048267841339111
29.919862508773804 5.639636039733887 6.226158142089844
29.95659041404724 5.05311393737793 6.181041240692139
29.99659824371338 5.414050579071045 6.181041240692139
30.016101837158203 5.273059844970703 5.944176197052002
30.059942722320557 5.504284858703613 6.135923862457275
30.107940673828125 5.639636039733887 5.77498722076416
30.156930446624756 5.8652215003967285 5.8652215003967285
30.1786367893219 5.897304534912109 5.795039176940918
30.22867441177368 6.226158142089844 5.729870319366455
30.256443738937378 6.135923862457275 5.809545040130615
30.30160140991211 6.000572681427002 5.77498722076416
30.328619241714478 6.248166561126709 5.98626708984375
30.377609252929688 6.09080696105957 5.684752941131592
30.408748388290405 6.435237407684326 6.023681640625
30.45697045326233 6.496860504150391 6.181041240692139
30.47854709625244 6.435237407684326 6.248166561126709
30.528311729431152 6.767563343048096 6.226158142089844
30.578439235687256 6.430920124053955 6.253922462463379
30.630316257476807 6.4066267013549805 6.4066267013549805
30.650697231292725 6.510897159576416 6.135923862457275
30.700116395950317 6.361509323120117 6.135923862457275
30.720824241638184 6.263755798339844 6.199840068817139
30.755439519882202 6.361509323120117 5.820104598999023
30.780080318450928 6.04295539855957 6.2288923263549805
30.816948175430298 6.271275043487549 5.955455780029297
30.853604316711426 5.77498722076416 6.09080696105957
30.889224767684937 5.955455780029297 5.910338401794434
30.922075510025024 5.639636039733887 6.000572681427002
30.9582417011261 6.000572681427002 5.910338401794434
30.996099948883057 5.594519138336182 5.8652215003967285
31.01867127418518 5.949986934661865 5.85701847076416
31.05440616607666 5.684752941131592 5.8652215003967285
31.09093475341797 5.955455780029297 5.729870319366455
31.127036094665527 5.504284858703613 5.729870319366455
31.163336277008057 5.955455780029297 5.729870319366455
31.18756890296936 5.2992072105407715 5.671081066131592
31.22354292869568 5.820104598999023 5.504284858703613
31.258869171142578 5.098230838775635 5.414050579071045
31.296979665756226 5.549401760101318 5.188465118408203
31.332316637039185 5.007996559143066 5.233582019805908
31.36774730682373 5.323816299438477 4.962879657745361
31.39263653755188 5.06678581237793 5.06678581237793
31.428272008895874 5.188465118408203 5.007996559143066
31.469420671463013 5.323816299438477 4.917762756347656
31.493796348571777 4.952567100524902 5.084051132202148
31.529083490371704 5.2786993980407715 5.098230838775635
31.569680213928223 4.827528476715088 5.323816299438477
31.6033935546875 5.233582019805908 5.36893367767334
31.639583110809326 4.7372941970825195 5.323816299438477
31.663564920425415 4.937501430511475 5.464807510375977
31.699670553207397 4.827528476715088 5.414050579071045
31.736372232437134 4.782411575317383 5.233582019805908
31.764366626739502 4.996395111083984 5.347019672393799
31.801421642303467 4.872645378112793 5.2786993980407715
31.837527751922607 5.188465118408203 5.2786993980407715
31.872385501861572 5.233582019805908 5.143348217010498
31.908509731292725 5.45916748046875 5.233582019805908
31.936226844787598 5.345691204071045 5.25272274017334
31.973154067993164 5.45916748046875 5.098230838775635
32.012635469436646 5.36893367767334 5.2786993980407715
32.0623824596405 5.233582019805908 5.007996559143066
32.08805823326111 5.198491096496582 5.2411017417907715
32.14164471626282 5.233582019805908 5.05311393737793
32.16254281997681 5.352614402770996 5.287338733673096
32.21658802032471 5.323816299438477 5.143348217010498
32.24266791343689 5.168848991394043 5.302238464355469
32.296971559524536 5.36893367767334 5.323816299438477
32.31803822517395 5.2005696296691895 5.574711322784424
32.37261366844177 5.45916748046875 5.36893367767334
32.4043664932251 5.287338733673096 5.5484418869018555
32.45960831642151 5.729870319366455 5.549401760101318
32.47562575340271 5.537297248840332 5.462469100952148
32.53166174888611 5.729870319366455 5.639636039733887
32.57085967063904 5.665832996368408 5.690574645996094
32.61331105232239 5.323816299438477 5.729870319366455
32.646236181259155 5.504284858703613 5.594519138336182
32.68665385246277 5.143348217010498 5.549401760101318
32.722567558288574 5.233582019805908 5.549401760101318
32.74755334854126 5.098230838775635 5.45916748046875
32.783315896987915 5.143348217010498 5.45916748046875
32.820054054260254 4.872645378112793 5.098230838775635
32.84807014465332 4.880848407745361 5.113269805908203
32.88539671897888 4.827528476715088 5.05311393737793
32.920650005340576 4.421474456787109 4.872645378112793
32.948750734329224 4.416006088256836 4.973817348480225
32.9848096370697 4.195888996124268 4.601943016052246
33.02160835266113 4.015420913696289 4.782411575317383
33.05391526222229 3.997647523880005 4.508974552154541
33.08874821662903 3.970303773880005 4.286123275756836
33.12474513053894 3.744718313217163 4.105655193328857
33.15374255180359 3.8349525928497314 4.015420913696289
33.18934082984924 3.8349525928497314 3.5642499923706055
33.22625923156738 3.2935473918914795 3.383781671524048
33.25820755958557 3.383781671524048 3.2484302520751953
33.295512437820435 3.113079071044922 2.88749361038208
33.33167243003845 2.9777278900146484 2.7521424293518066
33.35542631149292 2.6619081497192383 2.526556968688965
33.392783641815186 2.842376470565796 2.526556968688965
33.42866253852844 2.7521424293518066 2.300971508026123
33.46615743637085 2.7521424293518066 2.0753860473632812
33.494067430496216 2.526556968688965 1.8949177265167236
33.53490996360779 2.6619081497192383 1.7595664262771606
33.57053303718567 2.6619081497192383 1.6693322658538818
33.5931077003479 2.6496036052703857 1.6269495487213135
33.63327932357788 2.542025566101074 1.5778089761734009
33.669074058532715 2.4363226890563965 1.579098105430603
33.70636296272278 2.2107372283935547 1.2181613445281982
33.72961688041687 2.255854368209839 0.36093670129776
33.76174783706665 2.255854368209839 -0.2255854457616806
33.798619747161865 2.0753860473632812 -0.5414050817489624
33.8342661857605 2.300971508026123 -0.857224702835083
33.871997594833374 2.3912057876586914 -1.2181613445281982
33.90308880805969 2.7521424293518066 -1.6242151260375977
33.935033559799194 2.9777278900146484 -2.030268907546997
33.97503352165222 3.158196210861206 -2.616791009902954
34.02355933189392 3.5191328525543213 -3.158196210861206
34.04914903640747 3.814223051071167 -3.565469264984131
34.103355884552 4.060537815093994 -4.331240653991699
34.131690979003906 4.528896331787109 -4.930653095245361
34.183873414993286 5.05311393737793 -5.233582019805908
34.20534586906433 5.302238464355469 -6.102576732635498
34.25960159301758 5.729870319366455 -6.902914524078369
34.28614902496338 5.744269371032715 -7.278250217437744
34.339683294296265 5.8652215003967285 -7.6247878074646
34.36790990829468 5.462469100952148 -8.193703651428223
34.41958403587341 5.549401760101318 -7.895490646362305
34.44068717956543 5.235543727874756 -7.9366841316223145
34.493916034698486 5.143348217010498 -7.399202346801758
34.52300810813904 4.295146942138672 -6.851781845092773
34.580193519592285 3.3386645317077637 -5.098230838775635
34.597131967544556 2.3358347415924072 -2.9633724689483643
34.6466965675354 1.5339809656143188 -0.9474588632583618
34.67912817001343 0.7395979762077332 0.19174762070178986
34.719578981399536 0.3158196210861206 0.2707025408744812
34.75613856315613 0.04511708766222 0.04511708766222
34.78310561180115 0.0 0.04511708766222
34.81554341316223 0.0 0.0
34.85265350341797 0.0 0.0
34.887288331985474 0.04511708766222 0.0
34.9157989025116 -0.04511708766222 0.0
34.950690031051636 0.0 0.09023417532444
34.985267877578735 0.04511708766222 0.04511708766222
35.02104187011719 -0.04511708766222 0.0
35.056981325149536 0.0 0.0
35.08124375343323 0.0 0.0
35.11728549003601 0.0 0.0
35.15518307685852 0.0 0.0
35.19111442565918 0.0 0.0
35.22799110412598 0.0 0.0
35.256961822509766 0.0 0.0
35.29181885719299 0.0 0.0
35.32806658744812 0.0 0.0
35.36419677734375 0.0 0.0
35.400283336639404 0.0 0.0
35.42062282562256 0.0 0.0
35.45608687400818 0.0 0.0
35.4912166595459 0.0 0.0
35.52811026573181 0.0 0.0
35.56423997879028 0.0 0.0
35.60340166091919 0.0 0.0
35.632405519485474 0.0 0.0
35.66799259185791 0.0 0.0
35.705357789993286 0.0 0.0
35.728687047958374 0.0 0.0
35.76810145378113 0.0 0.0
35.80153465270996 0.0 0.0
35.83765435218811 0.0 0.0
35.86546874046326 0.0 0.0
35.90163564682007 0.0 0.0
35.93862271308899 0.0 0.0
35.975725412368774 0.0 0.0
36.003594636917114 0.0 0.0
36.03908133506775 0.0 0.0
36.07705998420715 0.0 0.0
36.11198902130127 0.0 0.0
36.14777064323425 0.0 0.0
36.168920278549194 0.0 0.0
36.20503306388855 0.0 0.0
36.242085695266724 0.0 0.0
36.27695035934448 0.0 0.0
36.314196825027466 0.0 0.0
36.34112811088562 0.0 0.0
36.378132581710815 0.0 0.0
36.41412019729614 0.0 0.0
36.44918966293335 0.0 0.0
36.47343587875366 0.0 0.0
36.50896596908569 0.0 0.0
36.54594373703003 0.0 0.0
36.58721685409546 0.0 0.0
36.62343978881836 0.0 0.0
36.66024899482727 0.0 0.0
36.68067669868469 0.0 0.0
36.71703004837036 0.0 0.0
36.75397181510925 0.0 0.0
36.793437242507935 0.0 0.0
36.8280348777771 0.0 0.0
36.86360239982605 0.0 0.0
36.88692021369934 0.0 0.0
36.92332148551941 0.0 0.0
36.959150075912476 0.0 0.0
36.996866941452026 0.0 0.0
37.02515649795532 0.0 0.0
37.061399698257446 0.0 0.0
37.09908437728882 0.0 0.0
37.120944023132324 0.0 0.0
37.157694578170776 0.0 0.0
37.1933810710907 0.0 0.0
37.23025441169739 0.0 0.0
37.26558184623718 0.0 0.0
37.304028034210205 0.0 0.0
37.32624816894531 0.0 0.0
37.362330198287964 0.0 0.0
37.3980233669281 0.0 0.0
37.43513035774231 0.0 0.0
