14510.00, 3056.00, 3090.00, 74.58, 74.58, 1.00
10.00, 3058.00, 3092.00, 75.37, 77.40, 1.00
10.00, 3068.00, 3102.00, 75.37, 77.40, 1.00
10.00, 3085.00, 3118.00, 75.93, 77.85, 1.00
10.00, 3102.00, 3137.00, 76.84, 78.64, 1.00
10.00, 3122.00, 3159.00, 77.85, 79.55, 1.00
10.00, 3148.00, 3183.00, 78.76, 80.56, 1.00
10.00, 3173.00, 3208.00, 80.11, 81.58, 1.00
10.00, 3200.00, 3237.00, 81.13, 82.49, 1.00
10.00, 3228.00, 3264.00, 82.26, 83.39, 1.00
10.00, 3257.00, 3292.00, 83.16, 84.29, 1.00
10.00, 3287.00, 3322.00, 84.07, 84.97, 1.00
10.00, 3318.00, 3352.00, 84.86, 85.65, 1.00
10.00, 3349.00, 3385.00, 85.65, 86.33, 1.00
10.00, 3382.00, 3418.00, 86.21, 86.78, 1.00
10.00, 3414.00, 3450.00, 86.78, 87.23, 1.00
10.00, 3446.00, 3483.00, 87.23, 87.57, 1.00
10.00, 3478.00, 3517.00, 87.57, 87.80, 1.00
10.00, 3513.00, 3551.00, 87.80, 88.02, 1.00
10.00, 3548.00, 3587.00, 88.02, 88.02, 1.00
10.00, 3584.00, 3627.00, 88.14, 88.02, 1.00
10.00, 3619.00, 3664.00, 88.14, 87.91, 1.00
10.00, 3656.00, 3700.00, 88.02, 87.68, 1.00
10.00, 3692.00, 3732.00, 87.80, 87.34, 1.00
10.00, 3727.00, 3766.00, 87.46, 86.89, 1.00
10.00, 3762.00, 3802.00, 87.01, 86.33, 1.00
10.00, 3798.00, 3839.00, 86.44, 85.54, 1.00
10.00, 3836.00, 3879.00, 85.76, 84.63, 1.00
10.00, 3875.00, 3920.00, 84.75, 83.50, 1.00
10.00, 3910.00, 3957.00, 83.62, 81.92, 1.00
10.00, 3946.00, 3988.00, 82.37, 80.23, 1.00
10.00, 3978.00, 4022.00, 80.79, 78.42, 1.00
10.00, 4014.00, 4057.00, 79.10, 76.27, 1.00
10.00, 4049.00, 4093.00, 76.95, 73.67, 1.00
10.00, 4086.00, 4131.00, 74.46, 70.51, 1.00
10.00, 4123.00, 4168.00, 71.30, 66.67, 1.00
10.00, 4157.00, 4203.00, 67.57, 62.03, 1.00
10.00, 4190.00, 4233.00, 63.50, 57.06, 1.00
10.00, 4219.00, 4263.00, 58.87, 51.64, 1.00
10.00, 4247.00, 4290.00, 54.01, 45.88, 1.00
10.00, 4277.00, 4317.00, 48.81, 39.44, 1.00
10.00, 4306.00, 4342.00, 42.49, 32.88, 1.00
10.00, 4333.00, 4368.00, 35.71, 25.88, 1.00
10.00, 4359.00, 4391.00, 28.36, 17.97, 1.00
10.00, 4382.00, 4410.00, 20.90, 10.17, 1.00
10.00, 4402.00, 4425.00, 13.45, 2.82, 1.00
10.00, 4417.00, 4437.00, 5.76, -3.62, 1.00
10.00, 4428.00, 4446.00, -0.79, -10.06, 1.00
10.00, 4438.00, 4450.00, -6.78, -15.82, 1.00
10.00, 4445.00, 4453.00, -12.66, -20.79, 1.00
10.00, 4448.00, 4454.00, -18.31, -25.42, 1.00
10.00, 4450.00, 4452.00, -22.94, -29.60, 1.00
10.00, 4450.00, 4448.00, -27.34, -33.33, 1.00
10.00, 4448.00, 4441.00, -31.19, -36.38, 1.00
10.00, 4442.00, 4433.00, -34.69, -39.10, 1.00
10.00, 4434.00, 4423.00, -37.51, -41.36, 1.00
10.00, 4425.00, 4412.00, -40.00, -43.39, 1.00
10.00, 4414.00, 4399.00, -42.15, -44.97, 1.00
10.00, 4402.00, 4385.00, -43.84, -46.21, 1.00
10.00, 4388.00, 4371.00, -45.20, -47.12, 1.00
10.00, 4373.00, 4355.00, -46.21, -47.80, 1.00
10.00, 4358.00, 4338.00, -46.89, -48.14, 1.00
10.00, 4342.00, 4320.00, -47.23, -48.02, 1.00
10.00, 4325.00, 4304.00, -47.46, -47.80, 1.00
10.00, 4308.00, 4287.00, -47.34, -47.34, 1.00
10.00, 4290.00, 4268.00, -47.01, -46.67, 1.00
10.00, 4271.00, 4250.00, -46.33, -45.76, 1.00
10.00, 4251.00, 4232.00, -45.20, -44.41, 1.00
10.00, 4232.00, 4213.00, -43.84, -42.94, 1.00
10.00, 4214.00, 4194.00, -42.26, -41.24, 1.00
10.00, 4195.00, 4176.00, -40.56, -39.21, 1.00
10.00, 4175.00, 4158.00, -38.64, -36.84, 1.00
10.00, 4157.00, 4141.00, -36.16, -34.58, 1.00
10.00, 4139.00, 4124.00, -33.67, -31.86, 1.00
10.00, 4122.00, 4107.00, -30.96, -28.93, 1.00
10.00, 4106.00, 4092.00, -28.14, -25.99, 1.00
10.00, 4091.00, 4078.00, -25.20, -22.94, 1.00
10.00, 4076.00, 4065.00, -22.26, -19.89, 1.00
10.00, 4062.00, 4052.00, -18.98, -16.95, 1.00
10.00, 4049.00, 4040.00, -15.93, -13.79, 1.00
10.00, 4037.00, 4030.00, -12.77, -10.62, 1.00
10.00, 4027.00, 4020.00, -9.38, -7.68, 1.00
10.00, 4019.00, 4013.00, -6.44, -4.75, 1.00
10.00, 4013.00, 4009.00, -3.84, -2.26, 1.00
10.00, 4008.00, 4005.00, -1.58, 0.00, 1.00
10.00, 4004.00, 4002.00, 0.56, 1.69, 1.00
10.00, 4001.00, 3999.00, 2.49, 3.50, 1.00
10.00, 3998.00, 3997.00, 4.18, 4.97, 1.00
10.00, 3997.00, 3997.00, 5.88, 6.10, 1.00
10.00, 3997.00, 3997.00, 7.01, 7.12, 1.00
10.00, 3998.00, 3998.00, 7.91, 7.80, 1.00
10.00, 3999.00, 3999.00, 8.59, 8.25, 1.00
10.00, 4002.00, 4001.00, 8.93, 8.47, 1.00
10.00, 4003.00, 4002.00, 9.04, 8.59, 1.00
10.00, 4005.00, 4003.00, 9.04, 8.59, 1.00
10.00, 4008.00, 4004.00, 8.93, 8.59, 1.00
10.00, 4010.00, 4007.00, 8.81, 8.25, 1.00
10.00, 4012.00, 4009.00, 8.47, 8.02, 1.00
10.00, 4015.00, 4011.00, 8.14, 7.57, 1.00
10.00, 4017.00, 4014.00, 7.80, 7.23, 1.00
10.00, 4020.00, 4017.00, 7.46, 6.89, 1.00
10.00, 4022.00, 4018.00, 7.12, 6.67, 1.00
10.00, 4024.00, 4020.00, 6.78, 6.44, 1.00
10.00, 4026.00, 4022.00, 6.55, 6.21, 1.00
10.00, 4028.00, 4024.00, 6.33, 5.99, 1.00
10.00, 4030.00, 4026.00, 6.10, 5.88, 1.00
10.00, 4032.00, 4028.00, 5.99, 5.88, 1.00
10.00, 4033.00, 4029.00, 5.88, 5.76, 1.00
10.00, 4035.00, 4031.00, 5.76, 5.76, 1.00
10.00, 4037.00, 4032.00, 5.76, 5.88, 1.00
10.00, 4038.00, 4034.00, 5.76, 5.88, 1.00
10.00, 4039.00, 4035.00, 5.88, 5.88, 1.00
10.00, 4041.00, 4037.00, 5.88, 5.99, 1.00
10.00, 4042.00, 4038.00, 5.88, 6.10, 1.00
10.00, 4043.00, 4039.00, 5.99, 6.21, 1.00
10.00, 4045.00, 4041.00, 5.99, 6.33, 1.00
10.00, 4045.00, 4042.00, 6.21, 6.44, 1.00
10.00, 4047.00, 4044.00, 6.10, 6.55, 1.00
10.00, 4049.00, 4045.00, 6.21, 6.67, 1.00
10.00, 4050.00, 4046.00, 6.55, 6.78, 1.00
10.00, 4052.00, 4047.00, 6.55, 6.89, 1.00
10.00, 4053.00, 4049.00, 6.67, 7.01, 1.00
10.00, 4054.00, 4051.00, 6.78, 7.23, 1.00
10.00, 4056.00, 4053.00, 6.78, 7.34, 1.00
10.00, 4057.00, 4055.00, 7.01, 7.46, 1.00
10.00, 4059.00, 4057.00, 7.01, 7.57, 1.00
10.00, 4061.00, 4059.00, 7.12, 7.80, 1.00
10.00, 4062.00, 4060.00, 7.23, 7.80, 1.00
10.00, 4065.00, 4062.00, 7.34, 8.02, 1.00
10.00, 4066.00, 4064.00, 7.46, 8.14, 1.00
10.00, 4068.00, 4066.00, 7.57, 8.14, 1.00
10.00, 4070.00, 4069.00, 7.68, 8.25, 1.00
10.00, 4073.00, 4071.00, 7.68, 8.36, 1.00
10.00, 4074.00, 4073.00, 7.80, 8.36, 1.00
10.00, 4076.00, 4075.00, 7.80, 8.59, 1.00
10.00, 4078.00, 4077.00, 7.91, 8.47, 1.00
10.00, 4082.00, 4080.00, 7.91, 8.59, 1.00
10.00, 4084.00, 4082.00, 8.02, 8.59, 1.00
10.00, 4086.00, 4084.00, 8.02, 8.59, 1.00
10.00, 4088.00, 4086.00, 8.02, 8.59, 1.00
10.00, 4090.00, 4088.00, 8.14, 8.70, 1.00
10.00, 4092.00, 4090.00, 8.02, 8.59, 1.00
10.00, 4094.00, 4092.00, 7.91, 8.47, 1.00
10.00, 4096.00, 4094.00, 7.91, 8.47, 1.00
10.00, 4098.00, 4096.00, 7.91, 8.25, 1.00
10.00, 4100.00, 4098.00, 7.80, 8.14, 1.00
10.00, 4103.00, 4100.00, 7.68, 8.02, 1.00
10.00, 4104.00, 4102.00, 7.57, 7.91, 1.00
10.00, 4106.00, 4104.00, 7.46, 8.02, 1.00
10.00, 4108.00, 4106.00, 7.23, 7.68, 1.00
10.00, 4109.00, 4107.00, 7.12, 7.57, 1.00
10.00, 4111.00, 4109.00, 7.01, 7.46, 1.00
10.00, 4112.00, 4111.00, 6.78, 7.34, 1.00
10.00, 4114.00, 4112.00, 6.55, 7.12, 1.00
10.00, 4116.00, 4114.00, 6.33, 6.89, 1.00
10.00, 4117.00, 4116.00, 6.21, 6.78, 1.00
10.00, 4119.00, 4117.00, 5.99, 6.44, 1.00
10.00, 4120.00, 4119.00, 5.76, 6.33, 1.00
10.00, 4121.00, 4120.00, 5.65, 6.21, 1.00
10.00, 4122.00, 4122.00, 5.42, 5.88, 1.00
10.00, 4123.00, 4122.00, 5.08, 5.65, 1.00
10.00, 4124.00, 4123.00, 4.86, 5.31, 1.00
10.00, 4125.00, 4124.00, 4.52, 5.08, 1.00
10.00, 4126.00, 4125.00, 4.29, 4.75, 1.00
10.00, 4127.00, 4126.00, 4.07, 4.52, 1.00
10.00, 4127.00, 4126.00, 3.62, 4.29, 1.00
10.00, 4128.00, 4127.00, 3.39, 3.84, 1.00
10.00, 4128.00, 4127.00, 3.16, 3.62, 1.00
10.00, 4128.00, 4127.00, 2.82, 3.28, 1.00
10.00, 4128.00, 4127.00, 2.49, 2.82, 1.00
10.00, 4128.00, 4127.00, 2.15, 2.82, 1.00
10.00, 4128.00, 4129.00, 1.81, 2.49, 1.00
10.00, 4128.00, 4129.00, 1.47, 1.81, 1.00
10.00, 4128.00, 4129.00, 1.24, 1.81, 1.00
10.00, 4128.00, 4129.00, 0.90, 1.47, 1.00
10.00, 4128.00, 4129.00, 0.68, 1.13, 1.00
10.00, 4128.00, 4129.00, 0.45, 0.90, 1.00
10.00, 4128.00, 4129.00, 0.11, 0.56, 1.00
10.00, 4128.00, 4129.00, 0.00, 0.34, 1.00
10.00, 4128.00, 4129.00, -0.23, 0.11, 1.00
10.00, 4128.00, 4129.00, -0.45, 0.00, 1.00
10.00, 4128.00, 4129.00, -0.68, -0.23, 1.00
10.00, 4128.00, 4129.00, -0.90, -0.79, 1.00
10.00, 4128.00, 4127.00, -1.02, -1.02, 1.00
10.00, 4128.00, 4127.00, -1.24, -1.13, 1.00
10.00, 4128.00, 4127.00, -1.47, -1.36, 1.00
10.00, 4128.00, 4127.00, -1.58, -1.47, 1.00
10.00, 4128.00, 4127.00, -1.81, -1.69, 1.00
10.00, 4127.00, 4127.00, -1.92, -1.81, 1.00
10.00, 4127.00, 4126.00, -2.03, -2.03, 1.00
10.00, 4126.00, 4126.00, -2.37, -2.26, 1.00
10.00, 4125.00, 4126.00, -2.60, -2.37, 1.00
10.00, 4125.00, 4125.00, -2.71, -2.49, 1.00
10.00, 4124.00, 4125.00, -2.94, -2.82, 1.00
10.00, 4124.00, 4124.00, -3.16, -2.82, 1.00
10.00, 4123.00, 4124.00, -3.28, -3.05, 1.00
10.00, 4122.00, 4123.00, -3.50, -3.16, 1.00
10.00, 4122.00, 4123.00, -3.62, -3.39, 1.00
10.00, 4121.00, 4122.00, -3.73, -3.50, 1.00
10.00, 4120.00, 4122.00, -3.95, -3.62, 1.00
10.00, 4120.00, 4121.00, -4.07, -3.73, 1.00
10.00, 4119.00, 4121.00, -4.07, -3.84, 1.00
10.00, 4118.00, 4120.00, -4.29, -3.95, 1.00
10.00, 4118.00, 4120.00, -4.41, -4.07, 1.00
10.00, 4117.00, 4119.00, -4.41, -4.07, 1.00
10.00, 4116.00, 4119.00, -4.52, -4.29, 1.00
10.00, 4115.00, 4118.00, -4.63, -4.29, 1.00
10.00, 4114.00, 4117.00, -4.63, -4.41, 1.00
10.00, 4114.00, 4116.00, -4.75, -4.52, 1.00
10.00, 4113.00, 4115.00, -4.86, -4.52, 1.00
10.00, 4112.00, 4115.00, -4.86, -4.75, 1.00
10.00, 4111.00, 4114.00, -4.97, -4.75, 1.00
10.00, 4110.00, 4113.00, -5.08, -4.86, 1.00
10.00, 4109.00, 4112.00, -5.08, -4.86, 1.00
10.00, 4108.00, 4111.00, -5.20, -4.97, 1.00
10.00, 4108.00, 4110.00, -5.08, -5.08, 1.00
10.00, 4107.00, 4110.00, -5.08, -5.08, 1.00
10.00, 4106.00, 4109.00, -5.20, -4.97, 1.00
10.00, 4105.00, 4108.00, -5.20, -5.08, 1.00
10.00, 4103.00, 4107.00, -5.20, -5.08, 1.00
10.00, 4103.00, 4106.00, -5.20, -5.20, 1.00
10.00, 4102.00, 4105.00, -5.20, -5.08, 1.00
10.00, 4100.00, 4104.00, -5.20, -5.08, 1.00
10.00, 4099.00, 4103.00, -5.20, -5.08, 1.00
10.00, 4098.00, 4102.00, -5.20, -5.08, 1.00
10.00, 4097.00, 4102.00, -5.31, -5.20, 1.00
10.00, 4096.00, 4101.00, -5.31, -5.20, 1.00
10.00, 4095.00, 4099.00, -5.20, -5.20, 1.00
10.00, 4094.00, 4098.00, -5.20, -5.08, 1.00
10.00, 4093.00, 4097.00, -5.20, -5.08, 1.00
10.00, 4092.00, 4096.00, -5.08, -5.20, 1.00
10.00, 4091.00, 4095.00, -5.08, -5.20, 1.00
10.00, 4090.00, 4094.00, -4.97, -5.20, 1.00
10.00, 4089.00, 4093.00, -4.97, -5.08, 1.00
10.00, 4088.00, 4092.00, -4.86, -5.08, 1.00
10.00, 4087.00, 4091.00, -4.75, -4.97, 1.00
10.00, 4086.00, 4090.00, -4.75, -4.97, 1.00
10.00, 4085.00, 4089.00, -4.63, -4.86, 1.00
10.00, 4084.00, 4088.00, -4.52, -4.86, 1.00
10.00, 4084.00, 4087.00, -4.29, -4.75, 1.00
10.00, 4083.00, 4086.00, -4.29, -4.63, 1.00
10.00, 4082.00, 4085.00, -4.18, -4.63, 1.00
10.00, 4081.00, 4084.00, -3.95, -4.52, 1.00
10.00, 4081.00, 4083.00, -3.84, -4.41, 1.00
10.00, 4079.00, 4082.00, -3.84, -4.29, 1.00
10.00, 4078.00, 4081.00, -3.84, -4.29, 1.00
10.00, 4078.00, 4080.00, -3.62, -4.18, 1.00
10.00, 4078.00, 4080.00, -3.50, -4.07, 1.00
10.00, 4077.00, 4079.00, -3.28, -3.84, 1.00
10.00, 4077.00, 4079.00, -3.28, -3.73, 1.00
10.00, 4077.00, 4078.00, -3.05, -3.50, 1.00
10.00, 4076.00, 4078.00, -2.82, -3.39, 1.00
10.00, 4076.00, 4077.00, -2.71, -3.16, 1.00
10.00, 4076.00, 4077.00, -2.49, -3.16, 1.00
10.00, 4076.00, 4076.00, -2.37, -2.94, 1.00
10.00, 4075.00, 4076.00, -2.15, -2.71, 1.00
10.00, 4075.00, 4076.00, -2.03, -2.60, 1.00
10.00, 4074.00, 4075.00, -1.92, -2.49, 1.00
10.00, 4074.00, 4075.00, -1.81, -2.37, 1.00
10.00, 4074.00, 4075.00, -1.69, -2.15, 1.00
10.00, 4073.00, 4075.00, -1.47, -2.03, 1.00
10.00, 4073.00, 4074.00, -1.47, -1.81, 1.00
10.00, 4073.00, 4074.00, -1.24, -1.81, 1.00
10.00, 4073.00, 4074.00, -1.13, -1.58, 1.00
10.00, 4072.00, 4074.00, -0.90, -1.36, 1.00
10.00, 4072.00, 4073.00, -0.90, -1.24, 1.00
10.00, 4072.00, 4073.00, -0.79, -1.13, 1.00
10.00, 4072.00, 4073.00, -0.68, -1.02, 1.00
10.00, 4072.00, 4073.00, -0.45, -0.90, 1.00
10.00, 4071.00, 4073.00, -0.34, -0.79, 1.00
10.00, 4071.00, 4073.00, -0.23, -0.56, 1.00
10.00, 4071.00, 4073.00, -0.23, -0.45, 1.00
10.00, 4071.00, 4073.00, -0.11, -0.34, 1.00
10.00, 4071.00, 4073.00, 0.00, -0.23, 1.00
10.00, 4072.00, 4073.00, 0.11, -0.11, 1.00
10.00, 4072.00, 4073.00, 0.23, 0.00, 1.00
10.00, 4072.00, 4073.00, 0.45, 0.00, 1.00
10.00, 4071.00, 4073.00, 0.45, 0.11, 1.00
10.00, 4072.00, 4073.00, 0.68, 0.23, 1.00
10.00, 4072.00, 4073.00, 0.56, 0.34, 1.00
10.00, 4072.00, 4073.00, 0.68, 0.45, 1.00
10.00, 4072.00, 4073.00, 0.90, 0.56, 1.00
10.00, 4072.00, 4073.00, 1.02, 0.68, 1.00
10.00, 4073.00, 4073.00, 1.13, 0.68, 1.00
10.00, 4073.00, 4073.00, 1.13, 0.79, 1.00
10.00, 4074.00, 4074.00, 1.36, 0.90, 1.00
10.00, 4074.00, 4074.00, 1.47, 1.13, 1.00
10.00, 4075.00, 4074.00, 1.58, 1.13, 1.00
10.00, 4076.00, 4075.00, 1.81, 1.24, 1.00
10.00, 4076.00, 4075.00, 1.81, 1.36, 1.00
10.00, 4077.00, 4076.00, 2.03, 1.47, 1.00
10.00, 4077.00, 4076.00, 2.03, 1.47, 1.00
10.00, 4078.00, 4076.00, 2.15, 1.69, 1.00
10.00, 4079.00, 4077.00, 2.26, 1.69, 1.00
10.00, 4079.00, 4077.00, 2.26, 1.81, 1.00
10.00, 4081.00, 4078.00, 2.37, 1.92, 1.00
10.00, 4081.00, 4078.00, 2.60, 1.92, 1.00
10.00, 4081.00, 4078.00, 2.60, 2.03, 1.00
10.00, 4082.00, 4078.00, 2.60, 2.03, 1.00
10.00, 4082.00, 4078.00, 2.71, 2.03, 1.00
10.00, 4082.00, 4079.00, 2.60, 2.03, 1.00
10.00, 4082.00, 4079.00, 2.60, 2.15, 1.00
10.00, 4083.00, 4079.00, 2.60, 2.15, 1.00
10.00, 4083.00, 4079.00, 2.60, 2.15, 1.00
10.00, 4083.00, 4080.00, 2.49, 2.15, 1.00
10.00, 4083.00, 4080.00, 2.49, 2.15, 1.00
10.00, 4083.00, 4080.00, 2.49, 2.26, 1.00
10.00, 4083.00, 4080.00, 2.37, 2.26, 1.00
10.00, 4084.00, 4080.00, 2.37, 2.15, 1.00
10.00, 4084.00, 4080.00, 2.37, 2.15, 1.00
10.00, 4084.00, 4080.00, 2.37, 2.15, 1.00
10.00, 4084.00, 4080.00, 2.37, 2.15, 1.00
10.00, 4084.00, 4080.00, 2.26, 2.15, 1.00
10.00, 4084.00, 4080.00, 2.26, 2.15, 1.00
10.00, 4084.00, 4080.00, 2.15, 2.03, 1.00
10.00, 4084.00, 4080.00, 2.15, 2.03, 1.00
10.00, 4084.00, 4080.00, 2.26, 2.03, 1.00
10.00, 4085.00, 4080.00, 2.15, 2.03, 1.00
10.00, 4084.00, 4080.00, 2.15, 2.03, 1.00
10.00, 4085.00, 4080.00, 2.03, 2.03, 1.00
10.00, 4084.00, 4080.00, 1.92, 2.03, 1.00
10.00, 4084.00, 4080.00, 2.03, 2.03, 1.00
10.00, 4084.00, 4080.00, 1.81, 1.92, 1.00
10.00, 4085.00, 4080.00, 1.81, 1.92, 1.00
10.00, 4085.00, 4080.00, 1.92, 1.92, 1.00
10.00, 4085.00, 4080.00, 1.81, 1.92, 1.00
10.00, 4085.00, 4080.00, 1.81, 1.92, 1.00
10.00, 4084.00, 4080.00, 1.58, 1.92, 1.00
10.00, 4085.00, 4080.00, 1.58, 1.92, 1.00
10.00, 4084.00, 4080.00, 1.58, 1.92, 1.00
10.00, 4085.00, 4080.00, 1.58, 1.92, 1.00
10.00, 4084.00, 4080.00, 1.58, 1.92, 1.00
10.00, 4085.00, 4080.00, 1.69, 1.92, 1.00
10.00, 4085.00, 4080.00, 1.47, 1.92, 1.00
10.00, 4084.00, 4080.00, 1.58, 1.81, 1.00
10.00, 4084.00, 4080.00, 1.58, 1.81, 1.00
10.00, 4085.00, 4080.00, 1.58, 1.81, 1.00
10.00, 4084.00, 4080.00, 1.58, 1.81, 1.00
10.00, 4085.00, 4080.00, 1.36, 1.81, 1.00
10.00, 4084.00, 4080.00, 1.47, 1.81, 1.00
10.00, 4084.00, 4080.00, 1.47, 1.81, 1.00
10.00, 4085.00, 4080.00, 1.36, 1.81, 1.00
10.00, 4084.00, 4080.00, 1.24, 1.81, 1.00
10.00, 4084.00, 4080.00, 1.24, 1.81, 1.00
10.00, 4085.00, 4080.00, 1.47, 1.81, 1.00
10.00, 4085.00, 4080.00, 1.24, 1.81, 1.00
10.00, 4085.00, 4080.00, 1.36, 1.81, 1.00
10.00, 4084.00, 4080.00, 1.24, 1.81, 1.00
10.00, 4085.00, 4080.00, 1.24, 1.81, 1.00
10.00, 4085.00, 4080.00, 1.24, 1.81, 1.00
10.00, 4084.00, 4080.00, 1.24, 1.81, 1.00
10.00, 4085.00, 4080.00, 1.36, 1.81, 1.00
10.00, 4084.00, 4080.00, 1.13, 1.81, 1.00
10.00, 4085.00, 4080.00, 1.36, 1.81, 1.00
10.00, 4085.00, 4080.00, 1.13, 1.81, 1.00
10.00, 4085.00, 4080.00, 1.24, 1.81, 1.00
10.00, 4085.00, 4080.00, 1.13, 1.81, 1.00
10.00, 4084.00, 4080.00, 1.24, 1.81, 1.00
10.00, 4085.00, 4080.00, 1.24, 1.69, 1.00
10.00, 4085.00, 4080.00, 1.13, 1.69, 1.00
10.00, 4085.00, 4080.00, 1.13, 1.69, 1.00
10.00, 4085.00, 4080.00, 1.24, 1.69, 1.00
10.00, 4084.00, 4080.00, 1.24, 1.69, 1.00
10.00, 4085.00, 4080.00, 1.13, 1.69, 1.00
10.00, 4084.00, 4080.00, 1.24, 1.69, 1.00
10.00, 4084.00, 4080.00, 1.02, 1.69, 1.00
10.00, 4085.00, 4080.00, 1.02, 1.69, 1.00
10.00, 4085.00, 4080.00, 1.02, 1.69, 1.00
10.00, 4084.00, 4080.00, 1.02, 1.69, 1.00
10.00, 4084.00, 4080.00, 1.24, 1.69, 1.00
10.00, 4084.00, 4080.00, 1.02, 1.69, 1.00
10.00, 4084.00, 4080.00, 1.02, 1.69, 1.00
10.00, 4085.00, 4080.00, 1.13, 1.69, 1.00
10.00, 4085.00, 4080.00, 1.13, 1.69, 1.00
10.00, 4084.00, 4080.00, 1.13, 1.69, 1.00
10.00, 4084.00, 4080.00, 1.13, 1.69, 1.00
10.00, 4085.00, 4080.00, 1.13, 1.69, 1.00
10.00, 4085.00, 4080.00, 1.02, 1.69, 1.00
10.00, 4085.00, 4080.00, 1.02, 1.69, 1.00
10.00, 4084.00, 4080.00, 1.02, 1.69, 1.00
10.00, 4085.00, 4080.00, 1.13, 1.69, 1.00
10.00, 4084.00, 4080.00, 1.13, 1.69, 1.00
10.00, 4084.00, 4080.00, 1.13, 1.69, 1.00
10.00, 4084.00, 4080.00, 1.02, 1.69, 1.00
10.00, 4085.00, 4080.00, 1.02, 1.69, 1.00
10.00, 4084.00, 4080.00, 1.13, 1.69, 1.00
10.00, 4084.00, 4080.00, 1.13, 1.69, 1.00
10.00, 4084.00, 4080.00, 0.90, 1.69, 1.00
10.00, 4085.00, 4080.00, 1.02, 1.69, 1.00
10.00, 4084.00, 4080.00, 1.02, 1.69, 1.00
10.00, 4084.00, 4080.00, 1.13, 1.69, 1.00
10.00, 4085.00, 4080.00, 1.02, 1.69, 1.00
10.00, 4085.00, 4080.00, 1.02, 1.69, 1.00
10.00, 4084.00, 4080.00, 1.13, 1.69, 1.00
10.00, 4084.00, 4080.00, 1.13, 1.69, 1.00
10.00, 4085.00, 4080.00, 1.13, 1.69, 1.00
10.00, 4085.00, 4080.00, 1.13, 1.69, 1.00
10.00, 4085.00, 4080.00, 1.02, 1.69, 1.00
10.00, 4085.00, 4080.00, 1.02, 1.69, 1.00
10.00, 4084.00, 4080.00, 1.02, 1.69, 1.00
10.00, 4085.00, 4080.00, 1.02, 1.69, 1.00
10.00, 4085.00, 4080.00, 0.90, 1.69, 1.00
10.00, 4085.00, 4080.00, 1.02, 1.69, 1.00
10.00, 4085.00, 4080.00, 1.02, 1.69, 1.00
10.00, 4085.00, 4080.00, 0.90, 1.69, 1.00
10.00, 4084.00, 4080.00, 1.02, 1.69, 1.00
10.00, 4085.00, 4080.00, 0.90, 1.69, 1.00
10.00, 4085.00, 4080.00, 1.02, 1.69, 1.00
10.00, 4085.00, 4080.00, 1.02, 1.69, 1.00
10.00, 4085.00, 4080.00, 1.02, 1.69, 1.00
10.00, 4085.00, 4080.00, 1.02, 1.69, 1.00
10.00, 4084.00, 4080.00, 1.02, 1.69, 1.00
10.00, 4084.00, 4080.00, 1.02, 1.69, 1.00
10.00, 4084.00, 4080.00, 0.90, 1.69, 1.00
10.00, 4085.00, 4080.00, 0.90, 1.69, 1.00
10.00, 4084.00, 4080.00, 1.02, 1.69, 1.00
10.00, 4084.00, 4080.00, 0.90, 1.69, 1.00
10.00, 4085.00, 4080.00, 1.02, 1.69, 1.00
10.00, 4085.00, 4080.00, 1.02, 1.69, 1.00
10.00, 4084.00, 4080.00, 1.02, 1.69, 1.00
10.00, 4085.00, 4080.00, 1.02, 1.69, 1.00
10.00, 4084.00, 4080.00, 1.02, 1.69, 1.00
10.00, 4084.00, 4080.00, 0.90, 1.69, 1.00
10.00, 4084.00, 4080.00, 1.02, 1.69, 1.00
10.00, 4085.00, 4080.00, 1.02, 1.69, 1.00
10.00, 4085.00, 4080.00, 1.02, 1.69, 1.00
10.00, 4085.00, 4080.00, 1.02, 1.69, 1.00
10.00, 4085.00, 4080.00, 1.02, 1.69, 1.00
10.00, 4085.00, 4080.00, 1.02, 1.69, 1.00
10.00, 4085.00, 4080.00, 1.02, 1.69, 1.00
10.00, 4084.00, 4080.00, 1.02, 1.69, 1.00
10.00, 4085.00, 4080.00, 1.02, 1.69, 1.00
10.00, 4084.00, 4080.00, 1.02, 1.69, 1.00
10.00, 4085.00, 4080.00, 1.02, 1.69, 1.00
10.00, 4085.00, 4080.00, 0.79, 1.69, 1.00
10.00, 4085.00, 4080.00, 0.79, 1.69, 1.00
10.00, 4085.00, 4080.00, 1.02, 1.69, 1.00
10.00, 4084.00, 4080.00, 1.02, 1.69, 1.00
10.00, 4085.00, 4080.00, 0.79, 1.69, 1.00
10.00, 4084.00, 4080.00, 1.02, 1.69, 1.00
10.00, 4084.00, 4080.00, 0.79, 1.69, 1.00
10.00, 4084.00, 4080.00, 0.90, 1.69, 1.00
10.00, 4084.00, 4080.00, 0.90, 1.69, 1.00
10.00, 4084.00, 4080.00, 1.02, 1.69, 1.00
10.00, 4084.00, 4080.00, 0.90, 1.69, 1.00
10.00, 4085.00, 4080.00, 1.02, 1.69, 1.00
10.00, 4085.00, 4080.00, 1.02, 1.69, 1.00
10.00, 4085.00, 4080.00, 0.90, 1.69, 1.00
10.00, 4085.00, 4080.00, 1.02, 1.69, 1.00
10.00, 4085.00, 4080.00, 1.02, 1.69, 1.00
10.00, 4085.00, 4080.00, 1.02, 1.69, 1.00
10.00, 4085.00, 4080.00, 0.90, 1.69, 1.00
10.00, 4084.00, 4080.00, 0.90, 1.69, 1.00
10.00, 4085.00, 4080.00, 1.02, 1.69, 1.00
10.00, 4084.00, 4080.00, 0.90, 1.69, 1.00
10.00, 4085.00, 4080.00, 0.90, 1.69, 1.00
10.00, 4085.00, 4080.00, 1.02, 1.69, 1.00
10.00, 4085.00, 4080.00, 0.90, 1.69, 1.00
10.00, 4085.00, 4080.00, 1.02, 1.69, 1.00
10.00, 4085.00, 4080.00, 0.90, 1.69, 1.00
10.00, 4085.00, 4080.00, 1.02, 1.69, 1.00
10.00, 4085.00, 4080.00, 1.02, 1.69, 1.00
10.00, 4084.00, 4080.00, 1.02, 1.69, 1.00
10.00, 4084.00, 4080.00, 1.02, 1.69, 1.00
10.00, 4085.00, 4080.00, 1.02, 1.69, 1.00
10.00, 4085.00, 4080.00, 1.02, 1.69, 1.00
10.00, 4085.00, 4080.00, 1.02, 1.69, 1.00
10.00, 4085.00, 4080.00, 0.90, 1.69, 1.00
10.00, 4085.00, 4080.00, 1.02, 1.69, 1.00
10.00, 4085.00, 4080.00, 1.02, 1.69, 1.00
10.00, 4085.00, 4080.00, 0.90, 1.69, 1.00
10.00, 4084.00, 4080.00, 1.02, 1.69, 1.00
10.00, 4085.00, 4080.00, 1.02, 1.69, 1.00
10.00, 4085.00, 4080.00, 1.02, 1.69, 1.00
10.00, 4085.00, 4080.00, 1.02, 1.69, 1.00
10.00, 4085.00, 4080.00, 1.02, 1.69, 1.00
10.00, 4085.00, 4080.00, 1.02, 1.69, 1.00
10.00, 4085.00, 4080.00, 1.02, 1.69, 1.00
10.00, 4085.00, 4080.00, 0.79, 1.69, 1.00
10.00, 4085.00, 4080.00, 1.02, 1.69, 1.00
10.00, 4084.00, 4080.00, 1.02, 1.69, 1.00
10.00, 4085.00, 4080.00, 0.79, 1.69, 1.00
10.00, 4084.00, 4080.00, 0.79, 1.69, 1.00
10.00, 4084.00, 4080.00, 1.02, 1.69, 1.00
10.00, 4085.00, 4080.00, 1.02, 1.69, 1.00
10.00, 4085.00, 4080.00, 0.79, 1.69, 1.00
10.00, 4085.00, 4080.00, 1.02, 1.69, 1.00
10.00, 4084.00, 4080.00, 1.02, 1.69, 1.00
10.00, 4085.00, 4080.00, 0.79, 1.69, 1.00
10.00, 4084.00, 4080.00, 1.02, 1.69, 1.00
10.00, 4084.00, 4080.00, 1.02, 1.69, 1.00
10.00, 4085.00, 4080.00, 1.02, 1.69, 1.00
10.00, 4084.00, 4080.00, 1.02, 1.69, 1.00
10.00, 4084.00, 4080.00, 1.02, 1.69, 1.00
10.00, 4085.00, 4080.00, 1.02, 1.69, 1.00
10.00, 4084.00, 4080.00, 1.02, 1.69, 1.00
10.00, 4085.00, 4080.00, 1.02, 1.69, 1.00
10.00, 4085.00, 4080.00, 0.79, 1.69, 1.00
10.00, 4085.00, 4080.00, 1.02, 1.69, 1.00
10.00, 4085.00, 4080.00, 1.02, 1.69, 1.00
10.00, 4085.00, 4080.00, 0.79, 1.69, 1.00
10.00, 4084.00, 4080.00, 0.79, 1.69, 1.00
10.00, 4084.00, 4080.00, 1.02, 1.69, 1.00
10.00, 4084.00, 4080.00, 1.02, 1.69, 1.00
10.00, 4085.00, 4080.00, 1.02, 1.69, 1.00
10.00, 4085.00, 4080.00, 1.02, 1.69, 1.00
10.00, 4085.00, 4080.00, 0.79, 1.69, 1.00
10.00, 4085.00, 4080.00, 0.79, 1.69, 1.00
10.00, 4085.00, 4080.00, 1.02, 1.69, 1.00
10.00, 4085.00, 4080.00, 1.02, 1.69, 1.00
10.00, 4085.00, 4080.00, 0.79, 1.69, 1.00
10.00, 4085.00, 4080.00, 0.90, 1.69, 1.00
10.00, 4085.00, 4080.00, 1.02, 1.69, 1.00
10.00, 4084.00, 4080.00, 0.90, 1.69, 1.00
10.00, 4084.00, 4080.00, 1.02, 1.69, 1.00
10.00, 4084.00, 4080.00, 1.02, 1.69, 1.00
10.00, 4085.00, 4080.00, 1.02, 1.69, 1.00
10.00, 4085.00, 4080.00, 1.02, 1.69, 1.00
10.00, 4085.00, 4080.00, 1.02, 1.69, 1.00
10.00, 4085.00, 4080.00, 0.79, 1.69, 1.00
10.00, 4084.00, 4080.00, 0.90, 1.69, 1.00
10.00, 4084.00, 4080.00, 1.02, 1.69, 1.00
10.00, 4084.00, 4080.00, 1.02, 1.69, 1.00
10.00, 4084.00, 4080.00, 0.90, 1.69, 1.00
10.00, 4085.00, 4080.00, 1.02, 1.69, 1.00
10.00, 4085.00, 4080.00, 1.02, 1.69, 1.00
10.00, 4084.00, 4080.00, 0.90, 1.69, 1.00
10.00, 4085.00, 4080.00, 0.90, 1.69, 1.00
10.00, 4085.00, 4080.00, 0.90, 1.69, 1.00
10.00, 4085.00, 4080.00, 0.90, 1.69, 1.00
10.00, 4084.00, 4080.00, 1.02, 1.69, 1.00
10.00, 4085.00, 4080.00, 0.90, 1.69, 1.00
10.00, 4085.00, 4080.00, 0.90, 1.69, 1.00
10.00, 4084.00, 4080.00, 0.90, 1.69, 1.00
10.00, 4084.00, 4080.00, 1.02, 1.69, 1.00
10.00, 4085.00, 4080.00, 1.02, 1.69, 1.00
10.00, 4085.00, 4080.00, 1.02, 1.69, 1.00
10.00, 4085.00, 4080.00, 1.02, 1.69, 1.00
10.00, 4085.00, 4080.00, 1.02, 1.69, 1.00
10.00, 4084.00, 4080.00, 1.02, 1.69, 1.00
10.00, 4085.00, 4080.00, 1.02, 1.69, 1.00
10.00, 4085.00, 4080.00, 1.02, 1.69, 1.00
10.00, 4085.00, 4080.00, 0.90, 1.69, 1.00
10.00, 4085.00, 4080.00, 0.90, 1.69, 1.00
10.00, 4084.00, 4080.00, 0.90, 1.69, 1.00
10.00, 4084.00, 4080.00, 1.02, 1.69, 1.00
10.00, 4085.00, 4080.00, 0.90, 1.69, 1.00
10.00, 4085.00, 4080.00, 1.02, 1.69, 1.00
10.00, 4085.00, 4080.00, 0.90, 1.69, 1.00
10.00, 4084.00, 4080.00, 0.90, 1.69, 1.00
10.00, 4085.00, 4080.00, 1.02, 1.69, 1.00
10.00, 4085.00, 4080.00, 0.90, 1.69, 1.00
10.00, 4084.00, 4080.00, 0.90, 1.69, 1.00
10.00, 4085.00, 4080.00, 1.02, 1.69, 1.00
10.00, 4085.00, 4080.00, 0.90, 1.69, 1.00
10.00, 4085.00, 4080.00, 0.90, 1.69, 1.00
10.00, 4084.00, 4080.00, 1.02, 1.69, 1.00
10.00, 4085.00, 4080.00, 0.90, 1.69, 1.00
10.00, 4085.00, 4080.00, 1.02, 1.69, 1.00
10.00, 4084.00, 4080.00, 1.02, 1.69, 1.00
10.00, 4085.00, 4080.00, 0.90, 1.69, 1.00
10.00, 4085.00, 4080.00, 1.02, 1.69, 1.00
10.00, 4084.00, 4080.00, 1.02, 1.69, 1.00
10.00, 4084.00, 4080.00, 0.90, 1.69, 1.00
10.00, 4085.00, 4080.00, 0.90, 1.69, 1.00
10.00, 4085.00, 4080.00, 1.02, 1.69, 1.00
10.00, 4085.00, 4080.00, 1.02, 1.69, 1.00
10.00, 4085.00, 4080.00, 1.02, 1.69, 1.00
10.00, 4085.00, 4080.00, 1.02, 1.69, 1.00
10.00, 4084.00, 4080.00, 0.90, 1.69, 1.00
10.00, 4085.00, 4080.00, 1.02, 1.69, 1.00
10.00, 4084.00, 4080.00, 0.90, 1.69, 1.00
10.00, 4085.00, 4080.00, 1.02, 1.69, 1.00
10.00, 4085.00, 4080.00, 1.02, 1.69, 1.00
10.00, 4084.00, 4080.00, 1.02, 1.69, 1.00
10.00, 4084.00, 4080.00, 1.02, 1.69, 1.00
10.00, 4085.00, 4080.00, 0.90, 1.69, 1.00
10.00, 4084.00, 4080.00, 0.90, 1.69, 1.00
10.00, 4085.00, 4080.00, 1.02, 1.69, 1.00
10.00, 4085.00, 4080.00, 0.90, 1.69, 1.00
10.00, 4085.00, 4080.00, 1.02, 1.69, 1.00
10.00, 4084.00, 4080.00, 1.02, 1.69, 1.00
10.00, 4085.00, 4080.00, 0.90, 1.69, 1.00
10.00, 4085.00, 4080.00, 1.02, 1.69, 1.00
10.00, 4084.00, 4080.00, 1.02, 1.69, 1.00
10.00, 4085.00, 4080.00, 1.02, 1.69, 1.00
10.00, 4085.00, 4080.00, 1.02, 1.69, 1.00
10.00, 4085.00, 4080.00, 1.02, 1.69, 1.00
10.00, 4084.00, 4080.00, 1.02, 1.69, 1.00
10.00, 4084.00, 4080.00, 1.02, 1.69, 1.00
10.00, 4085.00, 4080.00, 1.02, 1.69, 1.00
10.00, 4085.00, 4080.00, 1.02, 1.69, 1.00
10.00, 4084.00, 4080.00, 1.02, 1.69, 1.00
10.00, 4084.00, 4080.00, 0.79, 1.69, 1.00
10.00, 4085.00, 4080.00, 0.79, 1.69, 1.00
10.00, 4085.00, 4080.00, 1.02, 1.69, 1.00
10.00, 4084.00, 4080.00, 0.90, 1.69, 1.00
10.00, 4085.00, 4080.00, 1.02, 1.69, 1.00
10.00, 4085.00, 4080.00, 1.02, 1.69, 1.00
10.00, 4085.00, 4080.00, 1.02, 1.69, 1.00
10.00, 4085.00, 4080.00, 1.02, 1.69, 1.00
10.00, 4084.00, 4080.00, 0.79, 1.69, 1.00
10.00, 4085.00, 4080.00, 0.90, 1.69, 1.00
10.00, 4084.00, 4080.00, 0.90, 1.69, 1.00
10.00, 4085.00, 4080.00, 0.90, 1.69, 1.00
10.00, 4085.00, 4080.00, 1.02, 1.69, 1.00
10.00, 4085.00, 4080.00, 1.02, 1.69, 1.00
10.00, 4085.00, 4080.00, 0.90, 1.69, 1.00
10.00, 4084.00, 4080.00, 0.90, 1.69, 1.00
10.00, 4085.00, 4080.00, 1.02, 1.69, 1.00
10.00, 4085.00, 4080.00, 1.02, 1.69, 1.00
10.00, 4085.00, 4080.00, 1.02, 1.69, 1.00
10.00, 4084.00, 4080.00, 1.02, 1.69, 1.00
10.00, 4085.00, 4080.00, 0.90, 1.69, 1.00
10.00, 4085.00, 4080.00, 0.90, 1.69, 1.00
10.00, 4085.00, 4080.00, 1.02, 1.69, 1.00
10.00, 4085.00, 4080.00, 0.90, 1.69, 1.00
10.00, 4085.00, 4080.00, 1.02, 1.69, 1.00
10.00, 4084.00, 4080.00, 1.02, 1.69, 1.00
10.00, 4085.00, 4080.00, 0.90, 1.69, 1.00
10.00, 4085.00, 4080.00, 1.02, 1.69, 1.00
10.00, 4084.00, 4080.00, 1.02, 1.69, 1.00
10.00, 4084.00, 4080.00, 0.90, 1.69, 1.00
10.00, 4085.00, 4080.00, 1.02, 1.69, 1.00
10.00, 4085.00, 4080.00, 1.02, 1.69, 1.00
10.00, 4085.00, 4080.00, 1.02, 1.69, 1.00
10.00, 4084.00, 4080.00, 1.02, 1.69, 1.00
10.00, 4084.00, 4080.00, 0.90, 1.69, 1.00
10.00, 4084.00, 4080.00, 1.02, 1.69, 1.00
10.00, 4085.00, 4080.00, 0.90, 1.69, 1.00
10.00, 4085.00, 4080.00, 1.02, 1.69, 1.00
11.00, 4085.00, 4080.00, 0.90, 1.69, 1.00
10.00, 4084.00, 4080.00, 0.90, 1.69, 1.00
10.00, 4085.00, 4080.00, 1.02, 1.69, 1.00
10.00, 4084.00, 4080.00, 1.02, 1.69, 1.00
10.00, 4085.00, 4080.00, 1.02, 1.69, 1.00
10.00, 4084.00, 4080.00, 1.02, 1.69, 1.00
10.00, 4085.00, 4080.00, 0.90, 1.69, 1.00
10.00, 4084.00, 4080.00, 1.02, 1.69, 1.00
10.00, 4085.00, 4080.00, 1.02, 1.69, 1.00
10.00, 4085.00, 4080.00, 0.90, 1.69, 1.00
10.00, 4085.00, 4080.00, 1.02, 1.69, 1.00
10.00, 4084.00, 4080.00, 0.90, 1.69, 1.00
10.00, 4084.00, 4080.00, 0.90, 1.69, 1.00
10.00, 4085.00, 4080.00, 1.02, 1.69, 1.00
10.00, 4085.00, 4080.00, 1.02, 1.69, 1.00
10.00, 4084.00, 4080.00, 1.02, 1.69, 1.00
10.00, 4085.00, 4080.00, 1.02, 1.69, 1.00
10.00, 4085.00, 4080.00, 1.02, 1.69, 1.00
10.00, 4084.00, 4080.00, 1.02, 1.69, 1.00
10.00, 4085.00, 4080.00, 0.90, 1.69, 1.00
10.00, 4085.00, 4080.00, 0.90, 1.69, 1.00
10.00, 4085.00, 4080.00, 1.02, 1.69, 1.00
10.00, 4085.00, 4080.00, 1.02, 1.69, 1.00
10.00, 4085.00, 4080.00, 0.90, 1.69, 1.00
10.00, 4085.00, 4080.00, 1.02, 1.69, 1.00
10.00, 4085.00, 4080.00, 0.90, 1.69, 1.00
10.00, 4085.00, 4080.00, 0.90, 1.69, 1.00
10.00, 4084.00, 4080.00, 1.02, 1.69, 1.00
10.00, 4084.00, 4080.00, 1.02, 1.69, 1.00
10.00, 4085.00, 4080.00, 1.02, 1.69, 1.00
10.00, 4085.00, 4080.00, 0.90, 1.69, 1.00
10.00, 4084.00, 4080.00, 0.90, 1.69, 1.00
10.00, 4085.00, 4080.00, 1.02, 1.69, 1.00
10.00, 4084.00, 4080.00, 1.02, 1.69, 1.00
10.00, 4085.00, 4080.00, 1.02, 1.69, 1.00
10.00, 4084.00, 4080.00, 0.90, 1.69, 1.00
10.00, 4084.00, 4080.00, 1.02, 1.69, 1.00
10.00, 4085.00, 4080.00, 1.02, 1.69, 1.00
10.00, 4084.00, 4080.00, 1.02, 1.69, 1.00
10.00, 4084.00, 4080.00, 1.02, 1.69, 1.00
10.00, 4084.00, 4080.00, 1.02, 1.69, 1.00
10.00, 4084.00, 4080.00, 0.79, 1.69, 1.00
10.00, 4084.00, 4080.00, 1.02, 1.69, 1.00
10.00, 4085.00, 4080.00, 1.02, 1.69, 1.00
10.00, 4085.00, 4080.00, 1.02, 1.69, 1.00
10.00, 4085.00, 4080.00, 1.02, 1.69, 1.00
10.00, 4084.00, 4080.00, 1.02, 1.69, 1.00
10.00, 4085.00, 4080.00, 1.02, 1.69, 1.00
10.00, 4085.00, 4080.00, 1.02, 1.69, 1.00
10.00, 4085.00, 4080.00, 1.02, 1.69, 1.00
10.00, 4084.00, 4080.00, 1.02, 1.69, 1.00
10.00, 4085.00, 4080.00, 0.79, 1.69, 1.00
10.00, 4085.00, 4080.00, 1.02, 1.69, 1.00
10.00, 4084.00, 4080.00, 1.02, 1.69, 1.00
10.00, 4085.00, 4080.00, 1.02, 1.69, 1.00
10.00, 4085.00, 4080.00, 0.90, 1.69, 1.00
10.00, 4085.00, 4080.00, 0.90, 1.69, 1.00
10.00, 4085.00, 4080.00, 0.79, 1.69, 1.00
10.00, 4085.00, 4080.00, 0.79, 1.69, 1.00
10.00, 4085.00, 4080.00, 0.79, 1.69, 1.00
10.00, 4085.00, 4080.00, 1.02, 1.69, 1.00
10.00, 4085.00, 4080.00, 1.02, 1.69, 1.00
10.00, 4085.00, 4080.00, 0.79, 1.69, 1.00
10.00, 4085.00, 4080.00, 0.79, 1.69, 1.00
10.00, 4084.00, 4080.00, 1.02, 1.69, 1.00
10.00, 4085.00, 4080.00, 1.02, 1.69, 1.00
10.00, 4085.00, 4080.00, 1.02, 1.69, 1.00
10.00, 4085.00, 4080.00, 1.02, 1.69, 1.00
10.00, 4085.00, 4080.00, 1.02, 1.69, 1.00
10.00, 4085.00, 4080.00, 0.79, 1.69, 1.00
10.00, 4085.00, 4080.00, 1.02, 1.69, 1.00
10.00, 4084.00, 4080.00, 0.79, 1.69, 1.00
10.00, 4084.00, 4080.00, 1.02, 1.69, 1.00
10.00, 4085.00, 4080.00, 1.02, 1.69, 1.00
10.00, 4085.00, 4080.00, 0.79, 1.69, 1.00
10.00, 4085.00, 4080.00, 1.02, 1.69, 1.00
10.00, 4085.00, 4080.00, 0.79, 1.69, 1.00
10.00, 4084.00, 4080.00, 1.02, 1.69, 1.00
10.00, 4084.00, 4080.00, 1.02, 1.69, 1.00
10.00, 4085.00, 4080.00, 0.79, 1.69, 1.00
10.00, 4085.00, 4080.00, 0.90, 1.69, 1.00
10.00, 4085.00, 4080.00, 0.90, 1.69, 1.00
10.00, 4085.00, 4080.00, 1.02, 1.69, 1.00
10.00, 4085.00, 4080.00, 1.02, 1.69, 1.00
10.00, 4084.00, 4080.00, 0.90, 1.69, 1.00
10.00, 4085.00, 4080.00, 0.90, 1.69, 1.00
10.00, 4085.00, 4080.00, 1.02, 1.69, 1.00
10.00, 4085.00, 4080.00, 1.02, 1.69, 1.00
10.00, 4085.00, 4080.00, 1.02, 1.69, 1.00
10.00, 4085.00, 4080.00, 0.90, 1.69, 1.00
10.00, 4085.00, 4080.00, 0.90, 1.69, 1.00
10.00, 4085.00, 4080.00, 0.90, 1.69, 1.00
10.00, 4085.00, 4080.00, 1.02, 1.69, 1.00
10.00, 4084.00, 4080.00, 1.02, 1.69, 1.00
10.00, 4084.00, 4080.00, 1.02, 1.69, 1.00
10.00, 4085.00, 4080.00, 0.90, 1.69, 1.00
10.00, 4085.00, 4080.00, 1.02, 1.69, 1.00
10.00, 4085.00, 4080.00, 1.02, 1.69, 1.00
10.00, 4085.00, 4080.00, 1.02, 1.69, 1.00
10.00, 4085.00, 4080.00, 0.90, 1.69, 1.00
10.00, 4085.00, 4080.00, 0.90, 1.69, 1.00
10.00, 4085.00, 4080.00, 1.02, 1.69, 1.00
10.00, 4084.00, 4080.00, 1.02, 1.69, 1.00
10.00, 4084.00, 4080.00, 0.90, 1.69, 1.00
10.00, 4085.00, 4080.00, 1.02, 1.69, 1.00
10.00, 4085.00, 4080.00, 1.02, 1.69, 1.00
10.00, 4085.00, 4080.00, 1.02, 1.69, 1.00
10.00, 4085.00, 4080.00, 1.02, 1.69, 1.00
10.00, 4085.00, 4080.00, 1.02, 1.69, 1.00
10.00, 4084.00, 4080.00, 1.02, 1.69, 1.00
10.00, 4085.00, 4080.00, 1.02, 1.69, 1.00
10.00, 4084.00, 4080.00, 0.79, 1.69, 1.00
10.00, 4084.00, 4080.00, 0.90, 1.69, 1.00
10.00, 4085.00, 4080.00, 0.90, 1.69, 1.00
10.00, 4085.00, 4080.00, 0.90, 1.69, 1.00
10.00, 4084.00, 4080.00, 1.02, 1.69, 1.00
10.00, 4085.00, 4080.00, 1.02, 1.69, 1.00
10.00, 4085.00, 4080.00, 1.02, 1.69, 1.00
10.00, 4085.00, 4080.00, 1.02, 1.69, 1.00
10.00, 4084.00, 4080.00, 0.90, 1.69, 1.00
10.00, 4085.00, 4080.00, 1.02, 1.69, 1.00
10.00, 4084.00, 4080.00, 0.90, 1.69, 1.00
10.00, 4085.00, 4080.00, 1.02, 1.69, 1.00
10.00, 4085.00, 4080.00, 0.90, 1.69, 1.00
10.00, 4084.00, 4080.00, 0.90, 1.69, 1.00
10.00, 4084.00, 4080.00, 1.02, 1.69, 1.00
10.00, 4085.00, 4080.00, 0.90, 1.69, 1.00
10.00, 4085.00, 4080.00, 1.02, 1.69, 1.00
10.00, 4084.00, 4080.00, 1.02, 1.69, 1.00
10.00, 4084.00, 4080.00, 1.02, 1.69, 1.00
10.00, 4084.00, 4080.00, 0.90, 1.69, 1.00
10.00, 4085.00, 4080.00, 1.02, 1.69, 1.00
10.00, 4084.00, 4080.00, 1.02, 1.69, 1.00
10.00, 4084.00, 4080.00, 0.90, 1.69, 1.00
10.00, 4085.00, 4080.00, 1.02, 1.69, 1.00
10.00, 4085.00, 4080.00, 1.02, 1.69, 1.00
10.00, 4085.00, 4080.00, 1.02, 1.69, 1.00
10.00, 4085.00, 4080.00, 1.02, 1.69, 1.00
10.00, 4085.00, 4080.00, 1.02, 1.69, 1.00
10.00, 4085.00, 4080.00, 0.90, 1.69, 1.00
10.00, 4085.00, 4080.00, 1.02, 1.69, 1.00
10.00, 4085.00, 4080.00, 0.90, 1.69, 1.00
10.00, 4085.00, 4080.00, 1.02, 1.69, 1.00
10.00, 4084.00, 4080.00, 0.90, 1.69, 1.00
10.00, 4085.00, 4080.00, 1.02, 1.69, 1.00
10.00, 4084.00, 4080.00, 0.90, 1.69, 1.00
10.00, 4084.00, 4080.00, 1.02, 1.69, 1.00
10.00, 4084.00, 4080.00, 1.02, 1.69, 1.00
10.00, 4085.00, 4080.00, 1.02, 1.69, 1.00
10.00, 4085.00, 4080.00, 0.90, 1.69, 1.00
10.00, 4085.00, 4080.00, 0.90, 1.69, 1.00
10.00, 4084.00, 4080.00, 1.02, 1.69, 1.00
10.00, 4085.00, 4080.00, 0.90, 1.69, 1.00
10.00, 4085.00, 4080.00, 1.02, 1.69, 1.00
10.00, 4085.00, 4080.00, 1.02, 1.69, 1.00
10.00, 4085.00, 4080.00, 0.90, 1.69, 1.00
10.00, 4085.00, 4080.00, 0.90, 1.69, 1.00
10.00, 4085.00, 4080.00, 1.02, 1.69, 1.00
10.00, 4085.00, 4080.00, 1.02, 1.69, 1.00
10.00, 4085.00, 4080.00, 1.02, 1.69, 1.00
10.00, 4085.00, 4080.00, 1.02, 1.69, 1.00
10.00, 4084.00, 4080.00, 1.02, 1.69, 1.00
10.00, 4085.00, 4080.00, 1.02, 1.69, 1.00
10.00, 4084.00, 4080.00, 1.02, 1.69, 1.00
10.00, 4084.00, 4080.00, 1.02, 1.69, 1.00
10.00, 4085.00, 4080.00, 1.02, 1.69, 1.00
10.00, 4085.00, 4080.00, 1.02, 1.69, 1.00
10.00, 4084.00, 4080.00, 1.02, 1.69, 1.00
10.00, 4084.00, 4080.00, 1.02, 1.69, 1.00
10.00, 4084.00, 4080.00, 1.02, 1.69, 1.00
10.00, 4085.00, 4080.00, 1.02, 1.69, 1.00
10.00, 4084.00, 4080.00, 0.79, 1.69, 1.00
10.00, 4084.00, 4080.00, 1.02, 1.69, 1.00
10.00, 4084.00, 4080.00, 1.02, 1.69, 1.00
10.00, 4084.00, 4080.00, 1.02, 1.69, 1.00
10.00, 4085.00, 4080.00, 0.90, 1.69, 1.00
10.00, 4085.00, 4080.00, 0.79, 1.69, 1.00
10.00, 4085.00, 4080.00, 1.02, 1.69, 1.00
10.00, 4085.00, 4080.00, 0.79, 1.69, 1.00
10.00, 4085.00, 4080.00, 0.79, 1.69, 1.00
10.00, 4085.00, 4080.00, 1.02, 1.69, 1.00
10.00, 4084.00, 4080.00, 0.79, 1.69, 1.00
10.00, 4084.00, 4080.00, 0.90, 1.69, 1.00
10.00, 4085.00, 4080.00, 0.90, 1.69, 1.00
10.00, 4084.00, 4080.00, 0.90, 1.69, 1.00
10.00, 4085.00, 4080.00, 0.90, 1.69, 1.00
10.00, 4084.00, 4080.00, 0.90, 1.69, 1.00
10.00, 4084.00, 4080.00, 1.02, 1.69, 1.00
10.00, 4085.00, 4080.00, 1.02, 1.69, 1.00
10.00, 4084.00, 4080.00, 0.90, 1.69, 1.00
10.00, 4085.00, 4080.00, 0.90, 1.69, 1.00
10.00, 4085.00, 4080.00, 1.02, 1.69, 1.00
10.00, 4085.00, 4080.00, 1.02, 1.69, 1.00
10.00, 4084.00, 4080.00, 1.02, 1.69, 1.00
10.00, 4084.00, 4080.00, 1.02, 1.69, 1.00
10.00, 4084.00, 4080.00, 1.02, 1.69, 1.00
10.00, 4084.00, 4080.00, 0.90, 1.69, 1.00
10.00, 4084.00, 4080.00, 1.02, 1.69, 1.00
10.00, 4085.00, 4080.00, 0.90, 1.69, 1.00
10.00, 4084.00, 4080.00, 1.02, 1.69, 1.00
10.00, 4085.00, 4080.00, 0.90, 1.69, 1.00
10.00, 4084.00, 4080.00, 1.02, 1.69, 1.00
10.00, 4085.00, 4080.00, 1.02, 1.69, 1.00
10.00, 4085.00, 4080.00, 1.02, 1.69, 1.00
10.00, 4085.00, 4080.00, 1.02, 1.69, 1.00
10.00, 4085.00, 4080.00, 1.02, 1.69, 1.00
10.00, 4085.00, 4080.00, 0.90, 1.69, 1.00
10.00, 4085.00, 4080.00, 1.02, 1.69, 1.00
10.00, 4085.00, 4080.00, 1.02, 1.69, 1.00
10.00, 4085.00, 4080.00, 1.02, 1.69, 1.00
10.00, 4085.00, 4080.00, 1.02, 1.69, 1.00
10.00, 4084.00, 4080.00, 0.79, 1.69, 1.00
10.00, 4085.00, 4080.00, 1.02, 1.69, 1.00
10.00, 4085.00, 4080.00, 1.02, 1.69, 1.00
10.00, 4085.00, 4080.00, 0.79, 1.69, 1.00
10.00, 4085.00, 4080.00, 1.02, 1.69, 1.00
10.00, 4084.00, 4080.00, 0.90, 1.69, 1.00
10.00, 4084.00, 4080.00, 0.90, 1.69, 1.00
10.00, 4085.00, 4080.00, 1.02, 1.69, 1.00
10.00, 4085.00, 4080.00, 1.02, 1.69, 1.00
10.00, 4085.00, 4080.00, 1.02, 1.69, 1.00
10.00, 4085.00, 4080.00, 1.02, 1.69, 1.00
10.00, 4085.00, 4080.00, 1.02, 1.69, 1.00
10.00, 4085.00, 4080.00, 1.02, 1.69, 1.00
10.00, 4085.00, 4080.00, 1.02, 1.69, 1.00
10.00, 4085.00, 4080.00, 0.79, 1.69, 1.00
10.00, 4084.00, 4080.00, 1.02, 1.69, 1.00
10.00, 4085.00, 4080.00, 1.02, 1.69, 1.00
10.00, 4085.00, 4080.00, 0.79, 1.69, 1.00
10.00, 4084.00, 4080.00, 1.02, 1.69, 1.00
10.00, 4085.00, 4080.00, 1.02, 1.69, 1.00
10.00, 4085.00, 4080.00, 1.02, 1.69, 1.00
10.00, 4085.00, 4080.00, 0.79, 1.69, 1.00
10.00, 4085.00, 4080.00, 1.02, 1.69, 1.00
10.00, 4085.00, 4080.00, 0.79, 1.69, 1.00
10.00, 4084.00, 4080.00, 0.90, 1.69, 1.00
10.00, 4085.00, 4080.00, 1.02, 1.69, 1.00
10.00, 4085.00, 4080.00, 1.02, 1.69, 1.00
10.00, 4085.00, 4080.00, 1.02, 1.69, 1.00
10.00, 4085.00, 4080.00, 1.02, 1.69, 1.00
10.00, 4084.00, 4080.00, 1.02, 1.69, 1.00
10.00, 4084.00, 4080.00, 0.79, 1.69, 1.00
10.00, 4084.00, 4080.00, 1.02, 1.69, 1.00
10.00, 4085.00, 4080.00, 0.79, 1.69, 1.00
10.00, 4084.00, 4080.00, 1.02, 1.69, 1.00
10.00, 4084.00, 4080.00, 1.02, 1.69, 1.00
10.00, 4085.00, 4080.00, 0.79, 1.69, 1.00
10.00, 4085.00, 4080.00, 1.02, 1.69, 1.00
10.00, 4085.00, 4080.00, 0.79, 1.69, 1.00
10.00, 4084.00, 4080.00, 0.90, 1.69, 1.00
10.00, 4085.00, 4080.00, 0.90, 1.69, 1.00
10.00, 4085.00, 4080.00, 1.02, 1.69, 1.00
10.00, 4085.00, 4080.00, 1.02, 1.69, 1.00
10.00, 4085.00, 4080.00, 1.02, 1.69, 1.00
10.00, 4085.00, 4080.00, 0.90, 1.69, 1.00
10.00, 4085.00, 4080.00, 1.02, 1.69, 1.00
10.00, 4085.00, 4080.00, 0.90, 1.69, 1.00
10.00, 4084.00, 4080.00, 1.02, 1.69, 1.00
10.00, 4084.00, 4080.00, 1.02, 1.69, 1.00
10.00, 4085.00, 4080.00, 1.02, 1.69, 1.00
10.00, 4084.00, 4080.00, 0.90, 1.69, 1.00
10.00, 4084.00, 4080.00, 1.02, 1.69, 1.00
10.00, 4085.00, 4080.00, 0.90, 1.69, 1.00
10.00, 4085.00, 4080.00, 0.90, 1.69, 1.00
10.00, 4085.00, 4080.00, 1.02, 1.69, 1.00
10.00, 4084.00, 4080.00, 1.02, 1.69, 1.00
10.00, 4084.00, 4080.00, 0.90, 1.69, 1.00
10.00, 4085.00, 4080.00, 1.02, 1.69, 1.00
10.00, 4085.00, 4080.00, 1.02, 1.69, 1.00
10.00, 4084.00, 4080.00, 1.02, 1.69, 1.00
10.00, 4085.00, 4080.00, 1.02, 1.69, 1.00
10.00, 4085.00, 4080.00, 0.90, 1.69, 1.00
10.00, 4085.00, 4080.00, 1.02, 1.69, 1.00
10.00, 4084.00, 4080.00, 1.02, 1.69, 1.00
10.00, 4085.00, 4080.00, 1.02, 1.69, 1.00
10.00, 4084.00, 4080.00, 1.02, 1.69, 1.00
10.00, 4084.00, 4080.00, 0.79, 1.69, 1.00
10.00, 4085.00, 4080.00, 0.90, 1.69, 1.00
10.00, 4084.00, 4080.00, 0.90, 1.69, 1.00
10.00, 4085.00, 4080.00, 1.02, 1.69, 1.00
10.00, 4084.00, 4080.00, 1.02, 1.69, 1.00
10.00, 4085.00, 4080.00, 1.02, 1.69, 1.00
10.00, 4084.00, 4080.00, 1.02, 1.69, 1.00
10.00, 4085.00, 4080.00, 0.90, 1.69, 1.00
10.00, 4084.00, 4080.00, 1.02, 1.69, 1.00
10.00, 4085.00, 4080.00, 1.02, 1.69, 1.00
10.00, 4085.00, 4080.00, 1.02, 1.69, 1.00
10.00, 4085.00, 4080.00, 1.02, 1.69, 1.00
10.00, 4085.00, 4080.00, 0.79, 1.69, 1.00
10.00, 4085.00, 4080.00, 1.02, 1.69, 1.00
10.00, 4085.00, 4080.00, 1.02, 1.69, 1.00
10.00, 4085.00, 4080.00, 1.02, 1.69, 1.00
10.00, 4084.00, 4080.00, 0.79, 1.69, 1.00
10.00, 4085.00, 4080.00, 1.02, 1.69, 1.00
10.00, 4085.00, 4080.00, 1.02, 1.69, 1.00
10.00, 4084.00, 4080.00, 0.79, 1.69, 1.00
10.00, 4084.00, 4080.00, 1.02, 1.69, 1.00
10.00, 4085.00, 4080.00, 0.79, 1.69, 1.00
10.00, 4085.00, 4080.00, 1.02, 1.69, 1.00
10.00, 4084.00, 4080.00, 0.90, 1.69, 1.00
10.00, 4084.00, 4080.00, 1.02, 1.69, 1.00
10.00, 4085.00, 4080.00, 1.02, 1.69, 1.00
10.00, 4085.00, 4080.00, 0.90, 1.69, 1.00
10.00, 4085.00, 4080.00, 0.90, 1.69, 1.00
10.00, 4084.00, 4080.00, 1.02, 1.69, 1.00
10.00, 4085.00, 4080.00, 0.90, 1.69, 1.00
10.00, 4084.00, 4080.00, 0.90, 1.69, 1.00
10.00, 4084.00, 4080.00, 1.02, 1.69, 1.00
10.00, 4085.00, 4080.00, 0.90, 1.69, 1.00
10.00, 4084.00, 4080.00, 0.90, 1.69, 1.00
10.00, 4084.00, 4080.00, 1.02, 1.69, 1.00
10.00, 4085.00, 4080.00, 1.02, 1.69, 1.00
10.00, 4085.00, 4080.00, 1.02, 1.69, 1.00
10.00, 4084.00, 4080.00, 1.02, 1.69, 1.00
10.00, 4084.00, 4080.00, 1.02, 1.69, 1.00
10.00, 4085.00, 4080.00, 1.02, 1.69, 1.00
10.00, 4084.00, 4080.00, 0.90, 1.69, 1.00
10.00, 4085.00, 4080.00, 0.90, 1.69, 1.00
10.00, 4084.00, 4080.00, 1.02, 1.69, 1.00
10.00, 4085.00, 4080.00, 1.02, 1.69, 1.00
10.00, 4085.00, 4080.00, 1.02, 1.69, 1.00
10.00, 4085.00, 4080.00, 0.90, 1.69, 1.00
10.00, 4085.00, 4080.00, 1.02, 1.69, 1.00
10.00, 4084.00, 4080.00, 1.02, 1.69, 1.00
10.00, 4085.00, 4080.00, 1.02, 1.69, 1.00
10.00, 4085.00, 4080.00, 1.02, 1.69, 1.00
10.00, 4085.00, 4080.00, 0.90, 1.69, 1.00
10.00, 4084.00, 4080.00, 0.90, 1.69, 1.00
10.00, 4085.00, 4080.00, 0.90, 1.69, 1.00
10.00, 4084.00, 4080.00, 1.02, 1.69, 1.00
10.00, 4084.00, 4080.00, 0.90, 1.69, 1.00
10.00, 4084.00, 4080.00, 0.90, 1.69, 1.00
10.00, 4085.00, 4080.00, 0.90, 1.69, 1.00
10.00, 4085.00, 4080.00, 0.90, 1.69, 1.00
10.00, 4084.00, 4080.00, 0.90, 1.69, 1.00
10.00, 4084.00, 4080.00, 1.02, 1.69, 1.00
10.00, 4085.00, 4080.00, 0.90, 1.69, 1.00
10.00, 4084.00, 4080.00, 1.02, 1.69, 1.00
10.00, 4084.00, 4080.00, 1.02, 1.69, 1.00
10.00, 4085.00, 4080.00, 1.02, 1.69, 1.00
10.00, 4084.00, 4080.00, 0.90, 1.69, 1.00
10.00, 4084.00, 4080.00, 1.02, 1.69, 1.00
10.00, 4085.00, 4080.00, 1.02, 1.69, 1.00
10.00, 4084.00, 4080.00, 0.90, 1.69, 1.00
10.00, 4085.00, 4080.00, 1.02, 1.69, 1.00
10.00, 4085.00, 4080.00, 0.90, 1.69, 1.00
10.00, 4084.00, 4080.00, 1.02, 1.69, 1.00
10.00, 4085.00, 4080.00, 1.02, 1.69, 1.00
10.00, 4085.00, 4080.00, 1.02, 1.69, 1.00
10.00, 4085.00, 4080.00, 1.02, 1.69, 1.00
10.00, 4085.00, 4080.00, 0.90, 1.69, 1.00
10.00, 4084.00, 4080.00, 1.02, 1.69, 1.00
10.00, 4084.00, 4080.00, 1.02, 1.69, 1.00
10.00, 4085.00, 4080.00, 1.02, 1.69, 1.00
10.00, 4085.00, 4080.00, 0.90, 1.69, 1.00
10.00, 4085.00, 4080.00, 1.02, 1.69, 1.00
10.00, 4085.00, 4080.00, 1.02, 1.69, 1.00
10.00, 4084.00, 4080.00, 1.02, 1.69, 1.00
10.00, 4085.00, 4080.00, 0.90, 1.69, 1.00
10.00, 4085.00, 4080.00, 0.90, 1.69, 1.00
10.00, 4085.00, 4080.00, 0.90, 1.69, 1.00
10.00, 4085.00, 4080.00, 0.90, 1.69, 1.00
10.00, 4085.00, 4080.00, 0.90, 1.69, 1.00
10.00, 4085.00, 4080.00, 1.02, 1.69, 1.00
10.00, 4085.00, 4080.00, 1.02, 1.69, 1.00
10.00, 4084.00, 4080.00, 1.02, 1.69, 1.00
10.00, 4085.00, 4080.00, 1.02, 1.69, 1.00
10.00, 4085.00, 4080.00, 0.90, 1.69, 1.00
10.00, 4084.00, 4080.00, 1.02, 1.69, 1.00
10.00, 4084.00, 4080.00, 1.02, 1.69, 1.00
10.00, 4084.00, 4080.00, 1.02, 1.69, 1.00
10.00, 4085.00, 4080.00, 0.90, 1.69, 1.00
10.00, 4085.00, 4080.00, 1.02, 1.69, 1.00
10.00, 4085.00, 4080.00, 0.90, 1.69, 1.00
10.00, 4084.00, 4080.00, 0.90, 1.69, 1.00
10.00, 4085.00, 4080.00, 1.02, 1.69, 1.00
10.00, 4085.00, 4080.00, 1.02, 1.69, 1.00
10.00, 4085.00, 4080.00, 1.02, 1.69, 1.00
10.00, 4085.00, 4080.00, 0.90, 1.69, 1.00
10.00, 4085.00, 4080.00, 1.02, 1.69, 1.00
10.00, 4085.00, 4080.00, 1.02, 1.69, 1.00
10.00, 4084.00, 4080.00, 0.90, 1.69, 1.00
10.00, 4084.00, 4080.00, 0.90, 1.69, 1.00
10.00, 4085.00, 4080.00, 1.02, 1.69, 1.00
10.00, 4084.00, 4080.00, 0.90, 1.69, 1.00
10.00, 4085.00, 4080.00, 1.02, 1.69, 1.00
10.00, 4085.00, 4080.00, 1.02, 1.69, 1.00
10.00, 4084.00, 4080.00, 1.02, 1.69, 1.00
10.00, 4084.00, 4080.00, 0.90, 1.69, 1.00
10.00, 4085.00, 4080.00, 1.02, 1.69, 1.00
10.00, 4084.00, 4080.00, 1.02, 1.69, 1.00
10.00, 4085.00, 4080.00, 0.90, 1.69, 1.00
10.00, 4084.00, 4080.00, 1.02, 1.69, 1.00
10.00, 4084.00, 4080.00, 0.90, 1.69, 1.00
10.00, 4084.00, 4080.00, 1.02, 1.69, 1.00
10.00, 4085.00, 4080.00, 0.90, 1.69, 1.00
10.00, 4084.00, 4080.00, 1.02, 1.69, 1.00
10.00, 4084.00, 4080.00, 0.90, 1.69, 1.00
10.00, 4085.00, 4080.00, 1.02, 1.69, 1.00
10.00, 4084.00, 4080.00, 1.02, 1.69, 1.00
10.00, 4085.00, 4080.00, 0.90, 1.69, 1.00
10.00, 4084.00, 4080.00, 0.90, 1.69, 1.00
10.00, 4085.00, 4080.00, 1.02, 1.69, 1.00
10.00, 4084.00, 4080.00, 1.02, 1.69, 1.00
10.00, 4085.00, 4080.00, 0.90, 1.69, 1.00
10.00, 4085.00, 4080.00, 0.90, 1.69, 1.00
10.00, 4085.00, 4080.00, 1.02, 1.69, 1.00
10.00, 4085.00, 4080.00, 1.02, 1.69, 1.00
10.00, 4085.00, 4080.00, 0.90, 1.69, 1.00
10.00, 4085.00, 4080.00, 1.02, 1.69, 1.00
10.00, 4084.00, 4080.00, 1.02, 1.69, 1.00
10.00, 4084.00, 4080.00, 0.90, 1.69, 1.00
10.00, 4085.00, 4080.00, 1.02, 1.69, 1.00
10.00, 4084.00, 4080.00, 0.90, 1.69, 1.00
10.00, 4084.00, 4080.00, 0.90, 1.69, 1.00
10.00, 4085.00, 4080.00, 0.90, 1.69, 1.00
10.00, 4085.00, 4080.00, 1.02, 1.69, 1.00
10.00, 4084.00, 4080.00, 1.02, 1.69, 1.00
10.00, 4085.00, 4080.00, 1.02, 1.69, 1.00
10.00, 4084.00, 4080.00, 1.02, 1.69, 1.00
10.00, 4085.00, 4080.00, 1.02, 1.69, 1.00
10.00, 4085.00, 4080.00, 1.02, 1.69, 1.00
10.00, 4085.00, 4080.00, 1.02, 1.69, 1.00
10.00, 4084.00, 4080.00, 1.02, 1.69, 1.00
10.00, 4085.00, 4080.00, 1.02, 1.69, 1.00
10.00, 4085.00, 4080.00, 0.90, 1.69, 1.00
10.00, 4085.00, 4080.00, 0.90, 1.69, 1.00
10.00, 4085.00, 4080.00, 1.02, 1.69, 1.00
10.00, 4084.00, 4080.00, 1.02, 1.69, 1.00
10.00, 4085.00, 4080.00, 0.90, 1.69, 1.00
10.00, 4085.00, 4080.00, 0.90, 1.69, 1.00
10.00, 4084.00, 4080.00, 1.02, 1.69, 1.00
10.00, 4085.00, 4080.00, 1.02, 1.69, 1.00
10.00, 4085.00, 4080.00, 1.02, 1.69, 1.00
10.00, 4085.00, 4080.00, 0.90, 1.69, 1.00
10.00, 4084.00, 4080.00, 0.90, 1.69, 1.00
10.00, 4085.00, 4080.00, 0.90, 1.69, 1.00
10.00, 4084.00, 4080.00, 1.02, 1.69, 1.00
10.00, 4085.00, 4080.00, 0.90, 1.69, 1.00
10.00, 4085.00, 4080.00, 1.02, 1.69, 1.00
10.00, 4085.00, 4080.00, 1.02, 1.69, 1.00
10.00, 4085.00, 4080.00, 1.02, 1.69, 1.00
10.00, 4085.00, 4080.00, 1.02, 1.69, 1.00
10.00, 4084.00, 4080.00, 1.02, 1.69, 1.00
10.00, 4085.00, 4080.00, 1.02, 1.69, 1.00
10.00, 4085.00, 4080.00, 0.90, 1.69, 1.00
10.00, 4085.00, 4080.00, 0.90, 1.69, 1.00
10.00, 4085.00, 4080.00, 1.02, 1.69, 1.00
10.00, 4084.00, 4080.00, 0.90, 1.69, 1.00
10.00, 4085.00, 4080.00, 1.02, 1.69, 1.00
10.00, 4084.00, 4080.00, 1.02, 1.69, 1.00
10.00, 4084.00, 4080.00, 1.02, 1.69, 1.00
10.00, 4085.00, 4080.00, 1.02, 1.69, 1.00
10.00, 4085.00, 4080.00, 1.02, 1.69, 1.00
10.00, 4084.00, 4080.00, 1.02, 1.69, 1.00
10.00, 4085.00, 4080.00, 0.79, 1.69, 1.00
10.00, 4084.00, 4080.00, 1.02, 1.69, 1.00
10.00, 4085.00, 4080.00, 0.90, 1.69, 1.00
10.00, 4085.00, 4080.00, 1.02, 1.69, 1.00
10.00, 4084.00, 4080.00, 0.90, 1.69, 1.00
10.00, 4084.00, 4080.00, 1.02, 1.69, 1.00
10.00, 4085.00, 4080.00, 1.02, 1.69, 1.00
10.00, 4085.00, 4080.00, 1.02, 1.69, 1.00
10.00, 4085.00, 4080.00, 0.90, 1.69, 1.00
10.00, 4084.00, 4080.00, 1.02, 1.69, 1.00
10.00, 4084.00, 4080.00, 0.90, 1.69, 1.00
10.00, 4085.00, 4080.00, 0.90, 1.69, 1.00
10.00, 4084.00, 4080.00, 0.90, 1.69, 1.00
10.00, 4085.00, 4080.00, 1.02, 1.69, 1.00
10.00, 4085.00, 4080.00, 1.02, 1.69, 1.00
10.00, 4085.00, 4080.00, 1.02, 1.69, 1.00
10.00, 4085.00, 4080.00, 1.02, 1.69, 1.00
10.00, 4084.00, 4080.00, 1.02, 1.69, 1.00
10.00, 4085.00, 4080.00, 0.90, 1.69, 1.00
10.00, 4085.00, 4080.00, 1.02, 1.69, 1.00
10.00, 4085.00, 4080.00, 0.90, 1.69, 1.00
10.00, 4085.00, 4080.00, 1.02, 1.69, 1.00
10.00, 4085.00, 4080.00, 1.02, 1.69, 1.00
10.00, 4085.00, 4080.00, 1.02, 1.69, 1.00
10.00, 4085.00, 4080.00, 1.02, 1.69, 1.00
10.00, 4084.00, 4080.00, 1.02, 1.69, 1.00
10.00, 4085.00, 4080.00, 1.02, 1.69, 1.00
10.00, 4085.00, 4080.00, 1.02, 1.69, 1.00
10.00, 4085.00, 4080.00, 1.02, 1.69, 1.00
10.00, 4084.00, 4080.00, 1.02, 1.69, 1.00
10.00, 4085.00, 4080.00, 1.02, 1.69, 1.00
10.00, 4085.00, 4080.00, 0.79, 1.69, 1.00
10.00, 4084.00, 4080.00, 0.79, 1.69, 1.00
10.00, 4085.00, 4080.00, 1.02, 1.69, 1.00
10.00, 4085.00, 4080.00, 1.02, 1.69, 1.00
10.00, 4085.00, 4080.00, 1.02, 1.69, 1.00
10.00, 4085.00, 4080.00, 0.79, 1.69, 1.00
10.00, 4084.00, 4080.00, 1.02, 1.69, 1.00
10.00, 4085.00, 4080.00, 1.02, 1.69, 1.00
10.00, 4085.00, 4080.00, 1.02, 1.69, 1.00
10.00, 4084.00, 4080.00, 0.79, 1.69, 1.00
10.00, 4084.00, 4080.00, 0.79, 1.69, 1.00
10.00, 4085.00, 4080.00, 1.02, 1.69, 1.00
10.00, 4085.00, 4080.00, 1.02, 1.69, 1.00
10.00, 4085.00, 4080.00, 1.02, 1.69, 1.00
10.00, 4085.00, 4080.00, 1.02, 1.69, 1.00
10.00, 4085.00, 4080.00, 0.79, 1.69, 1.00
10.00, 4084.00, 4080.00, 1.02, 1.69, 1.00
10.00, 4084.00, 4080.00, 0.79, 1.69, 1.00
10.00, 4084.00, 4080.00, 1.02, 1.69, 1.00
10.00, 4085.00, 4080.00, 1.02, 1.69, 1.00
10.00, 4085.00, 4080.00, 1.02, 1.69, 1.00
10.00, 4084.00, 4080.00, 1.02, 1.69, 1.00
10.00, 4084.00, 4080.00, 1.02, 1.69, 1.00
10.00, 4084.00, 4080.00, 0.79, 1.69, 1.00
10.00, 4085.00, 4080.00, 1.02, 1.69, 1.00
10.00, 4084.00, 4080.00, 0.79, 1.69, 1.00
10.00, 4085.00, 4080.00, 0.79, 1.69, 1.00
10.00, 4085.00, 4080.00, 0.90, 1.69, 1.00
10.00, 4085.00, 4080.00, 1.02, 1.69, 1.00
10.00, 4085.00, 4080.00, 0.90, 1.69, 1.00
10.00, 4084.00, 4080.00, 0.90, 1.69, 1.00
10.00, 4085.00, 4080.00, 1.02, 1.69, 1.00
10.00, 4085.00, 4080.00, 1.02, 1.69, 1.00
10.00, 4085.00, 4080.00, 1.02, 1.69, 1.00
10.00, 4084.00, 4080.00, 1.02, 1.69, 1.00
10.00, 4085.00, 4080.00, 1.02, 1.69, 1.00
10.00, 4085.00, 4080.00, 1.02, 1.69, 1.00
10.00, 4084.00, 4080.00, 1.02, 1.69, 1.00
10.00, 4085.00, 4080.00, 0.79, 1.69, 1.00
10.00, 4085.00, 4080.00, 1.02, 1.69, 1.00
10.00, 4085.00, 4080.00, 1.02, 1.69, 1.00
10.00, 4084.00, 4080.00, 1.02, 1.69, 1.00
10.00, 4084.00, 4080.00, 1.02, 1.69, 1.00
10.00, 4085.00, 4080.00, 1.02, 1.69, 1.00
10.00, 4085.00, 4080.00, 1.02, 1.69, 1.00
10.00, 4084.00, 4080.00, 1.02, 1.69, 1.00
10.00, 4085.00, 4080.00, 0.79, 1.69, 1.00
10.00, 4085.00, 4080.00, 0.79, 1.69, 1.00
10.00, 4085.00, 4080.00, 1.02, 1.69, 1.00
10.00, 4085.00, 4080.00, 0.79, 1.69, 1.00
10.00, 4085.00, 4080.00, 1.02, 1.69, 1.00
10.00, 4084.00, 4080.00, 1.02, 1.69, 1.00
10.00, 4085.00, 4080.00, 0.79, 1.69, 1.00
10.00, 4085.00, 4080.00, 0.90, 1.69, 1.00
10.00, 4085.00, 4080.00, 0.90, 1.69, 1.00
10.00, 4085.00, 4080.00, 0.90, 1.69, 1.00
10.00, 4085.00, 4080.00, 0.90, 1.69, 1.00
10.00, 4085.00, 4080.00, 0.90, 1.69, 1.00
10.00, 4084.00, 4080.00, 1.02, 1.69, 1.00
10.00, 4085.00, 4080.00, 1.02, 1.69, 1.00
10.00, 4084.00, 4080.00, 1.02, 1.69, 1.00
10.00, 4085.00, 4080.00, 0.90, 1.69, 1.00
10.00, 4085.00, 4080.00, 0.90, 1.69, 1.00
10.00, 4085.00, 4080.00, 0.90, 1.69, 1.00
10.00, 4085.00, 4080.00, 1.02, 1.69, 1.00
10.00, 4085.00, 4080.00, 1.02, 1.69, 1.00
10.00, 4085.00, 4080.00, 1.02, 1.69, 1.00
10.00, 4084.00, 4080.00, 1.02, 1.69, 1.00
10.00, 4084.00, 4080.00, 0.90, 1.69, 1.00
10.00, 4085.00, 4080.00, 1.02, 1.69, 1.00
10.00, 4084.00, 4080.00, 0.90, 1.69, 1.00
10.00, 4085.00, 4080.00, 0.90, 1.69, 1.00
10.00, 4085.00, 4080.00, 0.90, 1.69, 1.00
10.00, 4085.00, 4080.00, 0.90, 1.69, 1.00
10.00, 4084.00, 4080.00, 1.02, 1.69, 1.00
10.00, 4084.00, 4080.00, 0.90, 1.69, 1.00
10.00, 4084.00, 4080.00, 1.02, 1.69, 1.00
10.00, 4084.00, 4080.00, 1.02, 1.69, 1.00
10.00, 4085.00, 4080.00, 1.02, 1.69, 1.00
10.00, 4085.00, 4080.00, 0.90, 1.69, 1.00
10.00, 4084.00, 4080.00, 0.90, 1.69, 1.00
10.00, 4085.00, 4080.00, 1.02, 1.69, 1.00
10.00, 4085.00, 4080.00, 1.02, 1.69, 1.00
10.00, 4085.00, 4080.00, 1.02, 1.69, 1.00
10.00, 4084.00, 4080.00, 1.02, 1.69, 1.00
10.00, 4085.00, 4080.00, 1.02, 1.69, 1.00
10.00, 4085.00, 4080.00, 1.02, 1.69, 1.00
10.00, 4085.00, 4080.00, 1.02, 1.69, 1.00
10.00, 4084.00, 4080.00, 0.90, 1.69, 1.00
10.00, 4084.00, 4080.00, 1.02, 1.69, 1.00
10.00, 4085.00, 4080.00, 1.02, 1.69, 1.00
10.00, 4085.00, 4080.00, 1.02, 1.69, 1.00
10.00, 4085.00, 4080.00, 0.90, 1.69, 1.00
10.00, 4085.00, 4080.00, 1.02, 1.69, 1.00
10.00, 4085.00, 4080.00, 1.02, 1.69, 1.00
10.00, 4085.00, 4080.00, 1.02, 1.69, 1.00
10.00, 4084.00, 4080.00, 0.90, 1.69, 1.00
10.00, 4084.00, 4080.00, 1.02, 1.69, 1.00
10.00, 4084.00, 4080.00, 1.02, 1.69, 1.00
10.00, 4085.00, 4080.00, 1.02, 1.69, 1.00
10.00, 4084.00, 4080.00, 1.02, 1.69, 1.00
10.00, 4085.00, 4080.00, 0.79, 1.69, 1.00
10.00, 4085.00, 4080.00, 1.02, 1.69, 1.00
10.00, 4085.00, 4080.00, 0.79, 1.69, 1.00
10.00, 4085.00, 4080.00, 1.02, 1.69, 1.00
10.00, 4084.00, 4080.00, 0.90, 1.69, 1.00
10.00, 4085.00, 4080.00, 1.02, 1.69, 1.00
10.00, 4084.00, 4080.00, 1.02, 1.69, 1.00
10.00, 4085.00, 4080.00, 1.02, 1.69, 1.00
10.00, 4085.00, 4080.00, 0.79, 1.69, 1.00
10.00, 4085.00, 4080.00, 1.02, 1.69, 1.00
10.00, 4085.00, 4080.00, 1.02, 1.69, 1.00
10.00, 4084.00, 4080.00, 1.02, 1.69, 1.00
10.00, 4085.00, 4080.00, 1.02, 1.69, 1.00
10.00, 4085.00, 4080.00, 0.79, 1.69, 1.00
10.00, 4084.00, 4080.00, 1.02, 1.69, 1.00
10.00, 4084.00, 4080.00, 0.79, 1.69, 1.00
10.00, 4085.00, 4080.00, 1.02, 1.69, 1.00
10.00, 4085.00, 4080.00, 1.02, 1.69, 1.00
10.00, 4084.00, 4080.00, 1.02, 1.69, 1.00
10.00, 4085.00, 4080.00, 1.02, 1.69, 1.00
10.00, 4085.00, 4080.00, 1.02, 1.69, 1.00
10.00, 4085.00, 4080.00, 1.02, 1.69, 1.00
10.00, 4085.00, 4080.00, 0.79, 1.69, 1.00
10.00, 4085.00, 4080.00, 1.02, 1.69, 1.00
10.00, 4085.00, 4080.00, 1.02, 1.69, 1.00
10.00, 4085.00, 4080.00, 1.02, 1.69, 1.00
10.00, 4085.00, 4080.00, 1.02, 1.69, 1.00
10.00, 4085.00, 4080.00, 0.79, 1.69, 1.00
10.00, 4084.00, 4080.00, 0.79, 1.69, 1.00
10.00, 4085.00, 4080.00, 1.02, 1.69, 1.00
10.00, 4084.00, 4080.00, 0.79, 1.69, 1.00
10.00, 4085.00, 4080.00, 1.02, 1.69, 1.00
10.00, 4085.00, 4080.00, 1.02, 1.69, 1.00
10.00, 4085.00, 4080.00, 0.79, 1.69, 1.00
10.00, 4085.00, 4080.00, 0.90, 1.69, 1.00
10.00, 4085.00, 4080.00, 1.02, 1.69, 1.00
10.00, 4084.00, 4080.00, 1.02, 1.69, 1.00
10.00, 4085.00, 4080.00, 1.02, 1.69, 1.00
10.00, 4085.00, 4080.00, 0.79, 1.69, 1.00
10.00, 4085.00, 4080.00, 0.90, 1.69, 1.00
10.00, 4085.00, 4080.00, 0.90, 1.69, 1.00
10.00, 4085.00, 4080.00, 1.02, 1.69, 1.00
10.00, 4085.00, 4080.00, 1.02, 1.69, 1.00
10.00, 4085.00, 4080.00, 1.02, 1.69, 1.00
10.00, 4085.00, 4080.00, 0.90, 1.69, 1.00
10.00, 4085.00, 4080.00, 1.02, 1.69, 1.00
10.00, 4084.00, 4080.00, 0.90, 1.69, 1.00
10.00, 4084.00, 4080.00, 1.02, 1.69, 1.00
10.00, 4085.00, 4080.00, 0.90, 1.69, 1.00
10.00, 4084.00, 4080.00, 0.90, 1.69, 1.00
10.00, 4084.00, 4080.00, 1.02, 1.69, 1.00
10.00, 4084.00, 4080.00, 1.02, 1.69, 1.00
10.00, 4085.00, 4080.00, 1.02, 1.69, 1.00
10.00, 4085.00, 4080.00, 0.90, 1.69, 1.00
10.00, 4085.00, 4080.00, 0.90, 1.69, 1.00
10.00, 4085.00, 4080.00, 0.90, 1.69, 1.00
10.00, 4085.00, 4080.00, 1.02, 1.69, 1.00
10.00, 4085.00, 4080.00, 1.02, 1.69, 1.00
10.00, 4085.00, 4080.00, 1.02, 1.69, 1.00
10.00, 4085.00, 4080.00, 0.90, 1.69, 1.00
10.00, 4084.00, 4080.00, 0.90, 1.69, 1.00
10.00, 4085.00, 4080.00, 1.02, 1.69, 1.00
10.00, 4085.00, 4080.00, 1.02, 1.69, 1.00
10.00, 4085.00, 4080.00, 1.02, 1.69, 1.00
10.00, 4084.00, 4080.00, 0.90, 1.69, 1.00
10.00, 4085.00, 4080.00, 1.02, 1.69, 1.00
10.00, 4084.00, 4080.00, 1.02, 1.69, 1.00
10.00, 4085.00, 4080.00, 1.02, 1.69, 1.00
10.00, 4084.00, 4080.00, 1.02, 1.69, 1.00
10.00, 4085.00, 4080.00, 1.02, 1.69, 1.00
10.00, 4085.00, 4080.00, 0.90, 1.69, 1.00
10.00, 4084.00, 4080.00, 1.02, 1.69, 1.00
10.00, 4084.00, 4080.00, 0.90, 1.69, 1.00
10.00, 4085.00, 4080.00, 0.90, 1.69, 1.00
10.00, 4085.00, 4080.00, 1.02, 1.69, 1.00
10.00, 4085.00, 4080.00, 1.02, 1.69, 1.00
10.00, 4085.00, 4080.00, 1.02, 1.69, 1.00
10.00, 4085.00, 4080.00, 1.02, 1.69, 1.00
10.00, 4085.00, 4080.00, 0.90, 1.69, 1.00
10.00, 4085.00, 4080.00, 1.02, 1.69, 1.00
10.00, 4085.00, 4080.00, 1.02, 1.69, 1.00
10.00, 4085.00, 4080.00, 1.02, 1.69, 1.00
10.00, 4085.00, 4080.00, 0.90, 1.69, 1.00
10.00, 4085.00, 4080.00, 0.90, 1.69, 1.00
10.00, 4085.00, 4080.00, 1.02, 1.69, 1.00
10.00, 4085.00, 4080.00, 0.90, 1.69, 1.00
10.00, 4085.00, 4080.00, 0.90, 1.69, 1.00
10.00, 4085.00, 4080.00, 1.02, 1.69, 1.00
10.00, 4085.00, 4080.00, 1.02, 1.69, 1.00
10.00, 4084.00, 4080.00, 1.02, 1.69, 1.00
10.00, 4084.00, 4080.00, 1.02, 1.69, 1.00
10.00, 4085.00, 4080.00, 1.02, 1.69, 1.00
10.00, 4085.00, 4080.00, 1.02, 1.69, 1.00
10.00, 4084.00, 4080.00, 0.90, 1.69, 1.00
10.00, 4085.00, 4080.00, 0.90, 1.69, 1.00
10.00, 4085.00, 4080.00, 1.02, 1.69, 1.00
10.00, 4085.00, 4080.00, 1.02, 1.69, 1.00
10.00, 4085.00, 4080.00, 0.90, 1.69, 1.00
10.00, 4085.00, 4080.00, 1.02, 1.69, 1.00
10.00, 4085.00, 4080.00, 1.02, 1.69, 1.00
10.00, 4084.00, 4080.00, 0.90, 1.69, 1.00
10.00, 4084.00, 4080.00, 0.90, 1.69, 1.00
10.00, 4084.00, 4080.00, 0.90, 1.69, 1.00
10.00, 4085.00, 4080.00, 0.90, 1.69, 1.00
10.00, 4085.00, 4080.00, 0.90, 1.69, 1.00
10.00, 4085.00, 4080.00, 0.90, 1.69, 1.00
10.00, 4084.00, 4080.00, 1.02, 1.69, 1.00
10.00, 4085.00, 4080.00, 1.02, 1.69, 1.00
10.00, 4084.00, 4080.00, 1.02, 1.69, 1.00
10.00, 4084.00, 4080.00, 1.02, 1.69, 1.00
10.00, 4085.00, 4080.00, 1.02, 1.69, 1.00
10.00, 4085.00, 4080.00, 0.90, 1.69, 1.00
10.00, 4085.00, 4080.00, 1.02, 1.69, 1.00
10.00, 4084.00, 4080.00, 1.02, 1.69, 1.00
10.00, 4085.00, 4080.00, 1.02, 1.69, 1.00
10.00, 4085.00, 4080.00, 1.02, 1.69, 1.00
10.00, 4084.00, 4080.00, 0.90, 1.69, 1.00
10.00, 4085.00, 4080.00, 1.02, 1.69, 1.00
10.00, 4085.00, 4080.00, 1.02, 1.69, 1.00
10.00, 4084.00, 4080.00, 1.02, 1.69, 1.00
10.00, 4084.00, 4080.00, 1.02, 1.69, 1.00
10.00, 4085.00, 4080.00, 1.02, 1.69, 1.00
10.00, 4084.00, 4080.00, 0.79, 1.69, 1.00
10.00, 4085.00, 4080.00, 0.90, 1.69, 1.00
10.00, 4085.00, 4080.00, 1.02, 1.69, 1.00
10.00, 4085.00, 4080.00, 1.02, 1.69, 1.00
10.00, 4084.00, 4080.00, 1.02, 1.69, 1.00
10.00, 4085.00, 4080.00, 0.90, 1.69, 1.00
10.00, 4085.00, 4080.00, 1.02, 1.69, 1.00
10.00, 4084.00, 4080.00, 1.02, 1.69, 1.00
10.00, 4084.00, 4080.00, 1.02, 1.69, 1.00
10.00, 4085.00, 4080.00, 1.02, 1.69, 1.00
10.00, 4085.00, 4080.00, 1.02, 1.69, 1.00
10.00, 4084.00, 4080.00, 1.02, 1.69, 1.00
10.00, 4085.00, 4080.00, 1.02, 1.69, 1.00
10.00, 4085.00, 4080.00, 1.02, 1.69, 1.00
10.00, 4085.00, 4080.00, 0.79, 1.69, 1.00
10.00, 4084.00, 4080.00, 1.02, 1.69, 1.00
10.00, 4084.00, 4080.00, 1.02, 1.69, 1.00
10.00, 4085.00, 4080.00, 0.79, 1.69, 1.00
10.00, 4084.00, 4080.00, 0.79, 1.69, 1.00
10.00, 4085.00, 4080.00, 1.02, 1.69, 1.00
10.00, 4084.00, 4080.00, 1.02, 1.69, 1.00
10.00, 4085.00, 4080.00, 0.79, 1.69, 1.00
10.00, 4085.00, 4080.00, 1.02, 1.69, 1.00
10.00, 4085.00, 4080.00, 1.02, 1.69, 1.00
10.00, 4085.00, 4080.00, 1.02, 1.69, 1.00
10.00, 4085.00, 4080.00, 1.02, 1.69, 1.00
10.00, 4085.00, 4080.00, 1.02, 1.69, 1.00
10.00, 4085.00, 4080.00, 1.02, 1.69, 1.00
10.00, 4084.00, 4080.00, 0.79, 1.69, 1.00
10.00, 4085.00, 4080.00, 1.02, 1.69, 1.00
10.00, 4085.00, 4080.00, 0.79, 1.69, 1.00
10.00, 4085.00, 4080.00, 1.02, 1.69, 1.00
10.00, 4085.00, 4080.00, 0.79, 1.69, 1.00
10.00, 4084.00, 4080.00, 0.79, 1.69, 1.00
10.00, 4085.00, 4080.00, 1.02, 1.69, 1.00
10.00, 4085.00, 4080.00, 1.02, 1.69, 1.00
10.00, 4085.00, 4080.00, 1.02, 1.69, 1.00
10.00, 4085.00, 4080.00, 1.02, 1.69, 1.00
10.00, 4085.00, 4080.00, 0.79, 1.69, 1.00
10.00, 4084.00, 4080.00, 1.02, 1.69, 1.00
10.00, 4084.00, 4080.00, 0.79, 1.69, 1.00
10.00, 4085.00, 4080.00, 1.02, 1.69, 1.00
10.00, 4085.00, 4080.00, 0.90, 1.69, 1.00
10.00, 4084.00, 4080.00, 0.90, 1.69, 1.00
10.00, 4085.00, 4080.00, 1.02, 1.69, 1.00
10.00, 4084.00, 4080.00, 1.02, 1.69, 1.00
10.00, 4084.00, 4080.00, 1.02, 1.69, 1.00
10.00, 4085.00, 4080.00, 0.90, 1.69, 1.00
10.00, 4084.00, 4080.00, 1.02, 1.69, 1.00
10.00, 4085.00, 4080.00, 1.02, 1.69, 1.00
10.00, 4085.00, 4080.00, 0.90, 1.69, 1.00
10.00, 4085.00, 4080.00, 1.02, 1.69, 1.00
10.00, 4085.00, 4080.00, 1.02, 1.69, 1.00
10.00, 4084.00, 4080.00, 1.02, 1.69, 1.00
10.00, 4084.00, 4080.00, 1.02, 1.69, 1.00
10.00, 4085.00, 4080.00, 1.02, 1.69, 1.00
10.00, 4084.00, 4080.00, 1.02, 1.69, 1.00
10.00, 4085.00, 4080.00, 1.02, 1.69, 1.00
10.00, 4084.00, 4080.00, 0.79, 1.69, 1.00
10.00, 4084.00, 4080.00, 1.02, 1.69, 1.00
10.00, 4085.00, 4080.00, 1.02, 1.69, 1.00
10.00, 4085.00, 4080.00, 1.02, 1.69, 1.00
10.00, 4085.00, 4080.00, 1.02, 1.69, 1.00
10.00, 4085.00, 4080.00, 1.02, 1.69, 1.00
10.00, 4085.00, 4080.00, 0.90, 1.69, 1.00
10.00, 4085.00, 4080.00, 0.90, 1.69, 1.00
10.00, 4085.00, 4080.00, 0.90, 1.69, 1.00
10.00, 4085.00, 4080.00, 0.90, 1.69, 1.00
10.00, 4084.00, 4080.00, 0.90, 1.69, 1.00
10.00, 4084.00, 4080.00, 0.79, 1.69, 1.00
10.00, 4085.00, 4080.00, 0.90, 1.69, 1.00
10.00, 4085.00, 4080.00, 0.79, 1.69, 1.00
10.00, 4084.00, 4080.00, 1.02, 1.69, 1.00
10.00, 4084.00, 4080.00, 0.79, 1.69, 1.00
10.00, 4085.00, 4080.00, 0.79, 1.69, 1.00
10.00, 4084.00, 4080.00, 1.02, 1.69, 1.00
10.00, 4085.00, 4080.00, 1.02, 1.69, 1.00
10.00, 4085.00, 4080.00, 1.02, 1.69, 1.00
10.00, 4084.00, 4080.00, 1.02, 1.69, 1.00
10.00, 4085.00, 4080.00, 1.02, 1.69, 1.00
10.00, 4085.00, 4080.00, 1.02, 1.69, 1.00
10.00, 4084.00, 4080.00, 0.90, 1.69, 1.00
10.00, 4085.00, 4080.00, 0.79, 1.69, 1.00
10.00, 4085.00, 4080.00, 0.79, 1.69, 1.00
10.00, 4085.00, 4080.00, 0.79, 1.69, 1.00
10.00, 4085.00, 4080.00, 1.02, 1.69, 1.00
10.00, 4085.00, 4080.00, 1.02, 1.69, 1.00
10.00, 4084.00, 4080.00, 1.02, 1.69, 1.00
10.00, 4084.00, 4080.00, 0.79, 1.69, 1.00
10.00, 4085.00, 4080.00, 0.79, 1.69, 1.00
10.00, 4085.00, 4080.00, 0.90, 1.69, 1.00
10.00, 4084.00, 4080.00, 0.90, 1.69, 1.00
10.00, 4084.00, 4080.00, 1.02, 1.69, 1.00
10.00, 4084.00, 4080.00, 1.02, 1.69, 1.00
10.00, 4084.00, 4080.00, 0.90, 1.69, 1.00
10.00, 4084.00, 4080.00, 1.02, 1.69, 1.00
10.00, 4084.00, 4080.00, 0.90, 1.69, 1.00
10.00, 4085.00, 4080.00, 0.90, 1.69, 1.00
10.00, 4085.00, 4080.00, 0.90, 1.69, 1.00
10.00, 4085.00, 4080.00, 0.90, 1.69, 1.00
10.00, 4085.00, 4080.00, 1.02, 1.69, 1.00
10.00, 4085.00, 4080.00, 1.02, 1.69, 1.00
10.00, 4084.00, 4080.00, 1.02, 1.69, 1.00
10.00, 4085.00, 4080.00, 1.02, 1.69, 1.00
10.00, 4085.00, 4080.00, 1.02, 1.69, 1.00
10.00, 4085.00, 4080.00, 1.02, 1.69, 1.00
10.00, 4085.00, 4080.00, 1.02, 1.69, 1.00
10.00, 4085.00, 4080.00, 1.02, 1.69, 1.00
10.00, 4084.00, 4080.00, 0.90, 1.69, 1.00
10.00, 4084.00, 4080.00, 1.02, 1.69, 1.00
10.00, 4085.00, 4080.00, 0.90, 1.69, 1.00
10.00, 4084.00, 4080.00, 0.90, 1.69, 1.00
10.00, 4085.00, 4080.00, 0.90, 1.69, 1.00
10.00, 4085.00, 4080.00, 0.90, 1.69, 1.00
10.00, 4085.00, 4080.00, 1.02, 1.69, 1.00
10.00, 4084.00, 4080.00, 1.02, 1.69, 1.00
10.00, 4085.00, 4080.00, 0.90, 1.69, 1.00
10.00, 4085.00, 4080.00, 1.02, 1.69, 1.00
10.00, 4084.00, 4080.00, 0.90, 1.69, 1.00
10.00, 4084.00, 4080.00, 0.90, 1.69, 1.00
10.00, 4084.00, 4080.00, 1.02, 1.69, 1.00
10.00, 4085.00, 4080.00, 0.90, 1.69, 1.00
10.00, 4085.00, 4080.00, 1.02, 1.69, 1.00
10.00, 4085.00, 4080.00, 0.90, 1.69, 1.00
10.00, 4085.00, 4080.00, 0.90, 1.69, 1.00
10.00, 4085.00, 4080.00, 0.90, 1.69, 1.00
10.00, 4084.00, 4080.00, 0.90, 1.69, 1.00
10.00, 4084.00, 4080.00, 1.02, 1.69, 1.00
10.00, 4085.00, 4080.00, 0.90, 1.69, 1.00
10.00, 4084.00, 4080.00, 1.02, 1.69, 1.00
10.00, 4085.00, 4080.00, 1.02, 1.69, 1.00
10.00, 4085.00, 4080.00, 1.02, 1.69, 1.00
10.00, 4084.00, 4080.00, 1.02, 1.69, 1.00
10.00, 4084.00, 4080.00, 1.02, 1.69, 1.00
10.00, 4084.00, 4080.00, 1.02, 1.69, 1.00
10.00, 4084.00, 4080.00, 1.02, 1.69, 1.00
10.00, 4085.00, 4080.00, 0.90, 1.69, 1.00
10.00, 4085.00, 4080.00, 1.02, 1.69, 1.00
10.00, 4084.00, 4080.00, 1.02, 1.69, 1.00
10.00, 4085.00, 4080.00, 1.02, 1.69, 1.00
10.00, 4084.00, 4080.00, 0.90, 1.69, 1.00
10.00, 4084.00, 4080.00, 1.02, 1.69, 1.00
10.00, 4085.00, 4080.00, 1.02, 1.69, 1.00
10.00, 4085.00, 4080.00, 0.90, 1.69, 1.00
10.00, 4084.00, 4080.00, 0.90, 1.69, 1.00
10.00, 4085.00, 4080.00, 1.02, 1.69, 1.00
10.00, 4085.00, 4080.00, 0.90, 1.69, 1.00
10.00, 4084.00, 4080.00, 1.02, 1.69, 1.00
11.00, 4084.00, 4080.00, 1.02, 1.69, 1.00
10.00, 4084.00, 4080.00, 1.02, 1.69, 1.00
10.00, 4085.00, 4080.00, 1.02, 1.69, 1.00
10.00, 4085.00, 4080.00, 1.02, 1.69, 1.00
10.00, 4085.00, 4080.00, 1.02, 1.69, 1.00
10.00, 4085.00, 4080.00, 1.02, 1.69, 1.00
10.00, 4084.00, 4080.00, 1.02, 1.69, 1.00
10.00, 4084.00, 4080.00, 1.02, 1.69, 1.00
10.00, 4085.00, 4080.00, 0.79, 1.69, 1.00
10.00, 4084.00, 4080.00, 1.02, 1.69, 1.00
10.00, 4084.00, 4080.00, 0.79, 1.69, 1.00
10.00, 4085.00, 4080.00, 1.02, 1.69, 1.00
10.00, 4085.00, 4080.00, 1.02, 1.69, 1.00
10.00, 4084.00, 4080.00, 1.02, 1.69, 1.00
10.00, 4084.00, 4080.00, 0.79, 1.69, 1.00
10.00, 4085.00, 4080.00, 0.90, 1.69, 1.00
10.00, 4085.00, 4080.00, 1.02, 1.69, 1.00
10.00, 4084.00, 4080.00, 0.90, 1.69, 1.00
10.00, 4085.00, 4080.00, 1.02, 1.69, 1.00
10.00, 4085.00, 4080.00, 1.02, 1.69, 1.00
10.00, 4085.00, 4080.00, 0.90, 1.69, 1.00
10.00, 4084.00, 4080.00, 0.90, 1.69, 1.00
10.00, 4084.00, 4080.00, 0.90, 1.69, 1.00
10.00, 4085.00, 4080.00, 1.02, 1.69, 1.00
10.00, 4085.00, 4080.00, 1.02, 1.69, 1.00
10.00, 4085.00, 4080.00, 1.02, 1.69, 1.00
10.00, 4085.00, 4080.00, 1.02, 1.69, 1.00
10.00, 4084.00, 4080.00, 1.02, 1.69, 1.00
10.00, 4084.00, 4080.00, 0.90, 1.69, 1.00
10.00, 4085.00, 4080.00, 0.90, 1.69, 1.00
10.00, 4085.00, 4080.00, 0.90, 1.69, 1.00
10.00, 4084.00, 4080.00, 1.02, 1.69, 1.00
10.00, 4085.00, 4080.00, 1.02, 1.69, 1.00
10.00, 4084.00, 4080.00, 0.90, 1.69, 1.00
10.00, 4084.00, 4080.00, 0.90, 1.69, 1.00
10.00, 4084.00, 4080.00, 1.02, 1.69, 1.00
10.00, 4085.00, 4080.00, 1.02, 1.69, 1.00
10.00, 4084.00, 4080.00, 1.02, 1.69, 1.00
10.00, 4085.00, 4080.00, 0.90, 1.69, 1.00
10.00, 4085.00, 4080.00, 1.02, 1.69, 1.00
10.00, 4084.00, 4080.00, 0.90, 1.69, 1.00
10.00, 4084.00, 4080.00, 1.02, 1.69, 1.00
10.00, 4085.00, 4080.00, 1.02, 1.69, 1.00
10.00, 4085.00, 4080.00, 0.90, 1.69, 1.00
10.00, 4085.00, 4080.00, 1.02, 1.69, 1.00
10.00, 4084.00, 4080.00, 0.90, 1.69, 1.00
10.00, 4085.00, 4080.00, 0.90, 1.69, 1.00
10.00, 4084.00, 4080.00, 1.02, 1.69, 1.00
10.00, 4085.00, 4080.00, 1.02, 1.69, 1.00
10.00, 4084.00, 4080.00, 1.02, 1.69, 1.00
10.00, 4084.00, 4080.00, 1.02, 1.69, 1.00
10.00, 4084.00, 4080.00, 0.90, 1.69, 1.00
10.00, 4085.00, 4080.00, 1.02, 1.69, 1.00
10.00, 4085.00, 4080.00, 0.90, 1.69, 1.00
10.00, 4084.00, 4080.00, 1.02, 1.69, 1.00
10.00, 4084.00, 4080.00, 0.90, 1.69, 1.00
10.00, 4085.00, 4080.00, 0.90, 1.69, 1.00
10.00, 4085.00, 4080.00, 1.02, 1.69, 1.00
10.00, 4085.00, 4080.00, 1.02, 1.69, 1.00
10.00, 4085.00, 4080.00, 1.02, 1.69, 1.00
10.00, 4085.00, 4080.00, 1.02, 1.69, 1.00
10.00, 4084.00, 4080.00, 1.02, 1.69, 1.00
10.00, 4085.00, 4080.00, 1.02, 1.69, 1.00
10.00, 4084.00, 4080.00, 1.02, 1.69, 1.00
10.00, 4084.00, 4080.00, 1.02, 1.69, 1.00
10.00, 4085.00, 4080.00, 1.02, 1.69, 1.00
10.00, 4085.00, 4080.00, 1.02, 1.69, 1.00
10.00, 4085.00, 4080.00, 0.79, 1.69, 1.00
10.00, 4084.00, 4080.00, 0.79, 1.69, 1.00
10.00, 4085.00, 4080.00, 0.90, 1.69, 1.00
10.00, 4085.00, 4080.00, 0.90, 1.69, 1.00
10.00, 4085.00, 4080.00, 1.02, 1.69, 1.00
10.00, 4085.00, 4080.00, 1.02, 1.69, 1.00
10.00, 4084.00, 4080.00, 0.90, 1.69, 1.00
10.00, 4085.00, 4080.00, 1.02, 1.69, 1.00
10.00, 4085.00, 4080.00, 0.90, 1.69, 1.00
10.00, 4085.00, 4080.00, 1.02, 1.69, 1.00
10.00, 4085.00, 4080.00, 0.90, 1.69, 1.00
10.00, 4085.00, 4080.00, 1.02, 1.69, 1.00
10.00, 4085.00, 4080.00, 1.02, 1.69, 1.00
10.00, 4085.00, 4080.00, 0.90, 1.69, 1.00
10.00, 4084.00, 4080.00, 0.90, 1.69, 1.00
10.00, 4084.00, 4080.00, 1.02, 1.69, 1.00
10.00, 4085.00, 4080.00, 0.90, 1.69, 1.00
10.00, 4085.00, 4080.00, 1.02, 1.69, 1.00
10.00, 4085.00, 4080.00, 0.90, 1.69, 1.00
10.00, 4085.00, 4080.00, 0.90, 1.69, 1.00
10.00, 4085.00, 4080.00, 1.02, 1.69, 1.00
10.00, 4085.00, 4080.00, 1.02, 1.69, 1.00
10.00, 4084.00, 4080.00, 0.90, 1.69, 1.00
10.00, 4085.00, 4080.00, 1.02, 1.69, 1.00
10.00, 4084.00, 4080.00, 1.02, 1.69, 1.00
10.00, 4085.00, 4080.00, 1.02, 1.69, 1.00
10.00, 4085.00, 4080.00, 1.02, 1.69, 1.00
10.00, 4085.00, 4080.00, 1.02, 1.69, 1.00
10.00, 4084.00, 4080.00, 0.90, 1.69, 1.00
10.00, 4085.00, 4080.00, 1.02, 1.69, 1.00
10.00, 4085.00, 4080.00, 1.02, 1.69, 1.00
10.00, 4084.00, 4080.00, 0.90, 1.69, 1.00
