90130.00, 1278.00, 2599.00, 100.00, 100.00, 10.00
10.00, 1280.00, 2603.00, -99.89, 100.00, 10.00
10.00, 1283.00, 2614.00, -99.89, 100.00, 10.00
10.00, 1278.00, 2634.00, -99.89, 100.00, 10.00
10.00, 1265.00, 2658.00, -99.89, 100.00, 10.00
10.00, 1245.00, 2687.00, -99.89, 100.00, 10.00
10.00, 1219.00, 2717.00, -99.89, 100.00, 10.00
10.00, 1190.00, 2749.00, -99.89, 100.00, 10.00
10.00, 1159.00, 2783.00, -99.89, 100.00, 10.00
10.00, 1124.00, 2819.00, -99.89, 100.00, 10.00
10.00, 1088.00, 2856.00, -99.89, 100.00, 10.00
10.00, 1054.00, 2894.00, -99.89, 100.00, 10.00
10.00, 1016.00, 2932.00, -100.00, 100.00, 10.00
10.00, 980.00, 2972.00, -100.00, 100.00, 10.00
10.00, 941.00, 3011.00, -100.00, 100.00, 10.00
10.00, 902.00, 3051.00, -100.00, 100.00, 10.00
10.00, 862.00, 3090.00, -100.00, 100.00, 10.00
10.00, 821.00, 3133.00, -100.00, 100.00, 10.00
10.00, 780.00, 3173.00, -100.00, 100.00, 10.00
10.00, 740.00, 3211.00, -100.00, 100.00, 10.00
10.00, 700.00, 3252.00, -100.00, 99.89, 10.00
10.00, 658.00, 3295.00, -100.00, 99.89, 10.00
10.00, 616.00, 3334.00, -100.00, 99.89, 10.00
10.00, 576.00, 3376.00, -100.00, 99.89, 10.00
10.00, 534.00, 3415.00, -100.00, 99.89, 10.00
10.00, 494.00, 3455.00, -100.00, 99.89, 10.00
10.00, 456.00, 3495.00, -100.00, 99.44, 10.00
10.00, 416.00, 3536.00, -100.00, 96.95, 10.00
10.00, 374.00, 3577.00, -100.00, 82.15, 10.00
10.00, 335.00, 3619.00, -100.00, 30.62, 10.00
10.00, 295.00, 3657.00, -100.00, -54.92, 10.00
10.00, 253.00, 3688.00, -100.00, -89.72, 10.00
10.00, 214.00, 3708.00, -100.00, -97.29, 10.00
10.00, 174.00, 3715.00, -100.00, -98.98, 10.00
10.00, 131.00, 3712.00, -100.00, -99.32, 10.00
10.00, 89.00, 3701.00, -100.00, -99.32, 10.00
10.00, 49.00, 3684.00, -100.00, -98.98, 10.00
10.00, 10.00, 3661.00, -100.00, -98.19, 10.00
10.00, -33.00, 3632.00, -100.00, -95.48, 10.00
10.00, -74.00, 3603.00, -100.00, -86.44, 10.00
10.00, -116.00, 3574.00, -100.00, -57.85, 10.00
10.00, -159.00, 3547.00, -99.89, -5.20, 10.00
10.00, -201.00, 3523.00, -99.89, 47.12, 10.00
10.00, -244.00, 3500.00, -99.89, 80.68, 10.00
10.00, -286.00, 3488.00, -99.89, 91.98, 10.00
10.00, -329.00, 3489.00, -99.89, 96.05, 10.00
10.00, -372.00, 3498.00, -99.89, 96.27, 10.00
10.00, -414.00, 3515.00, -99.66, 94.92, 10.00
10.00, -457.00, 3536.00, -98.08, 90.17, 10.00
10.00, -499.00, 3561.00, -88.36, 79.10, 10.00
10.00, -538.00, 3588.00, -46.78, 50.40, 10.00
10.00, -576.00, 3615.00, 36.50, -3.05, 10.00
10.00, -611.00, 3639.00, 84.18, -54.92, 10.00
10.00, -634.00, 3654.00, 96.27, -82.71, 10.00
10.00, -643.00, 3659.00, 98.76, -91.30, 10.00
10.00, -643.00, 3655.00, 99.21, -93.45, 10.00
10.00, -633.00, 3643.00, 99.21, -93.22, 10.00
10.00, -617.00, 3624.00, 99.10, -89.72, 10.00
10.00, -597.00, 3601.00, 98.19, -79.77, 10.00
10.00, -572.00, 3577.00, 96.05, -51.75, 10.00
10.00, -544.00, 3554.00, 89.38, -7.34, 10.00
10.00, -515.00, 3532.00, 69.60, 40.11, 10.00
10.00, -485.00, 3515.00, 22.60, 72.77, 10.00
10.00, -458.00, 3506.00, -39.66, 86.44, 10.00
10.00, -438.00, 3508.00, -76.38, 91.30, 10.00
10.00, -425.00, 3519.00, -90.51, 91.98, 10.00
10.00, -424.00, 3536.00, -94.92, 88.02, 10.00
10.00, -431.00, 3559.00, -95.48, 78.31, 10.00
10.00, -447.00, 3583.00, -94.69, 51.98, 10.00
10.00, -469.00, 3609.00, -90.17, 5.54, 10.00
10.00, -492.00, 3632.00, -78.98, -45.08, 10.00
10.00, -519.00, 3648.00, -50.06, -77.29, 10.00
10.00, -544.00, 3653.00, 1.36, -88.93, 10.00
10.00, -568.00, 3650.00, 52.09, -91.64, 10.00
10.00, -583.00, 3638.00, 80.68, -91.30, 10.00
10.00, -589.00, 3619.00, 90.28, -87.46, 10.00
10.00, -585.00, 3595.00, 93.22, -74.58, 10.00
10.00, -575.00, 3573.00, 92.66, -41.58, 10.00
10.00, -557.00, 3551.00, 89.38, 3.39, 10.00
10.00, -537.00, 3531.00, 80.68, 45.42, 10.00
10.00, -512.00, 3516.00, 58.08, 73.79, 10.00
10.00, -488.00, 3509.00, 14.24, 85.88, 10.00
10.00, -469.00, 3514.00, -35.93, 90.96, 10.00
10.00, -452.00, 3525.00, -68.14, 90.28, 10.00
10.00, -444.00, 3542.00, -83.95, 84.75, 10.00
10.00, -445.00, 3566.00, -89.27, 72.88, 10.00
10.00, -454.00, 3591.00, -89.72, 42.15, 10.00
10.00, -471.00, 3615.00, -86.33, -11.07, 10.00
10.00, -492.00, 3638.00, -75.48, -55.71, 10.00
10.00, -515.00, 3650.00, -50.06, -81.58, 10.00
10.00, -539.00, 3652.00, -5.08, -89.72, 10.00
10.00, -559.00, 3647.00, 45.54, -91.19, 10.00
10.00, -575.00, 3634.00, 73.79, -89.72, 10.00
10.00, -581.00, 3614.00, 86.55, -83.50, 10.00
10.00, -578.00, 3591.00, 90.62, -66.10, 10.00
10.00, -567.00, 3570.00, 89.83, -26.33, 10.00
10.00, -551.00, 3549.00, 85.99, 23.62, 10.00
10.00, -532.00, 3531.00, 74.80, 62.82, 10.00
10.00, -509.00, 3519.00, 50.51, 83.50, 10.00
10.00, -487.00, 3517.00, 5.65, 91.75, 10.00
10.00, -469.00, 3527.00, -39.66, 94.12, 10.00
10.00, -454.00, 3542.00, -68.14, 93.79, 10.00
10.00, -448.00, 3564.00, -83.39, 91.98, 10.00
10.00, -450.00, 3589.00, -87.91, 86.89, 10.00
10.00, -460.00, 3618.00, -87.46, 77.97, 10.00
10.00, -478.00, 3646.00, -83.39, 61.81, 10.00
10.00, -500.00, 3673.00, -68.14, 39.89, 10.00
10.00, -522.00, 3697.00, -37.85, 19.77, 10.00
10.00, -546.00, 3719.00, 12.09, 5.42, 10.00
10.00, -565.00, 3739.00, 55.14, -2.03, 10.00
10.00, -577.00, 3755.00, 79.10, -1.58, 10.00
10.00, -579.00, 3767.00, 88.02, 6.33, 10.00
10.00, -572.00, 3775.00, 89.83, 22.60, 10.00
10.00, -559.00, 3781.00, 88.02, 44.29, 10.00
10.00, -542.00, 3790.00, 80.68, 65.20, 10.00
10.00, -521.00, 3803.00, 64.86, 77.51, 10.00
10.00, -499.00, 3821.00, 30.73, 84.29, 10.00
10.00, -477.00, 3839.00, -15.82, 87.57, 10.00
10.00, -459.00, 3862.00, -56.27, 89.38, 10.00
10.00, -448.00, 3889.00, -78.98, 89.27, 10.00
10.00, -446.00, 3917.00, -86.89, 86.78, 10.00
10.00, -450.00, 3948.00, -88.81, 82.82, 10.00
10.00, -466.00, 3979.00, -87.91, 74.92, 10.00
10.00, -485.00, 4011.00, -80.56, 58.64, 10.00
10.00, -508.00, 4041.00, -59.21, 31.86, 10.00
10.00, -531.00, 4068.00, -20.11, -3.73, 10.00
10.00, -553.00, 4091.00, 28.59, -37.74, 10.00
10.00, -570.00, 4111.00, 65.99, -62.15, 10.00
10.00, -578.00, 4121.00, 82.71, -77.63, 10.00
10.00, -578.00, 4120.00, 88.36, -84.52, 10.00
10.00, -568.00, 4110.00, 89.27, -85.08, 10.00
10.00, -553.00, 4095.00, 85.65, -81.13, 10.00
10.00, -535.00, 4078.00, 74.92, -72.20, 10.00
10.00, -512.00, 4058.00, 53.33, -54.46, 10.00
10.00, -488.00, 4036.00, 10.73, -25.20, 10.00
10.00, -469.00, 4016.00, -40.11, 17.97, 10.00
10.00, -454.00, 3999.00, -71.53, 54.46, 10.00
10.00, -448.00, 3988.00, -85.31, 75.82, 10.00
10.00, -450.00, 3986.00, -89.94, 86.67, 10.00
10.00, -461.00, 3995.00, -90.62, 90.62, 10.00
10.00, -480.00, 4010.00, -88.36, 91.07, 10.00
10.00, -502.00, 4030.00, -79.21, 88.81, 10.00
10.00, -524.00, 4053.00, -62.94, 83.73, 10.00
10.00, -550.00, 4079.00, -32.88, 72.20, 10.00
10.00, -573.00, 4105.00, 2.94, 50.51, 10.00
10.00, -593.00, 4133.00, 37.51, 16.50, 10.00
10.00, -608.00, 4158.00, 55.71, -25.54, 10.00
10.00, -614.00, 4174.00, 64.97, -58.08, 10.00
10.00, -613.00, 4185.00, 61.69, -74.46, 10.00
10.00, -605.00, 4187.00, 47.34, -81.92, 10.00
10.00, -594.00, 4179.00, 14.69, -84.29, 10.00
10.00, -581.00, 4167.00, -26.78, -83.16, 10.00
10.00, -572.00, 4149.00, -63.16, -79.21, 10.00
10.00, -570.00, 4130.00, -81.69, -72.88, 10.00
10.00, -576.00, 4107.00, -89.60, -64.41, 10.00
10.00, -589.00, 4083.00, -91.98, -53.67, 10.00
10.00, -609.00, 4060.00, -92.54, -43.39, 10.00
10.00, -633.00, 4037.00, -91.30, -34.58, 10.00
10.00, -658.00, 4015.00, -88.81, -28.14, 10.00
10.00, -686.00, 3994.00, -85.20, -24.86, 10.00
10.00, -715.00, 3974.00, -79.44, -24.07, 10.00
10.00, -745.00, 3958.00, -71.07, -25.31, 10.00
10.00, -774.00, 3946.00, -60.23, -27.57, 10.00
10.00, -803.00, 3935.00, -48.02, -29.60, 10.00
10.00, -830.00, 3923.00, -36.38, -31.30, 10.00
10.00, -857.00, 3909.00, -26.67, -34.01, 10.00
10.00, -880.00, 3895.00, -20.00, -36.95, 10.00
10.00, -901.00, 3880.00, -16.38, -40.34, 10.00
10.00, -919.00, 3864.00, -15.71, -44.07, 10.00
10.00, -934.00, 3851.00, -17.40, -47.68, 10.00
10.00, -947.00, 3837.00, -20.34, -50.40, 10.00
10.00, -959.00, 3822.00, -24.52, -52.88, 10.00
10.00, -971.00, 3805.00, -29.04, -55.14, 10.00
10.00, -982.00, 3787.00, -34.35, -58.64, 10.00
10.00, -993.00, 3766.00, -39.55, -63.73, 10.00
10.00, -1006.00, 3744.00, -45.42, -68.93, 10.00
10.00, -1020.00, 3723.00, -51.19, -74.01, 10.00
10.00, -1035.00, 3700.00, -57.06, -78.87, 10.00
10.00, -1050.00, 3676.00, -63.39, -83.05, 10.00
10.00, -1068.00, 3651.00, -68.93, -86.78, 10.00
10.00, -1087.00, 3622.00, -74.69, -90.62, 10.00
10.00, -1109.00, 3591.00, -79.32, -93.56, 10.00
10.00, -1134.00, 3561.00, -84.07, -96.16, 10.00
10.00, -1159.00, 3529.00, -88.02, -97.63, 10.00
10.00, -1187.00, 3495.00, -90.96, -98.64, 10.00
10.00, -1217.00, 3458.00, -93.33, -99.21, 10.00
10.00, -1248.00, 3421.00, -95.14, -99.55, 10.00
10.00, -1281.00, 3385.00, -96.50, -99.77, 10.00
10.00, -1315.00, 3349.00, -97.51, -99.89, 10.00
10.00, -1350.00, 3315.00, -98.19, -99.89, 10.00
10.00, -1385.00, 3278.00, -98.76, -99.89, 10.00
10.00, -1423.00, 3240.00, -99.10, -99.89, 10.00
10.00, -1461.00, 3200.00, -99.32, -99.89, 10.00
10.00, -1499.00, 3160.00, -99.55, -99.89, 10.00
10.00, -1537.00, 3121.00, -99.66, -99.89, 10.00
10.00, -1576.00, 3081.00, -99.77, -99.89, 10.00
10.00, -1613.00, 3042.00, -99.89, -99.89, 10.00
10.00, -1652.00, 3004.00, -99.89, -99.89, 10.00
10.00, -1694.00, 2965.00, -99.89, -99.89, 10.00
10.00, -1735.00, 2923.00, -99.89, -99.89, 10.00
10.00, -1775.00, 2881.00, -99.89, -99.89, 10.00
10.00, -1816.00, 2842.00, -99.89, -99.89, 10.00
10.00, -1857.00, 2802.00, -99.89, -99.89, 10.00
10.00, -1897.00, 2762.00, -99.89, -99.89, 10.00
10.00, -1937.00, 2722.00, -99.89, -99.89, 10.00
10.00, -1979.00, 2683.00, -99.89, -99.89, 10.00
10.00, -2022.00, 2641.00, -99.89, -99.89, 10.00
10.00, -2062.00, 2600.00, -99.89, -99.89, 10.00
10.00, -2101.00, 2560.00, -99.89, -99.89, 10.00
10.00, -2141.00, 2522.00, -99.89, -99.89, 10.00
10.00, -2183.00, 2482.00, -99.89, -99.89, 10.00
10.00, -2226.00, 2441.00, -99.89, -99.89, 10.00
10.00, -2267.00, 2398.00, -99.89, -99.89, 10.00
10.00, -2310.00, 2357.00, -99.89, -99.89, 10.00
10.00, -2350.00, 2317.00, -99.89, -99.89, 10.00
10.00, -2390.00, 2278.00, -99.89, -99.89, 10.00
10.00, -2432.00, 2240.00, -99.89, -99.89, 10.00
10.00, -2476.00, 2200.00, -99.89, -99.89, 10.00
10.00, -2520.00, 2159.00, -99.89, -99.89, 10.00
10.00, -2562.00, 2116.00, -99.89, -99.89, 10.00
10.00, -2604.00, 2076.00, -99.89, -99.89, 10.00
10.00, -2646.00, 2038.00, -99.89, -99.89, 10.00
10.00, -2689.00, 2000.00, -99.89, -99.89, 10.00
10.00, -2733.00, 1961.00, -99.89, -99.89, 10.00
10.00, -2775.00, 1918.00, -99.89, -99.89, 10.00
10.00, -2819.00, 1876.00, -99.89, -99.89, 10.00
10.00, -2862.00, 1837.00, -99.89, -99.89, 10.00
10.00, -2903.00, 1795.00, -99.89, -99.89, 10.00
10.00, -2944.00, 1756.00, -99.89, -99.89, 10.00
10.00, -2988.00, 1719.00, -99.89, -99.89, 10.00
10.00, -3033.00, 1679.00, -99.89, -99.89, 10.00
10.00, -3075.00, 1635.00, -99.89, -99.89, 10.00
10.00, -3115.00, 1593.00, -99.89, -99.89, 10.00
10.00, -3158.00, 1555.00, -99.89, -99.89, 10.00
10.00, -3201.00, 1515.00, -99.89, -99.89, 10.00
10.00, -3242.00, 1475.00, -99.89, -99.89, 10.00
10.00, -3283.00, 1435.00, -99.89, -99.89, 10.00
10.00, -3326.00, 1393.00, -99.89, -99.89, 10.00
10.00, -3365.00, 1349.00, -99.89, -99.89, 10.00
10.00, -3405.00, 1308.00, -99.89, -99.89, 10.00
10.00, -3446.00, 1268.00, -99.89, -99.89, 10.00
10.00, -3489.00, 1229.00, -99.89, -99.89, 10.00
10.00, -3529.00, 1188.00, -99.89, -99.89, 10.00
10.00, -3572.00, 1146.00, -99.89, -99.89, 10.00
10.00, -3614.00, 1102.00, -99.89, -99.89, 10.00
10.00, -3653.00, 1061.00, -99.89, -99.89, 10.00
10.00, -3695.00, 1020.00, -99.89, -99.89, 10.00
10.00, -3738.00, 980.00, -99.89, -99.89, 10.00
10.00, -3779.00, 941.00, -99.89, -99.89, 10.00
10.00, -3821.00, 899.00, -99.89, -99.89, 10.00
10.00, -3862.00, 856.00, -99.89, -99.89, 10.00
10.00, -3902.00, 816.00, -99.89, -99.89, 10.00
10.00, -3945.00, 775.00, -99.89, -99.89, 10.00
10.00, -3990.00, 736.00, -99.89, -99.89, 10.00
10.00, -4034.00, 696.00, -99.89, -99.89, 10.00
10.00, -4075.00, 655.00, -99.89, -99.89, 10.00
10.00, -4118.00, 615.00, -99.89, -99.89, 10.00
10.00, -4160.00, 574.00, -99.89, -99.89, 10.00
10.00, -4203.00, 534.00, -99.89, -99.89, 10.00
10.00, -4247.00, 494.00, -99.89, -99.89, 10.00
10.00, -4291.00, 455.00, -99.89, -99.89, 10.00
10.00, -4333.00, 416.00, -99.89, -99.89, 10.00
10.00, -4375.00, 373.00, -99.89, -99.89, 10.00
10.00, -4417.00, 332.00, -99.89, -99.89, 10.00
10.00, -4459.00, 293.00, -99.89, -99.89, 10.00
10.00, -4505.00, 253.00, -99.89, -99.89, 10.00
10.00, -4548.00, 212.00, -99.89, -99.89, 10.00
10.00, -4589.00, 173.00, -99.89, -99.89, 10.00
10.00, -4631.00, 134.00, -99.89, -99.89, 10.00
10.00, -4672.00, 93.00, -99.89, -99.89, 10.00
10.00, -4713.00, 52.00, -99.89, -99.89, 10.00
10.00, -4755.00, 9.00, -99.89, -99.89, 10.00
10.00, -4799.00, -31.00, -99.89, -99.89, 10.00
10.00, -4840.00, -70.00, -99.89, -99.89, 10.00
10.00, -4881.00, -111.00, -99.89, -99.89, 10.00
10.00, -4923.00, -151.00, -99.89, -99.89, 10.00
10.00, -4964.00, -191.00, -99.89, -99.89, 10.00
10.00, -5008.00, -234.00, -99.89, -99.89, 10.00
10.00, -5052.00, -276.00, -99.89, -99.89, 10.00
10.00, -5095.00, -314.00, -99.89, -99.89, 10.00
10.00, -5137.00, -353.00, -99.89, -99.89, 10.00
10.00, -5178.00, -393.00, -99.89, -99.89, 10.00
10.00, -5219.00, -434.00, -99.89, -99.89, 10.00
10.00, -5263.00, -475.00, -99.89, -99.89, 10.00
10.00, -5307.00, -516.00, -99.89, -99.89, 10.00
10.00, -5350.00, -555.00, -99.89, -99.89, 10.00
10.00, -5392.00, -595.00, -99.89, -99.89, 10.00
10.00, -5433.00, -636.00, -99.89, -99.89, 10.00
10.00, -5474.00, -677.00, -99.89, -99.89, 10.00
10.00, -5519.00, -718.00, -99.89, -99.89, 10.00
10.00, -5562.00, -759.00, -99.89, -99.89, 10.00
10.00, -5603.00, -799.00, -99.89, -99.89, 10.00
10.00, -5645.00, -839.00, -99.89, -99.89, 10.00
10.00, -5686.00, -879.00, -99.89, -99.89, 10.00
10.00, -5726.00, -920.00, -99.89, -99.89, 10.00
10.00, -5768.00, -963.00, -99.89, -99.89, 10.00
10.00, -5812.00, -1004.00, -99.89, -99.89, 10.00
10.00, -5853.00, -1045.00, -99.89, -99.89, 10.00
10.00, -5893.00, -1085.00, -99.89, -99.89, 10.00
10.00, -5932.00, -1124.00, -99.89, -99.89, 10.00
10.00, -5973.00, -1165.00, -99.89, -99.89, 10.00
10.00, -6015.00, -1208.00, -99.89, -99.89, 10.00
10.00, -6058.00, -1250.00, -99.89, -99.89, 10.00
10.00, -6101.00, -1290.00, -99.89, -99.89, 10.00
10.00, -6144.00, -1330.00, -99.89, -99.89, 10.00
10.00, -6183.00, -1369.00, -99.89, -99.89, 10.00
10.00, -6222.00, -1410.00, -99.89, -99.89, 10.00
10.00, -6265.00, -1452.00, -99.89, -99.89, 10.00
10.00, -6309.00, -1493.00, -99.89, -99.89, 10.00
10.00, -6353.00, -1534.00, -99.89, -99.89, 10.00
10.00, -6396.00, -1574.00, -99.89, -99.89, 10.00
10.00, -6436.00, -1613.00, -99.89, -99.89, 10.00
10.00, -6476.00, -1651.00, -99.89, -99.89, 10.00
10.00, -6521.00, -1693.00, -99.89, -99.89, 10.00
10.00, -6566.00, -1734.00, -99.89, -99.89, 10.00
10.00, -6609.00, -1774.00, -99.89, -99.89, 10.00
10.00, -6652.00, -1812.00, -99.89, -99.89, 10.00
10.00, -6694.00, -1850.00, -99.89, -99.89, 10.00
10.00, -6734.00, -1889.00, -99.89, -99.89, 10.00
10.00, -6778.00, -1929.00, -99.89, -99.89, 10.00
10.00, -6822.00, -1971.00, -99.89, -99.89, 10.00
10.00, -6864.00, -2012.00, -99.89, -99.89, 10.00
10.00, -6909.00, -2053.00, -99.89, -99.89, 10.00
10.00, -6951.00, -2090.00, -99.89, -99.89, 10.00
10.00, -6993.00, -2126.00, -99.89, -99.89, 10.00
10.00, -7033.00, -2169.00, -99.89, -99.89, 10.00
10.00, -7076.00, -2211.00, -99.89, -99.89, 10.00
10.00, -7121.00, -2251.00, -99.89, -99.89, 10.00
10.00, -7162.00, -2292.00, -99.89, -99.89, 10.00
10.00, -7204.00, -2330.00, -99.89, -99.89, 10.00
10.00, -7242.00, -2367.00, -99.89, -99.89, 10.00
10.00, -7283.00, -2407.00, -99.89, -99.89, 10.00
10.00, -7326.00, -2449.00, -99.89, -99.89, 10.00
10.00, -7369.00, -2494.00, -99.89, -99.89, 10.00
10.00, -7411.00, -2536.00, -99.89, -99.89, 10.00
10.00, -7454.00, -2575.00, -99.89, -99.89, 10.00
10.00, -7494.00, -2612.00, -99.89, -99.89, 10.00
10.00, -7534.00, -2651.00, -99.89, -99.89, 10.00
10.00, -7577.00, -2692.00, -99.89, -99.89, 10.00
10.00, -7620.00, -2735.00, -99.89, -99.89, 10.00
10.00, -7664.00, -2778.00, -99.89, -99.89, 10.00
10.00, -7708.00, -2823.00, -99.89, -99.89, 10.00
10.00, -7747.00, -2859.00, -99.89, -99.89, 10.00
10.00, -7787.00, -2897.00, -99.89, -99.89, 10.00
10.00, -7831.00, -2938.00, -99.89, -99.89, 10.00
10.00, -7874.00, -2981.00, -99.89, -99.89, 10.00
10.00, -7917.00, -3023.00, -99.89, -99.89, 10.00
10.00, -7960.00, -3061.00, -99.89, -99.89, 10.00
10.00, -8000.00, -3102.00, -99.89, -99.89, 10.00
10.00, -8042.00, -3140.00, -99.89, -99.89, 10.00
10.00, -8085.00, -3181.00, -99.89, -99.89, 10.00
10.00, -8129.00, -3220.00, -99.89, -99.89, 10.00
10.00, -8171.00, -3262.00, -99.89, -99.89, 10.00
10.00, -8214.00, -3303.00, -99.89, -99.89, 10.00
10.00, -8257.00, -3343.00, -99.89, -99.89, 10.00
10.00, -8298.00, -3382.00, -99.89, -99.89, 10.00
10.00, -8341.00, -3423.00, -99.89, -99.89, 10.00
10.00, -8385.00, -3464.00, -99.89, -99.89, 10.00
10.00, -8428.00, -3505.00, -99.89, -99.89, 10.00
10.00, -8470.00, -3546.00, -99.89, -99.89, 10.00
10.00, -8511.00, -3587.00, -99.89, -99.89, 10.00
10.00, -8551.00, -3626.00, -99.89, -99.89, 10.00
10.00, -8593.00, -3665.00, -99.89, -99.89, 10.00
10.00, -8637.00, -3704.00, -99.89, -99.89, 10.00
10.00, -8680.00, -3747.00, -99.89, -99.89, 10.00
10.00, -8723.00, -3791.00, -99.89, -99.89, 10.00
10.00, -8765.00, -3830.00, -99.89, -99.89, 10.00
10.00, -8808.00, -3869.00, -99.89, -99.89, 10.00
10.00, -8851.00, -3907.00, -99.89, -99.89, 10.00
10.00, -8894.00, -3948.00, -99.89, -99.89, 10.00
10.00, -8938.00, -3987.00, -99.89, -99.89, 10.00
10.00, -8980.00, -4030.00, -99.89, -99.89, 10.00
10.00, -9022.00, -4073.00, -99.89, -99.89, 10.00
10.00, -9065.00, -4112.00, -99.89, -99.89, 10.00
10.00, -9109.00, -4149.00, -99.89, -99.89, 10.00
10.00, -9152.00, -4188.00, -99.89, -99.89, 10.00
10.00, -9195.00, -4229.00, -99.89, -99.89, 10.00
10.00, -9239.00, -4271.00, -99.89, -99.89, 10.00
10.00, -9280.00, -4311.00, -99.89, -99.89, 10.00
10.00, -9323.00, -4350.00, -99.89, -99.89, 10.00
10.00, -9367.00, -4390.00, -99.89, -99.89, 10.00
10.00, -9409.00, -4428.00, -99.89, -99.89, 10.00
10.00, -9452.00, -4467.00, -99.89, -99.89, 10.00
10.00, -9493.00, -4509.00, -99.89, -99.89, 10.00
10.00, -9536.00, -4550.00, -99.89, -99.89, 10.00
10.00, -9577.00, -4591.00, -99.89, -99.89, 10.00
10.00, -9619.00, -4631.00, -99.89, -99.89, 10.00
10.00, -9661.00, -4669.00, -99.89, -99.89, 10.00
10.00, -9702.00, -4710.00, -99.89, -99.89, 10.00
10.00, -9743.00, -4753.00, -99.89, -99.89, 10.00
10.00, -9782.00, -4794.00, -99.89, -99.89, 10.00
10.00, -9824.00, -4835.00, -99.89, -99.89, 10.00
10.00, -9866.00, -4877.00, -99.89, -99.89, 10.00
10.00, -9908.00, -4917.00, -99.89, -99.89, 10.00
10.00, -9950.00, -4956.00, -99.89, -99.89, 10.00
10.00, -9991.00, -4998.00, -99.89, -99.89, 10.00
10.00, -10031.00, -5041.00, -99.89, -99.89, 10.00
10.00, -10071.00, -5081.00, -99.89, -99.89, 10.00
10.00, -10115.00, -5122.00, -99.89, -99.89, 10.00
10.00, -10159.00, -5163.00, -99.89, -99.89, 10.00
10.00, -10200.00, -5203.00, -99.89, -99.89, 10.00
10.00, -10243.00, -5244.00, -99.89, -99.89, 10.00
10.00, -10286.00, -5287.00, -99.89, -99.89, 10.00
10.00, -10327.00, -5329.00, -99.89, -99.89, 10.00
10.00, -10371.00, -5370.00, -99.89, -99.89, 10.00
10.00, -10415.00, -5410.00, -99.89, -99.89, 10.00
10.00, -10457.00, -5450.00, -99.89, -99.89, 10.00
10.00, -10499.00, -5489.00, -99.89, -99.89, 10.00
10.00, -10540.00, -5530.00, -99.89, -99.89, 10.00
10.00, -10583.00, -5571.00, -99.89, -99.89, 10.00
10.00, -10626.00, -5610.00, -99.89, -99.89, 10.00
10.00, -10670.00, -5650.00, -99.89, -99.89, 10.00
10.00, -10713.00, -5689.00, -99.89, -99.89, 10.00
10.00, -10756.00, -5728.00, -99.89, -99.89, 10.00
10.00, -10798.00, -5769.00, -99.89, -99.89, 10.00
10.00, -10840.00, -5811.00, -99.89, -99.89, 10.00
10.00, -10883.00, -5852.00, -99.89, -99.89, 10.00
10.00, -10926.00, -5891.00, -99.89, -99.89, 10.00
10.00, -10968.00, -5928.00, -99.89, -99.89, 10.00
10.00, -11009.00, -5968.00, -99.89, -99.89, 10.00
10.00, -11048.00, -6008.00, -99.89, -99.89, 10.00
10.00, -11089.00, -6047.00, -99.89, -99.89, 10.00
10.00, -11132.00, -6089.00, -99.89, -99.89, 10.00
10.00, -11176.00, -6130.00, -99.89, -99.89, 10.00
10.00, -11219.00, -6168.00, -99.89, -99.89, 10.00
10.00, -11261.00, -6206.00, -99.89, -99.89, 10.00
10.00, -11302.00, -6246.00, -99.89, -99.89, 10.00
10.00, -11342.00, -6289.00, -99.89, -99.89, 10.00
10.00, -11384.00, -6331.00, -99.89, -99.89, 10.00
10.00, -11429.00, -6370.00, -99.89, -99.89, 10.00
10.00, -11473.00, -6410.00, -99.89, -99.89, 10.00
10.00, -11515.00, -6449.00, -99.89, -99.89, 10.00
10.00, -11555.00, -6486.00, -99.89, -99.89, 10.00
10.00, -11595.00, -6527.00, -99.89, -99.89, 10.00
10.00, -11638.00, -6570.00, -99.89, -99.89, 10.00
10.00, -11682.00, -6612.00, -99.89, -99.89, 10.00
10.00, -11726.00, -6653.00, -99.89, -99.89, 10.00
10.00, -11770.00, -6693.00, -99.89, -99.89, 10.00
10.00, -11810.00, -6731.00, -99.89, -99.89, 10.00
10.00, -11850.00, -6772.00, -99.89, -99.89, 10.00
10.00, -11892.00, -6814.00, -99.89, -99.89, 10.00
10.00, -11935.00, -6855.00, -99.89, -99.89, 10.00
10.00, -11977.00, -6896.00, -99.89, -99.89, 10.00
10.00, -12020.00, -6937.00, -99.89, -99.89, 10.00
10.00, -12061.00, -6975.00, -99.89, -99.89, 10.00
10.00, -12100.00, -7015.00, -99.89, -99.89, 10.00
10.00, -12143.00, -7056.00, -99.89, -99.89, 10.00
10.00, -12186.00, -7099.00, -99.89, -99.89, 10.00
10.00, -12229.00, -7140.00, -99.89, -99.89, 10.00
10.00, -12269.00, -7180.00, -99.89, -99.89, 10.00
10.00, -12312.00, -7220.00, -99.89, -99.89, 10.00
10.00, -12351.00, -7261.00, -99.89, -99.89, 10.00
10.00, -12392.00, -7302.00, -99.89, -99.89, 10.00
10.00, -12435.00, -7342.00, -99.89, -99.89, 10.00
10.00, -12479.00, -7383.00, -99.89, -99.89, 10.00
10.00, -12522.00, -7426.00, -99.89, -99.89, 10.00
10.00, -12565.00, -7467.00, -99.89, -99.89, 10.00
10.00, -12605.00, -7504.00, -99.89, -99.89, 10.00
10.00, -12646.00, -7546.00, -99.89, -99.89, 10.00
10.00, -12690.00, -7588.00, -99.89, -99.89, 10.00
10.00, -12735.00, -7629.00, -99.89, -99.89, 10.00
10.00, -12780.00, -7671.00, -99.89, -99.89, 10.00
10.00, -12824.00, -7713.00, -99.89, -99.89, 10.00
10.00, -12865.00, -7751.00, -99.89, -99.89, 10.00
10.00, -12907.00, -7790.00, -99.89, -99.89, 10.00
10.00, -12951.00, -7832.00, -99.89, -99.89, 10.00
10.00, -12994.00, -7873.00, -99.89, -99.89, 10.00
10.00, -13038.00, -7913.00, -99.89, -99.89, 10.00
10.00, -13081.00, -7955.00, -99.89, -99.89, 10.00
10.00, -13124.00, -7992.00, -99.89, -99.89, 10.00
10.00, -13166.00, -8030.00, -99.89, -99.89, 10.00
10.00, -13211.00, -8069.00, -99.89, -99.89, 10.00
10.00, -13253.00, -8111.00, -99.89, -99.89, 10.00
10.00, -13296.00, -8152.00, -99.89, -99.89, 10.00
10.00, -13339.00, -8195.00, -99.89, -99.89, 10.00
10.00, -13380.00, -8231.00, -99.89, -99.89, 10.00
10.00, -13421.00, -8268.00, -99.89, -99.89, 10.00
10.00, -13462.00, -8308.00, -99.89, -99.89, 10.00
10.00, -13506.00, -8349.00, -99.89, -99.89, 10.00
10.00, -13547.00, -8392.00, -99.89, -99.89, 10.00
10.00, -13588.00, -8433.00, -99.89, -99.89, 10.00
10.00, -13630.00, -8471.00, -99.89, -99.89, 10.00
10.00, -13669.00, -8508.00, -99.89, -99.89, 10.00
10.00, -13712.00, -8548.00, -99.89, -99.89, 10.00
10.00, -13753.00, -8588.00, -99.89, -99.89, 10.00
10.00, -13796.00, -8631.00, -99.89, -99.89, 10.00
10.00, -13838.00, -8674.00, -99.89, -99.89, 10.00
10.00, -13877.00, -8714.00, -99.89, -99.89, 10.00
10.00, -13918.00, -8751.00, -99.89, -99.89, 10.00
10.00, -13959.00, -8790.00, -99.89, -99.89, 10.00
10.00, -14003.00, -8832.00, -99.89, -99.89, 10.00
10.00, -14045.00, -8876.00, -99.89, -99.89, 10.00
10.00, -14088.00, -8917.00, -99.89, -99.89, 10.00
10.00, -14131.00, -8959.00, -99.89, -99.89, 10.00
10.00, -14172.00, -8998.00, -99.89, -99.89, 10.00
10.00, -14214.00, -9036.00, -99.89, -99.89, 10.00
10.00, -14256.00, -9078.00, -99.89, -99.89, 10.00
10.00, -14300.00, -9121.00, -99.89, -99.89, 10.00
10.00, -14342.00, -9164.00, -99.89, -99.89, 10.00
10.00, -14385.00, -9206.00, -99.89, -99.89, 10.00
10.00, -14426.00, -9244.00, -99.89, -99.89, 10.00
10.00, -14468.00, -9282.00, -99.89, -99.89, 10.00
10.00, -14512.00, -9323.00, -99.89, -99.89, 10.00
10.00, -14555.00, -9364.00, -99.89, -99.89, 10.00
10.00, -14598.00, -9405.00, -99.89, -99.89, 10.00
10.00, -14639.00, -9445.00, -99.89, -99.89, 10.00
10.00, -14681.00, -9485.00, -99.89, -99.89, 10.00
10.00, -14723.00, -9526.00, -99.89, -99.89, 10.00
10.00, -14766.00, -9564.00, -99.89, -99.89, 10.00
10.00, -14809.00, -9605.00, -99.89, -99.89, 10.00
10.00, -14851.00, -9648.00, -99.89, -99.89, 10.00
10.00, -14890.00, -9687.00, -99.89, -99.89, 10.00
10.00, -14932.00, -9725.00, -99.89, -99.89, 10.00
10.00, -14975.00, -9765.00, -99.89, -99.89, 10.00
10.00, -15017.00, -9804.00, -99.89, -99.89, 10.00
10.00, -15060.00, -9844.00, -99.89, -99.89, 10.00
10.00, -15104.00, -9886.00, -99.89, -99.89, 10.00
10.00, -15146.00, -9927.00, -99.89, -99.89, 10.00
10.00, -15186.00, -9966.00, -99.89, -99.89, 10.00
10.00, -15229.00, -10004.00, -99.89, -99.89, 10.00
10.00, -15273.00, -10042.00, -99.89, -99.89, 10.00
10.00, -15316.00, -10083.00, -99.89, -99.89, 10.00
10.00, -15358.00, -10124.00, -99.89, -99.89, 10.00
10.00, -15400.00, -10166.00, -99.89, -99.89, 10.00
10.00, -15443.00, -10203.00, -99.89, -99.89, 10.00
10.00, -15485.00, -10244.00, -99.89, -99.89, 10.00
10.00, -15529.00, -10282.00, -99.89, -99.89, 10.00
10.00, -15572.00, -10321.00, -99.89, -99.89, 10.00
10.00, -15615.00, -10362.00, -99.89, -99.89, 10.00
10.00, -15656.00, -10405.00, -99.89, -99.89, 10.00
10.00, -15698.00, -10444.00, -99.89, -99.89, 10.00
10.00, -15741.00, -10484.00, -99.89, -99.89, 10.00
10.00, -15784.00, -10523.00, -99.89, -99.89, 10.00
10.00, -15825.00, -10561.00, -99.89, -99.89, 10.00
10.00, -15869.00, -10601.00, -99.89, -99.89, 10.00
10.00, -15910.00, -10642.00, -99.89, -99.89, 10.00
10.00, -15950.00, -10682.00, -99.89, -99.89, 10.00
10.00, -15993.00, -10722.00, -99.89, -99.89, 10.00
10.00, -16035.00, -10763.00, -99.89, -99.89, 10.00
10.00, -16075.00, -10801.00, -99.89, -99.89, 10.00
10.00, -16116.00, -10842.00, -99.89, -99.89, 10.00
10.00, -16157.00, -10883.00, -99.89, -99.89, 10.00
10.00, -16196.00, -10924.00, -99.89, -99.89, 10.00
10.00, -16237.00, -10965.00, -99.89, -99.89, 10.00
10.00, -16281.00, -11006.00, -99.89, -99.89, 10.00
10.00, -16325.00, -11045.00, -99.89, -99.89, 10.00
10.00, -16365.00, -11086.00, -99.89, -99.89, 10.00
10.00, -16407.00, -11126.00, -99.89, -99.89, 10.00
10.00, -16449.00, -11167.00, -99.89, -99.89, 10.00
10.00, -16492.00, -11210.00, -99.89, -99.89, 10.00
10.00, -16535.00, -11250.00, -99.89, -99.89, 10.00
10.00, -16581.00, -11291.00, -99.89, -99.89, 10.00
10.00, -16624.00, -11330.00, -99.89, -99.89, 10.00
10.00, -16666.00, -11372.00, -99.89, -99.89, 10.00
10.00, -16707.00, -11411.00, -99.89, -99.89, 10.00
10.00, -16750.00, -11453.00, -99.89, -99.89, 10.00
10.00, -16794.00, -11495.00, -99.89, -99.89, 10.00
10.00, -16840.00, -11537.00, -99.89, -99.89, 10.00
10.00, -16884.00, -11577.00, -99.89, -99.89, 10.00
10.00, -16926.00, -11616.00, -99.89, -99.89, 10.00
10.00, -16968.00, -11657.00, -99.89, -99.89, 10.00
10.00, -17013.00, -11698.00, -99.89, -99.89, 10.00
10.00, -17055.00, -11740.00, -99.89, -99.89, 10.00
10.00, -17099.00, -11781.00, -99.89, -99.89, 10.00
10.00, -17142.00, -11820.00, -99.89, -99.89, 10.00
10.00, -17184.00, -11859.00, -99.89, -99.89, 10.00
10.00, -17225.00, -11898.00, -99.89, -99.89, 10.00
10.00, -17267.00, -11938.00, -99.89, -99.89, 10.00
10.00, -17310.00, -11980.00, -99.89, -99.89, 10.00
10.00, -17352.00, -12020.00, -99.89, -99.89, 10.00
10.00, -17394.00, -12060.00, -99.89, -99.89, 10.00
10.00, -17435.00, -12097.00, -99.89, -99.89, 10.00
10.00, -17476.00, -12134.00, -99.89, -99.89, 10.00
10.00, -17517.00, -12174.00, -99.89, -99.89, 10.00
10.00, -17558.00, -12217.00, -99.89, -99.89, 10.00
10.00, -17602.00, -12258.00, -99.89, -99.89, 10.00
10.00, -17644.00, -12298.00, -99.89, -99.89, 10.00
10.00, -17686.00, -12337.00, -99.89, -99.89, 10.00
10.00, -17726.00, -12374.00, -99.89, -99.89, 10.00
10.00, -17766.00, -12414.00, -99.89, -99.89, 10.00
10.00, -17809.00, -12455.00, -99.89, -99.89, 10.00
10.00, -17852.00, -12498.00, -99.89, -99.89, 10.00
10.00, -17896.00, -12540.00, -99.89, -99.89, 10.00
10.00, -17938.00, -12581.00, -99.89, -99.89, 10.00
10.00, -17979.00, -12617.00, -99.89, -99.89, 10.00
10.00, -18019.00, -12656.00, -99.89, -99.89, 10.00
10.00, -18062.00, -12696.00, -99.89, -99.89, 10.00
10.00, -18106.00, -12739.00, -99.89, -99.89, 10.00
10.00, -18147.00, -12782.00, -99.89, -99.89, 10.00
10.00, -18190.00, -12823.00, -99.89, -99.89, 10.00
10.00, -18230.00, -12860.00, -99.89, -99.89, 10.00
10.00, -18271.00, -12899.00, -99.89, -99.89, 10.00
10.00, -18314.00, -12942.00, -99.89, -99.89, 10.00
10.00, -18357.00, -12987.00, -99.89, -99.89, 10.00
10.00, -18401.00, -13030.00, -99.89, -99.89, 10.00
10.00, -18443.00, -13068.00, -99.89, -99.89, 10.00
10.00, -18485.00, -13108.00, -99.89, -99.89, 10.00
10.00, -18525.00, -13143.00, -99.89, -99.89, 10.00
10.00, -18566.00, -13184.00, -99.89, -99.89, 10.00
10.00, -18609.00, -13227.00, -99.89, -99.89, 10.00
10.00, -18651.00, -13268.00, -99.89, -99.89, 10.00
10.00, -18693.00, -13309.00, -99.89, -99.89, 10.00
10.00, -18733.00, -13348.00, -99.89, -99.89, 10.00
10.00, -18773.00, -13387.00, -99.89, -99.89, 10.00
10.00, -18815.00, -13428.00, -99.89, -99.89, 10.00
10.00, -18860.00, -13470.00, -99.89, -99.89, 10.00
10.00, -18903.00, -13511.00, -99.89, -99.89, 10.00
10.00, -18947.00, -13550.00, -99.89, -99.89, 10.00
10.00, -18988.00, -13591.00, -99.89, -99.89, 10.00
10.00, -19028.00, -13630.00, -99.89, -99.89, 10.00
10.00, -19070.00, -13669.00, -99.89, -99.89, 10.00
10.00, -19114.00, -13709.00, -99.89, -99.89, 10.00
10.00, -19157.00, -13751.00, -99.89, -99.89, 10.00
10.00, -19201.00, -13791.00, -99.89, -99.89, 10.00
10.00, -19244.00, -13831.00, -99.89, -99.89, 10.00
10.00, -19285.00, -13870.00, -99.89, -99.89, 10.00
10.00, -19327.00, -13911.00, -99.89, -99.89, 10.00
10.00, -19373.00, -13950.00, -99.89, -99.89, 10.00
10.00, -19417.00, -13992.00, -99.89, -99.89, 10.00
10.00, -19459.00, -14032.00, -99.89, -99.89, 10.00
10.00, -19500.00, -14073.00, -99.89, -99.89, 10.00
10.00, -19542.00, -14110.00, -99.89, -99.89, 10.00
10.00, -19583.00, -14147.00, -99.89, -99.89, 10.00
10.00, -19627.00, -14188.00, -99.89, -99.89, 10.00
10.00, -19670.00, -14230.00, -99.89, -99.89, 10.00
10.00, -19712.00, -14273.00, -99.89, -99.89, 10.00
10.00, -19754.00, -14313.00, -99.89, -99.89, 10.00
10.00, -19794.00, -14350.00, -99.89, -99.89, 10.00
10.00, -19836.00, -14387.00, -99.89, -99.89, 10.00
10.00, -19878.00, -14427.00, -99.89, -99.89, 10.00
10.00, -19919.00, -14467.00, -99.89, -99.89, 10.00
10.00, -19962.00, -14509.00, -99.89, -99.89, 10.00
10.00, -20002.00, -14548.00, -99.89, -99.89, 10.00
10.00, -20041.00, -14587.00, -99.89, -99.89, 10.00
10.00, -20082.00, -14625.00, -99.89, -99.89, 10.00
10.00, -20125.00, -14662.00, -99.89, -99.89, 10.00
10.00, -20167.00, -14703.00, -99.89, -99.89, 10.00
10.00, -20208.00, -14747.00, -99.89, -99.89, 10.00
10.00, -20250.00, -14788.00, -99.89, -99.89, 10.00
10.00, -20291.00, -14827.00, -99.89, -99.89, 10.00
10.00, -20334.00, -14866.00, -99.89, -99.89, 10.00
10.00, -20376.00, -14906.00, -99.89, -99.89, 10.00
10.00, -20420.00, -14943.00, -99.89, -99.89, 10.00
10.00, -20463.00, -14985.00, -99.89, -99.89, 10.00
10.00, -20506.00, -15029.00, -99.89, -99.89, 10.00
10.00, -20547.00, -15069.00, -99.89, -99.89, 10.00
10.00, -20591.00, -15109.00, -99.89, -99.89, 10.00
10.00, -20633.00, -15148.00, -99.89, -99.89, 10.00
10.00, -20678.00, -15188.00, -99.89, -99.89, 10.00
10.00, -20721.00, -15230.00, -99.89, -99.89, 10.00
10.00, -20764.00, -15273.00, -99.89, -99.89, 10.00
10.00, -20807.00, -15314.00, -99.89, -99.89, 10.00
10.00, -20849.00, -15356.00, -99.89, -99.89, 10.00
10.00, -20893.00, -15396.00, -99.89, -99.89, 10.00
10.00, -20937.00, -15435.00, -99.89, -99.89, 10.00
10.00, -20980.00, -15476.00, -99.89, -99.89, 10.00
10.00, -21022.00, -15518.00, -99.89, -99.89, 10.00
10.00, -21062.00, -15559.00, -99.89, -99.89, 10.00
10.00, -21106.00, -15600.00, -99.89, -99.89, 10.00
10.00, -21148.00, -15641.00, -99.89, -99.89, 10.00
10.00, -21191.00, -15681.00, -99.89, -99.89, 10.00
10.00, -21232.00, -15719.00, -99.89, -99.89, 10.00
10.00, -21274.00, -15760.00, -99.89, -99.89, 10.00
10.00, -21315.00, -15801.00, -99.89, -99.89, 10.00
10.00, -21356.00, -15841.00, -99.89, -99.89, 10.00
10.00, -21400.00, -15881.00, -99.89, -99.89, 10.00
10.00, -21443.00, -15920.00, -99.89, -99.89, 10.00
10.00, -21484.00, -15959.00, -99.89, -99.89, 10.00
10.00, -21525.00, -16000.00, -99.89, -99.89, 10.00
10.00, -21566.00, -16040.00, -99.89, -99.89, 10.00
10.00, -21608.00, -16081.00, -99.89, -99.89, 10.00
10.00, -21651.00, -16120.00, -99.89, -99.89, 10.00
10.00, -21695.00, -16160.00, -99.89, -99.89, 10.00
10.00, -21733.00, -16199.00, -99.89, -99.89, 10.00
10.00, -21771.00, -16238.00, -99.89, -99.89, 10.00
10.00, -21810.00, -16280.00, -99.89, -99.89, 10.00
10.00, -21847.00, -16324.00, -99.89, -99.89, 10.00
10.00, -21883.00, -16368.00, -99.89, -99.89, 10.00
10.00, -21918.00, -16408.00, -99.89, -99.89, 10.00
10.00, -21953.00, -16449.00, -99.89, -99.89, 10.00
10.00, -21987.00, -16493.00, -99.89, -99.89, 10.00
10.00, -22020.00, -16532.00, -99.89, -99.89, 10.00
10.00, -22055.00, -16569.00, -99.89, -99.89, 10.00
10.00, -22091.00, -16609.00, -99.89, -99.89, 10.00
10.00, -22126.00, -16651.00, -99.89, -99.89, 10.00
10.00, -22163.00, -16692.00, -99.89, -99.89, 10.00
10.00, -22200.00, -16732.00, -99.89, -99.89, 10.00
10.00, -22238.00, -16774.00, -99.89, -99.89, 10.00
10.00, -22274.00, -16819.00, -99.89, -99.89, 10.00
10.00, -22311.00, -16857.00, -99.89, -99.89, 10.00
10.00, -22350.00, -16900.00, -99.89, -99.89, 10.00
10.00, -22390.00, -16940.00, -99.89, -99.89, 10.00
10.00, -22428.00, -16981.00, -99.89, -99.89, 10.00
10.00, -22466.00, -17020.00, -99.89, -99.89, 10.00
10.00, -22503.00, -17060.00, -99.89, -99.89, 10.00
10.00, -22538.00, -17097.00, -99.89, -99.89, 10.00
10.00, -22578.00, -17142.00, -99.89, -99.89, 10.00
10.00, -22619.00, -17181.00, -99.89, -99.89, 10.00
10.00, -22661.00, -17221.00, -99.89, -99.89, 10.00
10.00, -22702.00, -17261.00, -99.89, -99.89, 10.00
10.00, -22739.00, -17301.00, -99.89, -99.89, 10.00
10.00, -22775.00, -17337.00, -99.89, -99.89, 10.00
10.00, -22814.00, -17377.00, -99.89, -99.89, 10.00
10.00, -22857.00, -17416.00, -99.89, -99.89, 10.00
11.00, -22900.00, -17457.00, -99.89, -99.89, 10.00
10.00, -22939.00, -17495.00, -99.89, -99.89, 10.00
10.00, -22980.00, -17532.00, -99.89, -99.89, 10.00
9.00, -23021.00, -17572.00, -99.89, -99.89, 10.00
10.00, -23061.00, -17611.00, -99.89, -99.89, 10.00
10.00, -23103.00, -17645.00, -99.89, -99.89, 10.00
11.00, -23142.00, -17686.00, -99.89, -99.89, 10.00
10.00, -23187.00, -17728.00, -99.89, -99.89, 10.00
