61420.00, 1879.00, 433.00, 100.00, 100.00, 11.00
10.00, 1882.00, 435.00, 99.89, -100.00, 11.00
10.00, 1895.00, 437.00, 99.89, -100.00, 11.00
10.00, 1913.00, 432.00, 99.89, -100.00, 11.00
10.00, 1935.00, 417.00, 100.00, -100.00, 11.00
10.00, 1963.00, 397.00, 100.00, -100.00, 11.00
10.00, 1992.00, 370.00, 100.00, -100.00, 11.00
10.00, 2023.00, 341.00, 100.00, -100.00, 11.00
10.00, 2055.00, 309.00, 100.00, -100.00, 11.00
10.00, 2089.00, 280.00, 100.00, -100.00, 11.00
10.00, 2125.00, 246.00, 100.00, -100.00, 11.00
10.00, 2160.00, 212.00, 100.00, -100.00, 11.00
10.00, 2196.00, 176.00, 100.00, -100.00, 11.00
10.00, 2235.00, 139.00, 100.00, -100.00, 11.00
10.00, 2271.00, 102.00, 100.00, -100.00, 11.00
10.00, 2309.00, 62.00, 100.00, -100.00, 11.00
10.00, 2347.00, 24.00, 100.00, -100.00, 11.00
10.00, 2385.00, -13.00, 100.00, -100.00, 11.00
10.00, 2421.00, -50.00, 100.00, -100.00, 11.00
10.00, 2461.00, -88.00, 100.00, -100.00, 11.00
10.00, 2501.00, -129.00, 100.00, -100.00, 11.00
10.00, 2538.00, -170.00, 100.00, -99.89, 11.00
10.00, 2576.00, -207.00, 100.00, -99.89, 11.00
10.00, 2616.00, -245.00, 100.00, -99.89, 11.00
10.00, 2654.00, -284.00, 100.00, -99.89, 11.00
10.00, 2692.00, -321.00, 100.00, -99.89, 11.00
10.00, 2733.00, -360.00, 100.00, -99.89, 11.00
10.00, 2773.00, -401.00, 100.00, -99.89, 11.00
10.00, 2812.00, -442.00, 100.00, -99.32, 11.00
10.00, 2853.00, -482.00, 100.00, -95.48, 11.00
10.00, 2894.00, -520.00, 100.00, -74.58, 11.00
10.00, 2932.00, -558.00, 100.00, -0.79, 11.00
10.00, 2972.00, -594.00, 100.00, 72.66, 11.00
10.00, 3013.00, -620.00, 100.00, 93.90, 11.00
10.00, 3051.00, -637.00, 100.00, 98.42, 11.00
10.00, 3089.00, -638.00, 100.00, 99.32, 11.00
10.00, 3128.00, -633.00, 100.00, 99.44, 11.00
10.00, 3168.00, -619.00, 100.00, 99.44, 11.00
10.00, 3205.00, -599.00, 100.00, 98.87, 11.00
10.00, 3245.00, -574.00, 100.00, 97.51, 11.00
10.00, 3284.00, -547.00, 99.89, 92.66, 11.00
10.00, 3322.00, -518.00, 99.89, 76.84, 11.00
10.00, 3362.00, -487.00, 99.89, 31.41, 11.00
10.00, 3401.00, -457.00, 99.89, -37.18, 11.00
10.00, 3440.00, -436.00, 99.89, -81.02, 11.00
10.00, 3479.00, -423.00, 99.77, -93.22, 11.00
10.00, 3520.00, -421.00, 98.87, -96.72, 11.00
10.00, 3561.00, -428.00, 92.99, -97.40, 11.00
10.00, 3601.00, -443.00, 59.21, -96.61, 11.00
10.00, 3640.00, -462.00, -24.29, -94.12, 11.00
10.00, 3674.00, -488.00, -82.71, -86.10, 11.00
10.00, 3699.00, -514.00, -96.72, -60.45, 11.00
10.00, 3710.00, -536.00, -98.98, -10.40, 11.00
10.00, 3712.00, -560.00, -99.55, 43.73, 11.00
10.00, 3703.00, -578.00, -99.55, 76.84, 11.00
10.00, 3686.00, -587.00, -99.44, 90.40, 11.00
10.00, 3665.00, -586.00, -98.98, 94.35, 11.00
10.00, 3638.00, -576.00, -97.40, 94.69, 11.00
10.00, 3610.00, -559.00, -91.53, 91.98, 11.00
10.00, 3581.00, -535.00, -70.06, 85.54, 11.00
10.00, 3552.00, -512.00, -19.77, 60.90, 11.00
10.00, 3524.00, -486.00, 47.34, 15.71, 11.00
10.00, 3501.00, -462.00, 82.03, -41.24, 11.00
10.00, 3489.00, -447.00, 93.90, -78.53, 11.00
10.00, 3488.00, -441.00, 97.06, -90.28, 11.00
10.00, 3497.00, -442.00, 97.40, -93.22, 11.00
10.00, 3512.00, -452.00, 96.61, -93.22, 11.00
10.00, 3530.00, -469.00, 93.56, -90.28, 11.00
10.00, 3556.00, -492.00, 86.21, -80.23, 11.00
10.00, 3582.00, -515.00, 60.79, -52.43, 11.00
10.00, 3609.00, -536.00, 8.47, -5.76, 11.00
10.00, 3636.00, -558.00, -48.93, 43.50, 11.00
10.00, 3654.00, -573.00, -81.92, 75.71, 11.00
10.00, 3661.00, -580.00, -93.22, 88.36, 11.00
10.00, 3658.00, -577.00, -95.71, 92.20, 11.00
10.00, 3647.00, -565.00, -95.48, 92.09, 11.00
10.00, 3629.00, -548.00, -93.22, 87.57, 11.00
10.00, 3607.00, -524.00, -86.67, 74.69, 11.00
10.00, 3583.00, -500.00, -64.86, 38.76, 11.00
10.00, 3558.00, -476.00, -22.03, -17.51, 11.00
10.00, 3533.00, -454.00, 37.63, -63.16, 11.00
10.00, 3514.00, -443.00, 73.67, -87.12, 11.00
10.00, 3503.00, -442.00, 89.83, -93.79, 11.00
10.00, 3503.00, -451.00, 94.35, -95.03, 11.00
10.00, 3511.00, -467.00, 95.14, -93.67, 11.00
10.00, 3525.00, -487.00, 93.22, -90.17, 11.00
10.00, 3546.00, -509.00, 88.47, -80.45, 11.00
10.00, 3569.00, -533.00, 73.67, -63.28, 11.00
10.00, 3594.00, -559.00, 37.63, -32.88, 11.00
10.00, 3621.00, -583.00, -17.51, 4.97, 11.00
10.00, 3642.00, -605.00, -67.57, 38.19, 11.00
10.00, 3654.00, -620.00, -88.36, 58.53, 11.00
10.00, 3656.00, -627.00, -93.79, 64.52, 11.00
10.00, 3647.00, -626.00, -94.80, 57.40, 11.00
10.00, 3633.00, -618.00, -93.22, 32.32, 11.00
10.00, 3612.00, -607.00, -87.80, -17.74, 11.00
10.00, 3588.00, -597.00, -71.30, -65.42, 11.00
10.00, 3563.00, -594.00, -33.11, -89.04, 11.00
10.00, 3540.00, -600.00, 22.49, -96.16, 11.00
10.00, 3519.00, -616.00, 66.44, -98.19, 11.00
10.00, 3506.00, -637.00, 87.34, -98.87, 11.00
10.00, 3505.00, -660.00, 93.56, -99.10, 11.00
10.00, 3513.00, -687.00, 94.35, -99.21, 11.00
10.00, 3526.00, -718.00, 92.99, -99.21, 11.00
10.00, 3547.00, -748.00, 87.34, -99.10, 11.00
10.00, 3570.00, -780.00, 73.67, -98.87, 11.00
10.00, 3593.00, -813.00, 37.63, -98.53, 11.00
10.00, 3618.00, -847.00, -17.51, -97.74, 11.00
10.00, 3641.00, -884.00, -64.86, -96.27, 11.00
10.00, 3654.00, -921.00, -87.23, -92.20, 11.00
10.00, 3656.00, -957.00, -93.56, -82.15, 11.00
10.00, 3648.00, -994.00, -94.80, -59.21, 11.00
10.00, 3633.00, -1029.00, -93.56, -14.69, 11.00
10.00, 3611.00, -1060.00, -87.80, 41.02, 11.00
10.00, 3587.00, -1084.00, -70.06, 76.72, 11.00
10.00, 3561.00, -1099.00, -30.73, 90.62, 11.00
10.00, 3537.00, -1103.00, 24.97, 95.48, 11.00
10.00, 3517.00, -1097.00, 70.51, 96.84, 11.00
10.00, 3506.00, -1082.00, 88.59, 96.84, 11.00
10.00, 3505.00, -1064.00, 93.67, 95.59, 11.00
10.00, 3512.00, -1040.00, 94.58, 92.88, 11.00
10.00, 3526.00, -1015.00, 93.22, 85.20, 11.00
10.00, 3547.00, -985.00, 88.70, 66.67, 11.00
10.00, 3570.00, -957.00, 75.03, 25.20, 11.00
10.00, 3593.00, -930.00, 44.07, -32.66, 11.00
10.00, 3618.00, -908.00, -6.55, -73.22, 11.00
10.00, 3642.00, -895.00, -56.61, -90.73, 11.00
10.00, 3659.00, -893.00, -81.92, -95.82, 11.00
10.00, 3663.00, -903.00, -90.62, -97.40, 11.00
10.00, 3657.00, -920.00, -92.32, -97.63, 11.00
10.00, 3645.00, -940.00, -88.93, -96.84, 11.00
10.00, 3627.00, -962.00, -77.97, -95.14, 11.00
10.00, 3605.00, -989.00, -50.73, -91.75, 11.00
10.00, 3583.00, -1020.00, 10.62, -82.82, 11.00
10.00, 3564.00, -1050.00, 67.12, -60.11, 11.00
10.00, 3555.00, -1080.00, 89.49, -16.61, 11.00
10.00, 3553.00, -1106.00, 96.16, 32.54, 11.00
10.00, 3560.00, -1127.00, 97.97, 67.80, 11.00
10.00, 3574.00, -1136.00, 98.64, 83.73, 11.00
10.00, 3594.00, -1138.00, 98.76, 89.49, 11.00
10.00, 3613.00, -1131.00, 98.64, 90.96, 11.00
10.00, 3645.00, -1126.00, 98.53, 90.62, 11.00
10.00, 3674.00, -1097.00, 98.08, 89.72, 11.00
10.00, 3706.00, -1080.00, 97.18, 83.62, 11.00
10.00, 3736.00, -1055.00, 95.93, 77.51, 11.00
10.00, 3771.00, -1028.00, 94.46, 69.38, 11.00
10.00, 3802.00, -1002.00, 90.62, 58.53, 11.00
10.00, 3839.00, -972.00, 85.20, 49.83, 11.00
10.00, 3874.00, -947.00, 74.24, 42.03, 11.00
10.00, 3907.00, -922.00, 57.29, 38.08, 11.00
10.00, 3940.00, -901.00, 35.59, 36.95, 11.00
10.00, 3971.00, -879.00, 9.04, 38.19, 11.00
10.00, 4001.00, -858.00, -14.01, 40.90, 11.00
10.00, 4024.00, -839.00, -31.98, 45.42, 11.00
10.00, 4039.00, -818.00, -44.18, 49.27, 11.00
10.00, 4046.00, -797.00, -48.70, 53.45, 11.00
10.00, 4049.00, -776.00, -49.38, 58.98, 11.00
10.00, 4045.00, -757.00, -48.25, 63.73, 11.00
10.00, 4036.00, -735.00, -46.55, 67.34, 11.00
10.00, 4025.00, -713.00, -45.31, 71.53, 11.00
10.00, 4014.00, -691.00, -45.20, 75.71, 11.00
10.00, 4001.00, -665.00, -45.99, 79.89, 11.00
10.00, 3985.00, -638.00, -47.91, 83.95, 11.00
10.00, 3970.00, -608.00, -51.53, 87.68, 11.00
10.00, 3953.00, -578.00, -54.46, 91.30, 11.00
10.00, 3934.00, -546.00, -58.31, 94.24, 11.00
10.00, 3915.00, -513.00, -62.94, 96.27, 11.00
10.00, 3896.00, -479.00, -68.02, 97.74, 11.00
10.00, 3875.00, -444.00, -71.86, 98.64, 11.00
10.00, 3849.00, -409.00, -76.16, 99.21, 11.00
10.00, 3825.00, -374.00, -81.02, 99.55, 11.00
11.00, 3799.00, -337.00, -84.63, 99.77, 11.00
10.00, 3770.00, -300.00, -87.34, 99.89, 11.00
10.00, 3739.00, -261.00, -90.73, 99.89, 11.00
10.00, 3708.00, -222.00, -93.45, 99.89, 11.00
10.00, 3674.00, -184.00, -95.48, 99.89, 11.00
10.00, 3638.00, -147.00, -96.95, 99.89, 11.00
10.00, 3602.00, -108.00, -98.19, 99.89, 11.00
10.00, 3565.00, -68.00, -98.87, 99.89, 11.00
10.00, 3529.00, -27.00, -99.32, 99.89, 11.00
10.00, 3492.00, 15.00, -99.66, 99.89, 11.00
10.00, 3453.00, 60.00, -99.77, 99.89, 11.00
10.00, 3414.00, 100.00, -99.89, 99.89, 11.00
10.00, 3373.00, 137.00, -99.89, 99.89, 11.00
10.00, 3334.00, 178.00, -99.89, 99.89, 11.00
10.00, 3294.00, 220.00, -99.89, 99.89, 11.00
10.00, 3254.00, 261.00, -99.89, 100.00, 11.00
10.00, 3213.00, 305.00, -99.89, 100.00, 11.00
10.00, 3171.00, 348.00, -99.89, 100.00, 11.00
10.00, 3130.00, 388.00, -99.89, 100.00, 11.00
10.00, 3090.00, 431.00, -99.89, 99.89, 11.00
10.00, 3049.00, 475.00, -99.89, 99.89, 11.00
10.00, 3010.00, 516.00, -99.89, 99.89, 11.00
10.00, 2969.00, 561.00, -99.89, 99.89, 11.00
10.00, 2928.00, 603.00, -99.89, 99.89, 11.00
10.00, 2886.00, 645.00, -99.89, 99.89, 11.00
10.00, 2844.00, 688.00, -99.89, 99.89, 11.00
10.00, 2802.00, 730.00, -99.89, 99.89, 11.00
10.00, 2762.00, 772.00, -99.89, 99.89, 11.00
10.00, 2720.00, 816.00, -99.89, 99.89, 11.00
10.00, 2677.00, 859.00, -99.89, 99.89, 11.00
10.00, 2634.00, 902.00, -99.89, 99.89, 11.00
10.00, 2592.00, 944.00, -99.89, 99.89, 11.00
10.00, 2550.00, 985.00, -99.89, 99.89, 11.00
10.00, 2510.00, 1027.00, -99.89, 100.00, 11.00
10.00, 2470.00, 1070.00, -99.89, 100.00, 11.00
10.00, 2427.00, 1111.00, -99.89, 100.00, 11.00
10.00, 2384.00, 1152.00, -99.89, 100.00, 11.00
10.00, 2341.00, 1194.00, -99.89, 100.00, 11.00
10.00, 2300.00, 1235.00, -99.89, 100.00, 11.00
10.00, 2257.00, 1275.00, -99.89, 100.00, 11.00
10.00, 2216.00, 1321.00, -99.89, 100.00, 11.00
10.00, 2174.00, 1366.00, -99.89, 100.00, 11.00
10.00, 2131.00, 1407.00, -99.89, 100.00, 11.00
10.00, 2088.00, 1447.00, -99.89, 100.00, 11.00
10.00, 2046.00, 1487.00, -99.89, 100.00, 11.00
10.00, 2004.00, 1530.00, -99.89, 100.00, 11.00
10.00, 1964.00, 1576.00, -99.89, 100.00, 11.00
10.00, 1922.00, 1620.00, -99.89, 99.89, 11.00
10.00, 1879.00, 1660.00, -100.00, 99.89, 11.00
10.00, 1838.00, 1701.00, -100.00, 99.89, 11.00
10.00, 1795.00, 1741.00, -100.00, 99.89, 11.00
10.00, 1754.00, 1783.00, -100.00, 99.89, 11.00
10.00, 1715.00, 1829.00, -100.00, 99.89, 11.00
10.00, 1672.00, 1872.00, -100.00, 99.89, 11.00
10.00, 1627.00, 1912.00, -100.00, 99.89, 11.00
10.00, 1585.00, 1953.00, -99.89, 99.89, 11.00
10.00, 1543.00, 1995.00, -99.89, 99.89, 11.00
10.00, 1500.00, 2036.00, -99.89, 99.89, 11.00
10.00, 1462.00, 2078.00, -99.89, 99.89, 11.00
10.00, 1419.00, 2122.00, -99.89, 99.89, 11.00
10.00, 1374.00, 2165.00, -99.89, 99.89, 11.00
10.00, 1331.00, 2204.00, -99.89, 99.89, 11.00
10.00, 1287.00, 2244.00, -99.89, 99.89, 11.00
10.00, 1244.00, 2286.00, -99.89, 99.89, 11.00
10.00, 1202.00, 2327.00, -99.89, 99.89, 11.00
10.00, 1162.00, 2368.00, -99.89, 99.89, 11.00
10.00, 1117.00, 2411.00, -99.89, 99.89, 11.00
10.00, 1072.00, 2450.00, -99.89, 99.89, 11.00
10.00, 1031.00, 2489.00, -99.89, 99.89, 11.00
10.00, 989.00, 2530.00, -99.89, 99.89, 11.00
10.00, 947.00, 2573.00, -99.89, 99.89, 11.00
10.00, 905.00, 2615.00, -99.89, 99.89, 11.00
10.00, 861.00, 2657.00, -99.89, 99.89, 11.00
10.00, 818.00, 2697.00, -99.89, 99.89, 11.00
10.00, 776.00, 2738.00, -99.89, 99.89, 11.00
10.00, 734.00, 2781.00, -99.89, 99.89, 11.00
10.00, 694.00, 2825.00, -99.89, 99.89, 11.00
10.00, 654.00, 2868.00, -99.89, 99.89, 11.00
10.00, 611.00, 2911.00, -99.89, 99.89, 11.00
10.00, 569.00, 2952.00, -99.89, 99.89, 11.00
10.00, 528.00, 2994.00, -99.89, 99.89, 11.00
10.00, 486.00, 3036.00, -99.89, 99.89, 11.00
10.00, 447.00, 3079.00, -99.89, 99.89, 11.00
10.00, 407.00, 3126.00, -99.89, 99.89, 11.00
10.00, 364.00, 3167.00, -99.89, 99.89, 11.00
10.00, 322.00, 3208.00, -99.89, 99.89, 11.00
10.00, 280.00, 3249.00, -99.89, 99.89, 11.00
10.00, 239.00, 3293.00, -99.89, 99.89, 11.00
10.00, 198.00, 3335.00, -99.89, 99.89, 11.00
10.00, 157.00, 3379.00, -99.89, 99.89, 11.00
10.00, 115.00, 3422.00, -99.89, 99.89, 11.00
10.00, 70.00, 3463.00, -99.89, 99.89, 11.00
10.00, 27.00, 3503.00, -99.89, 99.89, 11.00
10.00, -15.00, 3544.00, -99.89, 99.89, 11.00
10.00, -59.00, 3587.00, -99.89, 99.89, 11.00
10.00, -100.00, 3630.00, -99.89, 99.89, 11.00
10.00, -143.00, 3671.00, -99.89, 99.89, 11.00
10.00, -189.00, 3712.00, -99.89, 99.89, 11.00
10.00, -233.00, 3751.00, -99.89, 99.89, 11.00
10.00, -276.00, 3792.00, -99.89, 99.89, 11.00
10.00, -318.00, 3834.00, -99.89, 99.89, 11.00
10.00, -358.00, 3878.00, -99.89, 99.89, 11.00
10.00, -402.00, 3920.00, -99.89, 99.89, 11.00
10.00, -448.00, 3960.00, -99.89, 99.89, 11.00
10.00, -490.00, 4001.00, -99.89, 99.89, 11.00
10.00, -533.00, 4042.00, -99.89, 99.89, 11.00
10.00, -576.00, 4084.00, -99.89, 99.89, 11.00
10.00, -618.00, 4129.00, -99.89, 99.89, 11.00
10.00, -660.00, 4172.00, -99.89, 99.89, 11.00
10.00, -703.00, 4213.00, -99.89, 99.89, 11.00
10.00, -744.00, 4255.00, -99.89, 99.89, 11.00
10.00, -786.00, 4297.00, -99.89, 99.89, 11.00
10.00, -827.00, 4339.00, -99.89, 100.00, 11.00
10.00, -868.00, 4384.00, -99.89, 100.00, 11.00
10.00, -912.00, 4428.00, -99.89, 100.00, 11.00
10.00, -955.00, 4468.00, -99.89, 99.89, 11.00
10.00, -997.00, 4511.00, -99.89, 99.89, 11.00
10.00, -1040.00, 4553.00, -99.89, 99.89, 11.00
10.00, -1081.00, 4593.00, -99.89, 99.89, 11.00
10.00, -1122.00, 4637.00, -99.89, 99.89, 11.00
10.00, -1165.00, 4680.00, -99.89, 99.89, 11.00
10.00, -1209.00, 4723.00, -99.89, 99.89, 11.00
10.00, -1252.00, 4765.00, -99.89, 99.89, 11.00
10.00, -1295.00, 4806.00, -99.89, 99.89, 11.00
10.00, -1336.00, 4848.00, -99.89, 99.89, 11.00
10.00, -1376.00, 4888.00, -99.89, 99.89, 11.00
10.00, -1420.00, 4932.00, -99.89, 99.89, 11.00
10.00, -1463.00, 4972.00, -99.89, 99.89, 11.00
10.00, -1505.00, 5012.00, -99.89, 99.89, 11.00
10.00, -1548.00, 5053.00, -99.89, 99.89, 11.00
10.00, -1588.00, 5095.00, -99.89, 99.89, 11.00
10.00, -1630.00, 5138.00, -99.89, 99.89, 11.00
10.00, -1672.00, 5182.00, -99.89, 99.89, 11.00
10.00, -1715.00, 5224.00, -99.89, 99.89, 11.00
10.00, -1757.00, 5266.00, -99.89, 99.89, 11.00
10.00, -1798.00, 5308.00, -99.89, 99.89, 11.00
10.00, -1839.00, 5349.00, -99.89, 100.00, 11.00
10.00, -1879.00, 5392.00, -99.89, 100.00, 11.00
10.00, -1921.00, 5439.00, -99.89, 100.00, 11.00
10.00, -1963.00, 5482.00, -99.89, 100.00, 11.00
10.00, -2005.00, 5523.00, -99.89, 99.89, 11.00
10.00, -2048.00, 5563.00, -99.89, 99.89, 11.00
10.00, -2089.00, 5606.00, -99.89, 99.89, 11.00
10.00, -2128.00, 5651.00, -99.89, 99.89, 11.00
10.00, -2170.00, 5697.00, -99.89, 99.89, 11.00
10.00, -2214.00, 5737.00, -99.89, 99.89, 11.00
10.00, -2256.00, 5777.00, -99.89, 99.89, 11.00
10.00, -2299.00, 5819.00, -99.89, 99.89, 11.00
10.00, -2341.00, 5860.00, -99.89, 99.89, 11.00
10.00, -2380.00, 5903.00, -99.89, 99.89, 11.00
10.00, -2423.00, 5950.00, -99.89, 99.89, 11.00
10.00, -2468.00, 5990.00, -99.89, 99.89, 11.00
10.00, -2512.00, 6028.00, -99.89, 99.89, 11.00
10.00, -2556.00, 6070.00, -99.89, 99.89, 11.00
10.00, -2598.00, 6113.00, -99.89, 99.89, 11.00
10.00, -2639.00, 6153.00, -99.89, 99.89, 11.00
10.00, -2682.00, 6195.00, -99.89, 99.89, 11.00
10.00, -2726.00, 6237.00, -99.89, 99.89, 11.00
10.00, -2768.00, 6276.00, -99.89, 99.89, 11.00
10.00, -2812.00, 6315.00, -99.89, 99.89, 11.00
10.00, -2855.00, 6355.00, -99.89, 99.89, 11.00
10.00, -2897.00, 6398.00, -99.89, 99.89, 11.00
10.00, -2938.00, 6440.00, -99.89, 99.89, 11.00
10.00, -2983.00, 6481.00, -99.89, 99.89, 11.00
10.00, -3027.00, 6522.00, -99.89, 99.89, 11.00
10.00, -3069.00, 6563.00, -99.89, 99.89, 11.00
10.00, -3110.00, 6606.00, -99.89, 99.89, 11.00
10.00, -3151.00, 6648.00, -99.89, 99.89, 11.00
10.00, -3192.00, 6691.00, -99.89, 99.89, 11.00
10.00, -3234.00, 6733.00, -99.89, 99.89, 11.00
10.00, -3277.00, 6775.00, -99.89, 99.89, 11.00
10.00, -3317.00, 6816.00, -99.89, 99.89, 11.00
10.00, -3358.00, 6858.00, -99.89, 99.89, 11.00
10.00, -3399.00, 6902.00, -99.89, 99.89, 11.00
10.00, -3441.00, 6945.00, -99.89, 99.89, 11.00
10.00, -3484.00, 6987.00, -99.89, 99.89, 11.00
10.00, -3526.00, 7030.00, -99.89, 99.89, 11.00
10.00, -3569.00, 7072.00, -99.89, 99.89, 11.00
10.00, -3612.00, 7114.00, -99.89, 99.89, 11.00
10.00, -3651.00, 7157.00, -99.89, 99.89, 11.00
10.00, -3691.00, 7202.00, -99.89, 99.89, 11.00
10.00, -3734.00, 7244.00, -99.89, 99.89, 11.00
10.00, -3777.00, 7286.00, -99.89, 99.89, 11.00
10.00, -3820.00, 7324.00, -99.89, 99.89, 11.00
10.00, -3863.00, 7366.00, -99.89, 99.89, 11.00
10.00, -3904.00, 7409.00, -99.89, 100.00, 11.00
10.00, -3945.00, 7450.00, -99.89, 100.00, 11.00
10.00, -3988.00, 7493.00, -99.89, 100.00, 11.00
10.00, -4034.00, 7534.00, -99.89, 99.89, 11.00
10.00, -4075.00, 7573.00, -99.89, 99.89, 11.00
10.00, -4119.00, 7615.00, -99.89, 99.89, 11.00
10.00, -4161.00, 7658.00, -99.89, 99.89, 11.00
10.00, -4203.00, 7699.00, -99.89, 99.89, 11.00
10.00, -4246.00, 7742.00, -99.89, 99.89, 11.00
10.00, -4290.00, 7785.00, -99.89, 99.89, 11.00
10.00, -4334.00, 7823.00, -99.89, 99.89, 11.00
10.00, -4376.00, 7865.00, -99.89, 99.89, 11.00
10.00, -4418.00, 7908.00, -99.89, 99.89, 11.00
10.00, -4460.00, 7949.00, -99.89, 99.89, 11.00
10.00, -4502.00, 7992.00, -99.89, 99.89, 11.00
10.00, -4545.00, 8035.00, -99.89, 99.89, 11.00
10.00, -4588.00, 8077.00, -99.89, 99.89, 11.00
10.00, -4630.00, 8119.00, -99.89, 99.89, 11.00
10.00, -4671.00, 8162.00, -99.89, 99.89, 11.00
10.00, -4714.00, 8206.00, -99.89, 99.89, 11.00
10.00, -4756.00, 8250.00, -99.89, 99.89, 11.00
10.00, -4799.00, 8292.00, -99.89, 99.89, 11.00
10.00, -4843.00, 8333.00, -99.89, 99.89, 11.00
10.00, -4885.00, 8375.00, -99.89, 99.89, 11.00
10.00, -4928.00, 8416.00, -99.89, 100.00, 11.00
10.00, -4970.00, 8459.00, -99.89, 100.00, 11.00
10.00, -5013.00, 8502.00, -99.89, 100.00, 11.00
10.00, -5057.00, 8544.00, -99.89, 100.00, 11.00
10.00, -5100.00, 8586.00, -99.89, 99.89, 11.00
10.00, -5143.00, 8628.00, -99.89, 99.89, 11.00
10.00, -5185.00, 8669.00, -99.89, 99.89, 11.00
10.00, -5227.00, 8710.00, -99.89, 99.89, 11.00
10.00, -5269.00, 8752.00, -99.89, 99.89, 11.00
10.00, -5314.00, 8794.00, -99.89, 99.89, 11.00
10.00, -5357.00, 8834.00, -99.89, 99.89, 11.00
10.00, -5399.00, 8875.00, -99.89, 99.89, 11.00
10.00, -5442.00, 8916.00, -99.89, 99.89, 11.00
10.00, -5483.00, 8960.00, -99.89, 99.89, 11.00
10.00, -5526.00, 9004.00, -99.89, 99.89, 11.00
10.00, -5569.00, 9046.00, -99.89, 99.89, 11.00
10.00, -5610.00, 9087.00, -99.89, 99.89, 11.00
10.00, -5651.00, 9129.00, -99.89, 99.89, 11.00
10.00, -5691.00, 9172.00, -99.89, 99.89, 11.00
10.00, -5733.00, 9214.00, -99.89, 99.89, 11.00
10.00, -5773.00, 9258.00, -99.89, 99.89, 11.00
10.00, -5816.00, 9301.00, -99.89, 99.89, 11.00
10.00, -5859.00, 9344.00, -99.89, 99.89, 11.00
10.00, -5900.00, 9386.00, -99.89, 99.89, 11.00
10.00, -5940.00, 9429.00, -99.89, 100.00, 11.00
10.00, -5981.00, 9474.00, -99.89, 100.00, 11.00
10.00, -6023.00, 9519.00, -99.89, 100.00, 11.00
10.00, -6065.00, 9562.00, -99.89, 100.00, 11.00
10.00, -6109.00, 9603.00, -99.89, 99.89, 11.00
10.00, -6151.00, 9644.00, -99.89, 99.89, 11.00
10.00, -6193.00, 9685.00, -99.89, 99.89, 11.00
10.00, -6235.00, 9730.00, -99.89, 99.89, 11.00
10.00, -6277.00, 9776.00, -99.89, 99.89, 11.00
10.00, -6321.00, 9817.00, -99.89, 99.89, 11.00
10.00, -6364.00, 9857.00, -99.89, 99.89, 11.00
10.00, -6407.00, 9898.00, -99.89, 99.89, 11.00
10.00, -6449.00, 9940.00, -99.89, 99.89, 11.00
10.00, -6492.00, 9982.00, -99.89, 99.89, 11.00
10.00, -6534.00, 10025.00, -99.89, 99.89, 11.00
10.00, -6578.00, 10067.00, -99.89, 99.89, 11.00
10.00, -6621.00, 10106.00, -99.89, 99.89, 11.00
10.00, -6664.00, 10143.00, -99.89, 99.89, 11.00
10.00, -6706.00, 10186.00, -99.89, 99.89, 11.00
10.00, -6750.00, 10229.00, -99.89, 99.89, 11.00
10.00, -6793.00, 10268.00, -99.89, 99.89, 11.00
10.00, -6836.00, 10311.00, -99.89, 99.89, 11.00
10.00, -6878.00, 10353.00, -99.89, 99.89, 11.00
10.00, -6922.00, 10393.00, -99.89, 99.89, 11.00
10.00, -6963.00, 10436.00, -99.89, 99.89, 11.00
10.00, -7005.00, 10477.00, -99.89, 99.89, 11.00
10.00, -7045.00, 10518.00, -99.89, 99.89, 11.00
10.00, -7088.00, 10561.00, -99.89, 99.89, 11.00
10.00, -7131.00, 10603.00, -99.89, 99.89, 11.00
10.00, -7174.00, 10644.00, -99.89, 99.89, 11.00
10.00, -7214.00, 10686.00, -99.89, 99.89, 11.00
10.00, -7256.00, 10729.00, -99.89, 99.89, 11.00
10.00, -7298.00, 10771.00, -99.89, 99.89, 11.00
10.00, -7340.00, 10812.00, -99.89, 99.89, 11.00
10.00, -7383.00, 10855.00, -99.89, 99.89, 11.00
10.00, -7426.00, 10897.00, -99.89, 99.89, 11.00
10.00, -7468.00, 10939.00, -99.89, 99.89, 11.00
10.00, -7509.00, 10983.00, -99.89, 99.89, 11.00
10.00, -7550.00, 11026.00, -99.89, 99.89, 11.00
10.00, -7593.00, 11067.00, -99.89, 99.89, 11.00
10.00, -7636.00, 11109.00, -99.89, 99.89, 11.00
10.00, -7681.00, 11150.00, -99.89, 99.89, 11.00
10.00, -7722.00, 11192.00, -99.89, 99.89, 11.00
10.00, -7764.00, 11234.00, -99.89, 99.89, 11.00
10.00, -7807.00, 11274.00, -99.89, 99.89, 11.00
10.00, -7848.00, 11317.00, -99.89, 99.89, 11.00
10.00, -7891.00, 11361.00, -99.89, 99.89, 11.00
10.00, -7934.00, 11398.00, -99.89, 99.89, 11.00
10.00, -7976.00, 11440.00, -99.89, 99.89, 11.00
10.00, -8017.00, 11484.00, -99.89, 99.89, 11.00
10.00, -8060.00, 11525.00, -99.89, 100.00, 11.00
10.00, -8103.00, 11568.00, -99.89, 100.00, 11.00
10.00, -8146.00, 11610.00, -99.89, 99.89, 11.00
10.00, -8188.00, 11650.00, -99.89, 99.89, 11.00
10.00, -8230.00, 11691.00, -99.89, 99.89, 11.00
10.00, -8273.00, 11735.00, -99.89, 99.89, 11.00
10.00, -8315.00, 11776.00, -99.89, 99.89, 11.00
10.00, -8357.00, 11820.00, -99.89, 99.89, 11.00
10.00, -8400.00, 11864.00, -99.89, 99.89, 11.00
10.00, -8443.00, 11906.00, -99.89, 99.89, 11.00
10.00, -8483.00, 11946.00, -99.89, 99.89, 11.00
10.00, -8524.00, 11990.00, -99.89, 99.89, 11.00
10.00, -8568.00, 12033.00, -99.89, 99.89, 11.00
10.00, -8611.00, 12075.00, -99.89, 99.89, 11.00
10.00, -8654.00, 12118.00, -99.89, 99.89, 11.00
10.00, -8700.00, 12158.00, -99.89, 99.89, 11.00
10.00, -8743.00, 12200.00, -99.89, 99.89, 11.00
10.00, -8785.00, 12242.00, -99.89, 99.89, 11.00
10.00, -8829.00, 12285.00, -99.89, 99.89, 11.00
10.00, -8871.00, 12329.00, -99.89, 99.89, 11.00
10.00, -8915.00, 12372.00, -99.89, 99.89, 11.00
10.00, -8959.00, 12413.00, -99.89, 99.89, 11.00
10.00, -9000.00, 12454.00, -99.89, 99.89, 11.00
10.00, -9044.00, 12496.00, -99.89, 99.89, 11.00
10.00, -9088.00, 12534.00, -99.89, 100.00, 11.00
10.00, -9131.00, 12576.00, -99.89, 100.00, 11.00
10.00, -9176.00, 12618.00, -99.89, 99.89, 11.00
10.00, -9219.00, 12657.00, -99.89, 99.89, 11.00
10.00, -9261.00, 12699.00, -99.89, 99.89, 11.00
10.00, -9302.00, 12742.00, -99.89, 99.89, 11.00
10.00, -9346.00, 12784.00, -99.89, 99.89, 11.00
10.00, -9389.00, 12825.00, -99.89, 99.89, 11.00
10.00, -9430.00, 12869.00, -99.89, 99.89, 11.00
10.00, -9473.00, 12910.00, -99.89, 99.89, 11.00
10.00, -9515.00, 12951.00, -99.89, 99.89, 11.00
10.00, -9555.00, 12994.00, -99.89, 99.89, 11.00
10.00, -9596.00, 13037.00, -99.89, 99.89, 11.00
10.00, -9639.00, 13079.00, -99.89, 99.89, 11.00
10.00, -9681.00, 13124.00, -99.89, 99.89, 11.00
10.00, -9722.00, 13165.00, -99.89, 99.89, 11.00
10.00, -9764.00, 13207.00, -99.89, 99.89, 11.00
10.00, -9803.00, 13252.00, -99.89, 99.89, 11.00
10.00, -9846.00, 13295.00, -99.89, 99.89, 11.00
10.00, -9888.00, 13338.00, -99.89, 99.89, 11.00
10.00, -9930.00, 13381.00, -99.89, 99.89, 11.00
10.00, -9972.00, 13424.00, -99.89, 99.89, 11.00
10.00, -10014.00, 13467.00, -99.89, 99.89, 11.00
10.00, -10055.00, 13510.00, -99.89, 100.00, 11.00
10.00, -10099.00, 13553.00, -99.89, 100.00, 11.00
10.00, -10141.00, 13596.00, -99.89, 100.00, 11.00
10.00, -10184.00, 13639.00, -99.89, 100.00, 11.00
10.00, -10229.00, 13681.00, -99.89, 99.89, 11.00
10.00, -10270.00, 13722.00, -99.89, 99.89, 11.00
10.00, -10312.00, 13765.00, -99.89, 99.89, 11.00
10.00, -10357.00, 13808.00, -99.89, 99.89, 11.00
10.00, -10398.00, 13848.00, -99.89, 99.89, 11.00
10.00, -10441.00, 13891.00, -99.89, 99.89, 11.00
10.00, -10484.00, 13932.00, -99.89, 99.89, 11.00
10.00, -10525.00, 13971.00, -99.89, 99.89, 11.00
10.00, -10567.00, 14013.00, -99.89, 99.89, 11.00
10.00, -10613.00, 14057.00, -99.89, 99.89, 11.00
10.00, -10657.00, 14095.00, -99.89, 99.89, 11.00
10.00, -10699.00, 14138.00, -99.89, 99.89, 11.00
10.00, -10741.00, 14180.00, -99.89, 99.89, 11.00
10.00, -10782.00, 14219.00, -99.89, 99.89, 11.00
10.00, -10823.00, 14265.00, -99.89, 99.89, 11.00
10.00, -10866.00, 14306.00, -99.89, 99.89, 11.00
10.00, -10908.00, 14344.00, -99.89, 99.89, 11.00
10.00, -10950.00, 14389.00, -99.89, 99.89, 11.00
10.00, -10994.00, 14430.00, -99.89, 99.89, 11.00
10.00, -11036.00, 14471.00, -99.89, 99.89, 11.00
10.00, -11077.00, 14515.00, -99.89, 99.89, 11.00
10.00, -11120.00, 14556.00, -99.89, 99.89, 11.00
10.00, -11165.00, 14596.00, -99.89, 99.89, 11.00
10.00, -11207.00, 14637.00, -99.89, 99.89, 11.00
10.00, -11250.00, 14680.00, -99.89, 99.89, 11.00
10.00, -11293.00, 14723.00, -99.89, 99.89, 11.00
10.00, -11333.00, 14764.00, -99.89, 99.89, 11.00
10.00, -11375.00, 14807.00, -99.89, 99.89, 11.00
10.00, -11419.00, 14849.00, -99.89, 99.89, 11.00
10.00, -11462.00, 14891.00, -99.89, 99.89, 11.00
10.00, -11505.00, 14931.00, -99.89, 99.89, 11.00
10.00, -11548.00, 14973.00, -99.89, 99.89, 11.00
10.00, -11590.00, 15015.00, -99.89, 99.89, 11.00
10.00, -11633.00, 15056.00, -99.89, 99.89, 11.00
10.00, -11676.00, 15096.00, -99.89, 99.89, 11.00
10.00, -11718.00, 15137.00, -99.89, 99.89, 11.00
10.00, -11762.00, 15181.00, -99.89, 99.89, 11.00
10.00, -11804.00, 15221.00, -99.89, 99.89, 11.00
10.00, -11844.00, 15263.00, -99.89, 99.89, 11.00
10.00, -11886.00, 15306.00, -99.89, 99.89, 11.00
10.00, -11930.00, 15347.00, -99.89, 99.89, 11.00
10.00, -11970.00, 15388.00, -99.89, 99.89, 11.00
10.00, -12013.00, 15431.00, -99.89, 99.89, 11.00
10.00, -12055.00, 15472.00, -99.89, 99.89, 11.00
10.00, -12094.00, 15514.00, -99.89, 99.89, 11.00
10.00, -12137.00, 15557.00, -99.89, 99.89, 11.00
10.00, -12178.00, 15598.00, -99.89, 100.00, 11.00
10.00, -12221.00, 15642.00, -99.89, 100.00, 11.00
10.00, -12261.00, 15687.00, -99.89, 100.00, 11.00
10.00, -12303.00, 15729.00, -99.89, 99.89, 11.00
10.00, -12346.00, 15771.00, -99.89, 99.89, 11.00
10.00, -12388.00, 15815.00, -99.89, 99.89, 11.00
10.00, -12432.00, 15857.00, -99.89, 99.89, 11.00
10.00, -12474.00, 15898.00, -99.89, 99.89, 11.00
10.00, -12517.00, 15943.00, -99.89, 99.89, 11.00
10.00, -12562.00, 15985.00, -99.89, 99.89, 11.00
10.00, -12603.00, 16025.00, -99.89, 99.89, 11.00
10.00, -12646.00, 16067.00, -99.89, 99.89, 11.00
10.00, -12690.00, 16110.00, -99.89, 99.89, 11.00
10.00, -12735.00, 16152.00, -99.89, 99.89, 11.00
10.00, -12778.00, 16195.00, -99.89, 99.89, 11.00
10.00, -12821.00, 16235.00, -99.89, 99.89, 11.00
10.00, -12864.00, 16276.00, -99.89, 99.89, 11.00
10.00, -12908.00, 16319.00, -99.89, 99.89, 11.00
10.00, -12952.00, 16359.00, -99.89, 99.89, 11.00
10.00, -12996.00, 16398.00, -99.89, 99.89, 11.00
10.00, -13039.00, 16442.00, -99.89, 99.89, 11.00
10.00, -13081.00, 16483.00, -99.89, 99.89, 11.00
10.00, -13124.00, 16523.00, -99.89, 99.89, 11.00
10.00, -13167.00, 16567.00, -99.89, 99.89, 11.00
10.00, -13212.00, 16608.00, -99.89, 99.89, 11.00
10.00, -13254.00, 16649.00, -99.89, 100.00, 11.00
10.00, -13295.00, 16692.00, -99.89, 99.89, 11.00
10.00, -13338.00, 16734.00, -99.89, 99.89, 11.00
10.00, -13378.00, 16775.00, -99.89, 99.89, 11.00
10.00, -13419.00, 16818.00, -99.89, 99.89, 11.00
10.00, -13461.00, 16860.00, -99.89, 99.89, 11.00
10.00, -13504.00, 16902.00, -99.89, 99.89, 11.00
10.00, -13546.00, 16946.00, -99.89, 99.89, 11.00
10.00, -13587.00, 16988.00, -99.89, 99.89, 11.00
10.00, -13628.00, 17031.00, -99.89, 99.89, 11.00
10.00, -13670.00, 17075.00, -99.89, 99.89, 11.00
10.00, -13712.00, 17119.00, -99.89, 99.89, 11.00
10.00, -13755.00, 17161.00, -99.89, 99.89, 11.00
10.00, -13796.00, 17205.00, -99.89, 99.89, 11.00
10.00, -13839.00, 17248.00, -99.89, 99.89, 11.00
10.00, -13878.00, 17289.00, -99.89, 99.89, 11.00
10.00, -13920.00, 17331.00, -99.89, 99.89, 11.00
10.00, -13965.00, 17375.00, -99.89, 99.89, 11.00
10.00, -14009.00, 17418.00, -99.89, 99.89, 11.00
10.00, -14050.00, 17459.00, -99.89, 99.89, 11.00
10.00, -14092.00, 17501.00, -99.89, 99.89, 11.00
10.00, -14133.00, 17545.00, -99.89, 99.89, 11.00
10.00, -14175.00, 17588.00, -99.89, 99.89, 11.00
10.00, -14219.00, 17630.00, -99.89, 100.00, 11.00
10.00, -14261.00, 17669.00, -99.89, 100.00, 11.00
10.00, -14304.00, 17712.00, -99.89, 100.00, 11.00
10.00, -14346.00, 17756.00, -99.89, 99.89, 11.00
10.00, -14389.00, 17797.00, -99.89, 99.89, 11.00
10.00, -14431.00, 17840.00, -99.89, 99.89, 11.00
10.00, -14475.00, 17881.00, -99.89, 99.89, 11.00
10.00, -14518.00, 17922.00, -99.89, 99.89, 11.00
10.00, -14559.00, 17964.00, -99.89, 99.89, 11.00
10.00, -14601.00, 18007.00, -99.89, 99.89, 11.00
10.00, -14641.00, 18051.00, -99.89, 99.89, 11.00
10.00, -14682.00, 18094.00, -99.89, 99.89, 11.00
10.00, -14725.00, 18134.00, -99.89, 99.89, 11.00
10.00, -14769.00, 18175.00, -99.89, 99.89, 11.00
10.00, -14811.00, 18219.00, -99.89, 99.89, 11.00
10.00, -14854.00, 18260.00, -99.89, 99.89, 11.00
10.00, -14895.00, 18302.00, -99.89, 99.89, 11.00
10.00, -14937.00, 18346.00, -99.89, 99.89, 11.00
10.00, -14981.00, 18387.00, -99.89, 99.89, 11.00
10.00, -15025.00, 18428.00, -99.89, 99.89, 11.00
10.00, -15067.00, 18470.00, -99.89, 99.89, 11.00
10.00, -15110.00, 18514.00, -99.89, 99.89, 11.00
10.00, -15153.00, 18556.00, -99.89, 99.89, 11.00
10.00, -15194.00, 18599.00, -99.89, 99.89, 11.00
10.00, -15236.00, 18640.00, -99.89, 99.89, 11.00
10.00, -15282.00, 18681.00, -99.89, 100.00, 11.00
10.00, -15326.00, 18721.00, -99.89, 99.89, 11.00
10.00, -15369.00, 18763.00, -99.89, 99.89, 11.00
10.00, -15410.00, 18805.00, -99.89, 99.89, 11.00
10.00, -15454.00, 18846.00, -99.89, 99.89, 11.00
10.00, -15496.00, 18886.00, -99.89, 99.89, 11.00
10.00, -15539.00, 18927.00, -99.89, 99.89, 11.00
10.00, -15583.00, 18968.00, -99.89, 99.89, 11.00
10.00, -15624.00, 19010.00, -99.89, 99.89, 11.00
10.00, -15665.00, 19051.00, -99.89, 99.89, 11.00
10.00, -15707.00, 19094.00, -99.89, 99.89, 11.00
10.00, -15751.00, 19135.00, -99.89, 99.89, 11.00
10.00, -15793.00, 19177.00, -99.89, 99.89, 11.00
10.00, -15836.00, 19218.00, -99.89, 99.89, 11.00
10.00, -15878.00, 19261.00, -99.89, 99.89, 11.00
10.00, -15918.00, 19303.00, -99.89, 99.89, 11.00
10.00, -15958.00, 19346.00, -99.89, 99.89, 11.00
10.00, -15999.00, 19388.00, -99.89, 99.89, 11.00
10.00, -16041.00, 19430.00, -99.89, 99.89, 11.00
10.00, -16084.00, 19472.00, -99.89, 99.89, 11.00
10.00, -16124.00, 19518.00, -99.89, 99.89, 11.00
10.00, -16166.00, 19560.00, -99.89, 99.89, 11.00
10.00, -16206.00, 19602.00, -99.89, 99.89, 11.00
10.00, -16249.00, 19646.00, -99.89, 100.00, 11.00
10.00, -16295.00, 19688.00, -99.89, 100.00, 11.00
10.00, -16338.00, 19730.00, -99.89, 100.00, 11.00
10.00, -16378.00, 19773.00, -99.89, 100.00, 11.00
10.00, -16421.00, 19816.00, -99.89, 99.89, 11.00
10.00, -16464.00, 19858.00, -99.89, 99.89, 11.00
10.00, -16507.00, 19900.00, -99.89, 99.89, 11.00
10.00, -16552.00, 19943.00, -99.89, 99.89, 11.00
10.00, -16597.00, 19986.00, -99.89, 99.89, 11.00
10.00, -16639.00, 20028.00, -99.89, 99.89, 11.00
10.00, -16680.00, 20070.00, -99.89, 99.89, 11.00
10.00, -16723.00, 20111.00, -99.89, 99.89, 11.00
10.00, -16767.00, 20150.00, -99.89, 99.89, 11.00
10.00, -16813.00, 20190.00, -99.89, 99.89, 11.00
10.00, -16858.00, 20232.00, -99.89, 99.89, 11.00
10.00, -16900.00, 20273.00, -99.89, 99.89, 11.00
10.00, -16942.00, 20314.00, -99.89, 99.89, 11.00
10.00, -16986.00, 20356.00, -99.89, 99.89, 11.00
10.00, -17029.00, 20399.00, -99.89, 99.89, 11.00
10.00, -17073.00, 20440.00, -99.89, 99.89, 11.00
10.00, -17115.00, 20480.00, -99.89, 99.89, 11.00
10.00, -17157.00, 20524.00, -99.89, 99.89, 11.00
10.00, -17198.00, 20568.00, -99.89, 99.89, 11.00
10.00, -17240.00, 20611.00, -99.89, 99.89, 11.00
10.00, -17282.00, 20652.00, -99.89, 99.89, 11.00
10.00, -17324.00, 20694.00, -99.89, 100.00, 11.00
10.00, -17368.00, 20735.00, -99.89, 100.00, 11.00
10.00, -17410.00, 20777.00, -99.89, 100.00, 11.00
10.00, -17451.00, 20821.00, -99.89, 99.89, 11.00
10.00, -17492.00, 20864.00, -99.89, 99.89, 11.00
10.00, -17534.00, 20908.00, -99.89, 99.89, 11.00
10.00, -17577.00, 20951.00, -99.89, 99.89, 11.00
10.00, -17619.00, 20992.00, -99.89, 99.89, 11.00
10.00, -17662.00, 21036.00, -99.89, 99.89, 11.00
10.00, -17704.00, 21078.00, -99.89, 99.89, 11.00
10.00, -17746.00, 21120.00, -99.89, 99.89, 11.00
10.00, -17789.00, 21163.00, -99.89, 99.89, 11.00
10.00, -17834.00, 21206.00, -99.89, 99.89, 11.00
10.00, -17877.00, 21249.00, -99.89, 99.89, 11.00
10.00, -17917.00, 21292.00, -99.89, 99.89, 11.00
10.00, -17959.00, 21333.00, -99.89, 99.89, 11.00
10.00, -18000.00, 21375.00, -99.89, 99.89, 11.00
10.00, -18042.00, 21418.00, -99.89, 99.89, 11.00
10.00, -18086.00, 21459.00, -99.89, 99.89, 11.00
10.00, -18128.00, 21500.00, -99.89, 99.89, 11.00
10.00, -18169.00, 21541.00, -99.89, 99.89, 11.00
10.00, -18211.00, 21582.00, -99.89, 99.89, 11.00
10.00, -18254.00, 21625.00, -99.89, 99.89, 11.00
10.00, -18297.00, 21669.00, -99.89, 99.89, 11.00
10.00, -18340.00, 21710.00, -99.89, 99.89, 11.00
10.00, -18381.00, 21750.00, -99.89, 100.00, 11.00
10.00, -18424.00, 21794.00, -99.89, 99.89, 11.00
10.00, -18463.00, 21839.00, -99.89, 99.89, 11.00
10.00, -18504.00, 21884.00, -99.89, 99.89, 11.00
10.00, -18547.00, 21926.00, -99.89, 99.89, 11.00
10.00, -18588.00, 21966.00, -99.89, 99.89, 11.00
10.00, -18632.00, 22008.00, -99.89, 99.89, 11.00
10.00, -18675.00, 22052.00, -99.89, 99.89, 11.00
10.00, -18716.00, 22095.00, -99.89, 99.89, 11.00
10.00, -18757.00, 22138.00, -99.89, 99.89, 11.00
10.00, -18801.00, 22181.00, -99.89, 99.89, 11.00
10.00, -18845.00, 22221.00, -99.89, 99.89, 11.00
10.00, -18890.00, 22262.00, -99.89, 99.89, 11.00
10.00, -18932.00, 22305.00, -99.89, 99.89, 11.00
