12008.00, 2925.00, 228.00, 100.00, 100.00, 12.00
9.00, 2928.00, 231.00, 100.00, -100.00, 12.00
10.00, 2939.00, 232.00, 100.00, -100.00, 12.00
10.00, 2957.00, 228.00, 100.00, -100.00, 12.00
10.00, 2978.00, 215.00, 100.00, -100.00, 12.00
10.00, 3007.00, 194.00, 100.00, -100.00, 12.00
10.00, 3036.00, 170.00, 100.00, -100.00, 12.00
10.00, 3066.00, 143.00, 100.00, -100.00, 12.00
10.00, 3099.00, 113.00, 100.00, -100.00, 12.00
10.00, 3134.00, 80.00, 100.00, -100.00, 12.00
10.00, 3168.00, 45.00, 100.00, -100.00, 12.00
10.00, 3203.00, 9.00, 100.00, -100.00, 12.00
10.00, 3240.00, -25.00, 100.00, -100.00, 12.00
10.00, 3278.00, -61.00, 100.00, -100.00, 12.00
10.00, 3316.00, -98.00, 100.00, -100.00, 12.00
10.00, 3354.00, -135.00, 100.00, -100.00, 12.00
10.00, 3393.00, -172.00, 100.00, -100.00, 12.00
11.00, 3432.00, -212.00, 100.00, -100.00, 12.00
10.00, 3469.00, -252.00, 100.00, -99.89, 12.00
10.00, 3510.00, -289.00, 100.00, -99.89, 12.00
10.00, 3550.00, -325.00, 100.00, -99.89, 12.00
10.00, 3590.00, -363.00, 100.00, -99.89, 12.00
10.00, 3630.00, -402.00, 100.00, -99.89, 12.00
10.00, 3672.00, -443.00, 100.00, -99.89, 12.00
10.00, 3711.00, -486.00, 100.00, -99.89, 12.00
10.00, 3750.00, -524.00, 100.00, -99.89, 12.00
10.00, 3789.00, -562.00, 100.00, -99.89, 12.00
10.00, 3832.00, -602.00, 100.00, -99.89, 12.00
10.00, 3873.00, -643.00, 100.00, -99.89, 12.00
10.00, 3914.00, -684.00, 100.00, -99.89, 12.00
10.00, 3953.00, -724.00, 100.00, -99.89, 12.00
10.00, 3991.00, -765.00, 100.00, -99.89, 12.00
10.00, 4032.00, -805.00, 100.00, -99.89, 12.00
10.00, 4074.00, -844.00, 100.00, -99.89, 12.00
10.00, 4115.00, -885.00, 100.00, -99.89, 12.00
10.00, 4155.00, -927.00, 99.89, -99.89, 12.00
10.00, 4197.00, -969.00, 99.89, -99.77, 12.00
10.00, 4234.00, -1009.00, 99.89, -98.98, 12.00
10.00, 4273.00, -1049.00, 99.89, -95.71, 12.00
10.00, 4313.00, -1088.00, 99.66, -80.68, 12.00
10.00, 4354.00, -1128.00, 96.05, -23.50, 12.00
10.00, 4393.00, -1163.00, 58.87, 58.53, 12.00
10.00, 4430.00, -1194.00, -53.22, 91.86, 12.00
10.00, 4459.00, -1209.00, -95.14, 98.42, 12.00
10.00, 4479.00, -1216.00, -99.44, 99.55, 12.00
10.00, 4487.00, -1211.00, -99.89, 99.77, 12.00
10.00, 4487.00, -1198.00, -99.89, 99.89, 12.00
10.00, 4477.00, -1180.00, -99.89, 99.89, 12.00
10.00, 4461.00, -1156.00, -99.89, 99.77, 12.00
10.00, 4439.00, -1128.00, -99.89, 99.77, 12.00
10.00, 4414.00, -1098.00, -99.89, 99.55, 12.00
10.00, 4386.00, -1066.00, -99.89, 98.87, 12.00
10.00, 4356.00, -1033.00, -99.89, 96.95, 12.00
10.00, 4325.00, -998.00, -99.89, 89.94, 12.00
10.00, 4292.00, -959.00, -99.89, 65.08, 12.00
10.00, 4255.00, -924.00, -99.89, -4.52, 12.00
10.00, 4219.00, -895.00, -99.89, -70.51, 12.00
10.00, 4179.00, -872.00, -99.89, -92.88, 12.00
10.00, 4142.00, -859.00, -99.77, -98.08, 12.00
10.00, 4105.00, -858.00, -99.44, -99.32, 12.00
10.00, 4067.00, -868.00, -97.97, -99.55, 12.00
10.00, 4026.00, -885.00, -90.73, -99.66, 12.00
10.00, 3986.00, -907.00, -54.24, -99.55, 12.00
10.00, 3949.00, -932.00, 32.20, -99.32, 12.00
10.00, 3915.00, -957.00, 85.65, -98.87, 12.00
10.00, 3891.00, -988.00, 97.51, -97.74, 12.00
10.00, 3884.00, -1022.00, 99.44, -93.79, 12.00
10.00, 3880.00, -1055.00, 99.77, -79.89, 12.00
10.00, 3891.00, -1086.00, 99.89, -36.16, 12.00
10.00, 3904.00, -1118.00, 99.89, 29.94, 12.00
10.00, 3925.00, -1145.00, 99.89, 76.84, 12.00
10.00, 3951.00, -1161.00, 99.89, 94.12, 12.00
10.00, 3978.00, -1165.00, 99.77, 97.97, 12.00
10.00, 4011.00, -1161.00, 99.66, 98.98, 12.00
10.00, 4043.00, -1147.00, 99.32, 99.21, 12.00
10.00, 4077.00, -1130.00, 98.08, 99.21, 12.00
10.00, 4110.00, -1105.00, 93.22, 98.87, 12.00
10.00, 4144.00, -1077.00, 75.71, 97.97, 12.00
10.00, 4179.00, -1050.00, 26.44, 95.25, 12.00
10.00, 4209.00, -1020.00, -49.94, 88.36, 12.00
10.00, 4234.00, -985.00, -86.33, 68.59, 12.00
10.00, 4250.00, -953.00, -96.38, 16.27, 12.00
10.00, 4257.00, -922.00, -98.76, -51.86, 12.00
10.00, 4251.00, -898.00, -99.32, -85.99, 12.00
10.00, 4236.00, -885.00, -99.55, -96.05, 12.00
10.00, 4217.00, -884.00, -99.55, -98.42, 12.00
10.00, 4194.00, -891.00, -99.32, -98.98, 12.00
10.00, 4168.00, -905.00, -98.87, -99.10, 12.00
10.00, 4140.00, -927.00, -97.63, -98.98, 12.00
10.00, 4111.00, -950.00, -94.58, -98.31, 12.00
10.00, 4078.00, -974.00, -86.55, -96.84, 12.00
10.00, 4044.00, -1002.00, -66.44, -93.45, 12.00
10.00, 4011.00, -1034.00, -25.76, -84.97, 12.00
10.00, 3980.00, -1066.00, 25.54, -62.82, 12.00
10.00, 3955.00, -1096.00, 62.37, -19.32, 12.00
10.00, 3935.00, -1126.00, 78.64, 25.88, 12.00
10.00, 3933.00, -1146.00, 85.88, 60.56, 12.00
10.00, 3933.00, -1160.00, 87.23, 76.50, 12.00
10.00, 3944.00, -1168.00, 86.67, 82.71, 12.00
10.00, 3959.00, -1160.00, 85.42, 86.67, 12.00
10.00, 3983.00, -1149.00, 81.58, 83.95, 12.00
10.00, 4002.00, -1133.00, 78.31, 81.24, 12.00
10.00, 4029.00, -1111.00, 76.05, 78.64, 12.00
10.00, 4055.00, -1092.00, 75.14, 74.12, 12.00
10.00, 4082.00, -1064.00, 75.59, 71.07, 12.00
10.00, 4109.00, -1040.00, 76.95, 69.60, 12.00
10.00, 4136.00, -1016.00, 80.11, 69.83, 12.00
10.00, 4166.00, -988.00, 83.16, 71.53, 12.00
10.00, 4195.00, -962.00, 86.89, 74.80, 12.00
10.00, 4225.00, -934.00, 89.72, 78.42, 12.00
10.00, 4257.00, -905.00, 92.20, 82.37, 12.00
10.00, 4288.00, -876.00, 94.35, 86.21, 12.00
10.00, 4322.00, -845.00, 95.82, 89.38, 12.00
10.00, 4354.00, -812.00, 96.95, 92.09, 12.00
10.00, 4389.00, -777.00, 97.74, 94.12, 12.00
10.00, 4427.00, -744.00, 98.31, 95.82, 12.00
10.00, 4460.00, -707.00, 98.87, 97.06, 12.00
10.00, 4494.00, -671.00, 99.21, 97.97, 12.00
10.00, 4529.00, -638.00, 99.32, 98.53, 12.00
10.00, 4566.00, -600.00, 99.55, 98.98, 12.00
10.00, 4602.00, -562.00, 99.66, 99.32, 12.00
10.00, 4640.00, -521.00, 99.77, 99.55, 12.00
10.00, 4680.00, -482.00, 99.89, 99.66, 12.00
10.00, 4718.00, -443.00, 99.89, 99.77, 12.00
10.00, 4753.00, -403.00, 99.89, 99.89, 12.00
10.00, 4790.00, -364.00, 99.89, 99.89, 12.00
10.00, 4830.00, -326.00, 99.89, 99.89, 12.00
10.00, 4869.00, -286.00, 99.89, 99.89, 12.00
10.00, 4909.00, -245.00, 99.89, 99.89, 12.00
10.00, 4949.00, -202.00, 99.89, 99.89, 12.00
10.00, 4987.00, -164.00, 99.89, 99.89, 12.00
10.00, 5027.00, -126.00, 99.89, 99.89, 12.00
10.00, 5067.00, -85.00, 99.89, 99.89, 12.00
10.00, 5106.00, -45.00, 99.89, 99.89, 12.00
10.00, 5147.00, -5.00, 99.89, 99.89, 12.00
10.00, 5189.00, 41.00, 100.00, 99.89, 12.00
10.00, 5228.00, 85.00, 100.00, 99.89, 12.00
10.00, 5267.00, 126.00, 100.00, 100.00, 12.00
10.00, 5307.00, 164.00, 100.00, 100.00, 12.00
10.00, 5347.00, 206.00, 100.00, 100.00, 12.00
10.00, 5386.00, 247.00, 100.00, 100.00, 12.00
10.00, 5430.00, 291.00, 100.00, 100.00, 12.00
10.00, 5471.00, 337.00, 100.00, 100.00, 12.00
10.00, 5508.00, 377.00, 100.00, 100.00, 12.00
10.00, 5548.00, 418.00, 100.00, 100.00, 12.00
10.00, 5589.00, 462.00, 100.00, 100.00, 12.00
10.00, 5628.00, 503.00, 100.00, 100.00, 12.00
10.00, 5668.00, 547.00, 100.00, 100.00, 12.00
10.00, 5709.00, 593.00, 100.00, 100.00, 12.00
10.00, 5747.00, 635.00, 99.89, 100.00, 12.00
10.00, 5788.00, 677.00, 99.89, 99.89, 12.00
10.00, 5828.00, 720.00, 99.89, 99.89, 12.00
10.00, 5867.00, 762.00, 99.89, 99.89, 12.00
10.00, 5907.00, 806.00, 99.89, 99.89, 12.00
10.00, 5948.00, 850.00, 99.89, 99.89, 12.00
10.00, 5988.00, 891.00, 99.89, 100.00, 12.00
10.00, 6026.00, 934.00, 100.00, 100.00, 12.00
10.00, 6066.00, 976.00, 100.00, 100.00, 12.00
10.00, 6106.00, 1018.00, 100.00, 100.00, 12.00
10.00, 6145.00, 1061.00, 100.00, 100.00, 12.00
10.00, 6186.00, 1105.00, 100.00, 100.00, 12.00
10.00, 6226.00, 1146.00, 100.00, 100.00, 12.00
10.00, 6266.00, 1187.00, 100.00, 100.00, 12.00
10.00, 6305.00, 1227.00, 100.00, 100.00, 12.00
10.00, 6343.00, 1267.00, 100.00, 100.00, 12.00
10.00, 6383.00, 1311.00, 100.00, 100.00, 12.00
10.00, 6425.00, 1358.00, 100.00, 100.00, 12.00
10.00, 6464.00, 1401.00, 100.00, 100.00, 12.00
10.00, 6504.00, 1442.00, 100.00, 100.00, 12.00
10.00, 6544.00, 1482.00, 100.00, 100.00, 12.00
10.00, 6582.00, 1525.00, 100.00, 100.00, 12.00
10.00, 6621.00, 1569.00, 100.00, 100.00, 12.00
10.00, 6660.00, 1613.00, 100.00, 100.00, 12.00
10.00, 6701.00, 1656.00, 100.00, 100.00, 12.00
10.00, 6742.00, 1698.00, 100.00, 100.00, 12.00
10.00, 6781.00, 1738.00, 100.00, 99.89, 12.00
10.00, 6818.00, 1781.00, 99.89, 99.89, 12.00
10.00, 6860.00, 1825.00, 99.89, 99.89, 12.00
10.00, 6899.00, 1868.00, 99.89, 99.89, 12.00
10.00, 6938.00, 1909.00, 99.89, 99.89, 12.00
10.00, 6980.00, 1951.00, 99.89, 99.89, 12.00
10.00, 7019.00, 1994.00, 99.89, 99.89, 12.00
10.00, 7056.00, 2036.00, 99.89, 99.89, 12.00
10.00, 7097.00, 2077.00, 99.89, 100.00, 12.00
10.00, 7137.00, 2121.00, 100.00, 100.00, 12.00
10.00, 7176.00, 2163.00, 100.00, 100.00, 12.00
10.00, 7217.00, 2203.00, 100.00, 100.00, 12.00
10.00, 7259.00, 2246.00, 100.00, 100.00, 12.00
10.00, 7297.00, 2287.00, 100.00, 100.00, 12.00
10.00, 7337.00, 2327.00, 100.00, 100.00, 12.00
10.00, 7379.00, 2368.00, 100.00, 100.00, 12.00
10.00, 7419.00, 2409.00, 100.00, 100.00, 12.00
10.00, 7459.00, 2450.00, 100.00, 100.00, 12.00
10.00, 7500.00, 2493.00, 100.00, 100.00, 12.00
10.00, 7540.00, 2533.00, 100.00, 100.00, 12.00
10.00, 7580.00, 2576.00, 100.00, 99.89, 12.00
10.00, 7622.00, 2618.00, 100.00, 99.89, 12.00
10.00, 7662.00, 2660.00, 100.00, 99.89, 12.00
10.00, 7702.00, 2701.00, 100.00, 99.89, 12.00
10.00, 7745.00, 2743.00, 99.89, 99.89, 12.00
10.00, 7785.00, 2786.00, 99.89, 99.89, 12.00
10.00, 7825.00, 2828.00, 99.89, 99.89, 12.00
10.00, 7866.00, 2871.00, 99.89, 99.89, 12.00
10.00, 7907.00, 2914.00, 99.89, 99.89, 12.00
10.00, 7946.00, 2957.00, 99.89, 99.89, 12.00
10.00, 7988.00, 3001.00, 99.89, 99.89, 12.00
10.00, 8029.00, 3043.00, 99.89, 99.89, 12.00
10.00, 8068.00, 3085.00, 99.89, 99.89, 12.00
10.00, 8110.00, 3132.00, 99.89, 100.00, 12.00
10.00, 8150.00, 3173.00, 99.89, 100.00, 12.00
10.00, 8189.00, 3213.00, 100.00, 100.00, 12.00
10.00, 8228.00, 3258.00, 100.00, 100.00, 12.00
10.00, 8268.00, 3301.00, 100.00, 100.00, 12.00
10.00, 8308.00, 3341.00, 100.00, 100.00, 12.00
10.00, 8349.00, 3386.00, 100.00, 100.00, 12.00
10.00, 8388.00, 3429.00, 100.00, 100.00, 12.00
10.00, 8426.00, 3469.00, 100.00, 100.00, 12.00
10.00, 8466.00, 3512.00, 100.00, 100.00, 12.00
10.00, 8508.00, 3555.00, 100.00, 100.00, 12.00
10.00, 8546.00, 3595.00, 100.00, 100.00, 12.00
10.00, 8586.00, 3638.00, 100.00, 99.89, 12.00
10.00, 8624.00, 3681.00, 100.00, 99.89, 12.00
10.00, 8663.00, 3719.00, 100.00, 99.89, 12.00
10.00, 8702.00, 3758.00, 100.00, 99.89, 12.00
10.00, 8745.00, 3800.00, 99.89, 99.89, 12.00
10.00, 8785.00, 3842.00, 99.89, 99.89, 12.00
10.00, 8825.00, 3886.00, 99.89, 99.89, 12.00
10.00, 8864.00, 3930.00, 99.89, 99.89, 12.00
10.00, 8905.00, 3969.00, 99.89, 99.89, 12.00
10.00, 8945.00, 4011.00, 99.89, 99.89, 12.00
10.00, 8985.00, 4053.00, 99.89, 99.89, 12.00
10.00, 9026.00, 4096.00, 99.89, 99.89, 12.00
10.00, 9066.00, 4140.00, 99.89, 100.00, 12.00
10.00, 9106.00, 4184.00, 99.89, 100.00, 12.00
10.00, 9145.00, 4224.00, 99.89, 100.00, 12.00
10.00, 9185.00, 4266.00, 99.89, 100.00, 12.00
10.00, 9226.00, 4309.00, 100.00, 100.00, 12.00
10.00, 9267.00, 4352.00, 100.00, 100.00, 12.00
10.00, 9310.00, 4397.00, 100.00, 100.00, 12.00
10.00, 9349.00, 4441.00, 100.00, 100.00, 12.00
10.00, 9388.00, 4482.00, 100.00, 100.00, 12.00
10.00, 9429.00, 4524.00, 100.00, 100.00, 12.00
10.00, 9467.00, 4567.00, 100.00, 100.00, 12.00
10.00, 9508.00, 4609.00, 100.00, 100.00, 12.00
10.00, 9550.00, 4653.00, 100.00, 100.00, 12.00
10.00, 9589.00, 4696.00, 100.00, 99.89, 12.00
10.00, 9627.00, 4738.00, 100.00, 99.89, 12.00
10.00, 9669.00, 4779.00, 100.00, 99.89, 12.00
10.00, 9709.00, 4821.00, 100.00, 99.89, 12.00
10.00, 9748.00, 4864.00, 100.00, 99.89, 12.00
10.00, 9790.00, 4908.00, 99.89, 99.89, 12.00
10.00, 9831.00, 4949.00, 99.89, 99.89, 12.00
10.00, 9870.00, 4990.00, 99.89, 99.89, 12.00
10.00, 9911.00, 5031.00, 99.89, 99.89, 12.00
10.00, 9950.00, 5072.00, 99.89, 99.89, 12.00
10.00, 9989.00, 5114.00, 99.89, 99.89, 12.00
10.00, 10030.00, 5158.00, 99.89, 100.00, 12.00
10.00, 10070.00, 5203.00, 99.89, 100.00, 12.00
10.00, 10109.00, 5242.00, 99.89, 100.00, 12.00
10.00, 10149.00, 5284.00, 99.89, 100.00, 12.00
10.00, 10189.00, 5328.00, 99.89, 100.00, 12.00
10.00, 10230.00, 5369.00, 100.00, 100.00, 12.00
10.00, 10270.00, 5415.00, 100.00, 100.00, 12.00
10.00, 10313.00, 5462.00, 100.00, 100.00, 12.00
10.00, 10351.00, 5503.00, 100.00, 100.00, 12.00
10.00, 10390.00, 5543.00, 100.00, 100.00, 12.00
10.00, 10429.00, 5585.00, 100.00, 100.00, 12.00
10.00, 10468.00, 5628.00, 100.00, 100.00, 12.00
10.00, 10509.00, 5673.00, 100.00, 100.00, 12.00
10.00, 10551.00, 5716.00, 100.00, 99.89, 12.00
10.00, 10591.00, 5758.00, 100.00, 99.89, 12.00
10.00, 10630.00, 5801.00, 100.00, 99.89, 12.00
10.00, 10668.00, 5842.00, 100.00, 99.89, 12.00
10.00, 10707.00, 5883.00, 100.00, 99.89, 12.00
10.00, 10746.00, 5928.00, 100.00, 99.89, 12.00
10.00, 10786.00, 5971.00, 99.89, 99.89, 12.00
10.00, 10827.00, 6011.00, 99.89, 99.89, 12.00
10.00, 10864.00, 6053.00, 99.89, 99.89, 12.00
10.00, 10904.00, 6093.00, 99.89, 99.89, 12.00
10.00, 10944.00, 6134.00, 99.89, 99.89, 12.00
10.00, 10984.00, 6174.00, 99.89, 100.00, 12.00
10.00, 11024.00, 6216.00, 99.89, 100.00, 12.00
10.00, 11065.00, 6259.00, 99.89, 100.00, 12.00
10.00, 11104.00, 6299.00, 99.89, 100.00, 12.00
10.00, 11144.00, 6339.00, 99.89, 100.00, 12.00
10.00, 11184.00, 6380.00, 99.89, 100.00, 12.00
10.00, 11223.00, 6420.00, 99.89, 100.00, 12.00
10.00, 11264.00, 6463.00, 100.00, 100.00, 12.00
10.00, 11305.00, 6506.00, 100.00, 100.00, 12.00
10.00, 11347.00, 6546.00, 100.00, 100.00, 12.00
10.00, 11387.00, 6587.00, 100.00, 100.00, 12.00
10.00, 11426.00, 6629.00, 100.00, 100.00, 12.00
10.00, 11467.00, 6671.00, 100.00, 100.00, 12.00
10.00, 11509.00, 6712.00, 100.00, 99.89, 12.00
10.00, 11549.00, 6757.00, 100.00, 99.89, 12.00
10.00, 11590.00, 6800.00, 100.00, 99.89, 12.00
10.00, 11631.00, 6840.00, 100.00, 99.89, 12.00
10.00, 11670.00, 6884.00, 100.00, 99.89, 12.00
10.00, 11712.00, 6926.00, 100.00, 99.89, 12.00
10.00, 11753.00, 6969.00, 100.00, 99.89, 12.00
10.00, 11794.00, 7012.00, 100.00, 99.89, 12.00
10.00, 11835.00, 7055.00, 99.89, 99.89, 12.00
10.00, 11876.00, 7098.00, 99.89, 99.89, 12.00
10.00, 11915.00, 7138.00, 99.89, 99.89, 12.00
10.00, 11955.00, 7181.00, 99.89, 100.00, 12.00
10.00, 11996.00, 7227.00, 99.89, 100.00, 12.00
10.00, 12035.00, 7270.00, 99.89, 100.00, 12.00
10.00, 12075.00, 7311.00, 99.89, 100.00, 12.00
10.00, 12117.00, 7353.00, 99.89, 100.00, 12.00
10.00, 12155.00, 7393.00, 99.89, 100.00, 12.00
10.00, 12195.00, 7434.00, 99.89, 100.00, 12.00
10.00, 12235.00, 7478.00, 99.89, 100.00, 12.00
10.00, 12277.00, 7518.00, 100.00, 100.00, 12.00
10.00, 12315.00, 7558.00, 100.00, 100.00, 12.00
10.00, 12356.00, 7601.00, 100.00, 100.00, 12.00
10.00, 12397.00, 7641.00, 100.00, 100.00, 12.00
10.00, 12434.00, 7685.00, 100.00, 100.00, 12.00
10.00, 12477.00, 7730.00, 100.00, 99.89, 12.00
10.00, 12516.00, 7771.00, 100.00, 99.89, 12.00
10.00, 12554.00, 7811.00, 100.00, 99.89, 12.00
10.00, 12597.00, 7853.00, 100.00, 99.89, 12.00
10.00, 12638.00, 7894.00, 100.00, 99.89, 12.00
10.00, 12675.00, 7936.00, 100.00, 99.89, 12.00
10.00, 12715.00, 7980.00, 100.00, 99.89, 12.00
10.00, 12756.00, 8023.00, 100.00, 99.89, 12.00
10.00, 12794.00, 8063.00, 100.00, 99.89, 12.00
10.00, 12836.00, 8107.00, 99.89, 99.89, 12.00
10.00, 12879.00, 8150.00, 99.89, 99.89, 12.00
10.00, 12916.00, 8192.00, 99.89, 99.89, 12.00
10.00, 12957.00, 8238.00, 99.89, 100.00, 12.00
10.00, 12997.00, 8281.00, 99.89, 100.00, 12.00
10.00, 13037.00, 8322.00, 99.89, 100.00, 12.00
10.00, 13077.00, 8364.00, 99.89, 100.00, 12.00
10.00, 13120.00, 8407.00, 99.89, 100.00, 12.00
10.00, 13159.00, 8448.00, 99.89, 100.00, 12.00
10.00, 13198.00, 8491.00, 99.89, 100.00, 12.00
10.00, 13238.00, 8536.00, 99.89, 100.00, 12.00
10.00, 13276.00, 8575.00, 99.89, 100.00, 12.00
10.00, 13316.00, 8617.00, 100.00, 100.00, 12.00
10.00, 13357.00, 8662.00, 100.00, 100.00, 12.00
10.00, 13397.00, 8702.00, 100.00, 100.00, 12.00
10.00, 13437.00, 8744.00, 100.00, 100.00, 12.00
10.00, 13477.00, 8786.00, 100.00, 99.89, 12.00
10.00, 13517.00, 8826.00, 100.00, 99.89, 12.00
10.00, 13557.00, 8867.00, 100.00, 99.89, 12.00
10.00, 13598.00, 8910.00, 100.00, 99.89, 12.00
10.00, 13640.00, 8953.00, 100.00, 99.89, 12.00
10.00, 13679.00, 8996.00, 100.00, 99.89, 12.00
10.00, 13720.00, 9040.00, 100.00, 99.89, 12.00
10.00, 13759.00, 9080.00, 100.00, 99.89, 12.00
10.00, 13799.00, 9123.00, 100.00, 99.89, 12.00
10.00, 13838.00, 9166.00, 100.00, 99.89, 12.00
10.00, 13880.00, 9209.00, 99.89, 99.89, 12.00
10.00, 13921.00, 9253.00, 99.89, 100.00, 12.00
10.00, 13960.00, 9297.00, 99.89, 100.00, 12.00
10.00, 14001.00, 9340.00, 99.89, 100.00, 12.00
10.00, 14041.00, 9382.00, 99.89, 100.00, 12.00
10.00, 14080.00, 9426.00, 99.89, 100.00, 12.00
10.00, 14120.00, 9468.00, 99.89, 100.00, 12.00
10.00, 14162.00, 9515.00, 99.89, 100.00, 12.00
10.00, 14202.00, 9558.00, 99.89, 100.00, 12.00
10.00, 14241.00, 9599.00, 99.89, 100.00, 12.00
10.00, 14280.00, 9642.00, 99.89, 100.00, 12.00
10.00, 14321.00, 9684.00, 100.00, 100.00, 12.00
10.00, 14361.00, 9728.00, 100.00, 100.00, 12.00
10.00, 14404.00, 9775.00, 100.00, 100.00, 12.00
10.00, 14444.00, 9815.00, 100.00, 99.89, 12.00
10.00, 14481.00, 9857.00, 100.00, 99.89, 12.00
10.00, 14520.00, 9898.00, 100.00, 99.89, 12.00
10.00, 14559.00, 9939.00, 100.00, 99.89, 12.00
10.00, 14598.00, 9981.00, 100.00, 99.89, 12.00
10.00, 14639.00, 10025.00, 100.00, 99.89, 12.00
10.00, 14680.00, 10067.00, 100.00, 99.89, 12.00
10.00, 14718.00, 10107.00, 100.00, 99.89, 12.00
10.00, 14756.00, 10147.00, 100.00, 99.89, 12.00
10.00, 14796.00, 10188.00, 100.00, 99.89, 12.00
10.00, 14835.00, 10229.00, 100.00, 99.89, 12.00
10.00, 14875.00, 10273.00, 99.89, 100.00, 12.00
10.00, 14916.00, 10316.00, 99.89, 100.00, 12.00
10.00, 14955.00, 10358.00, 99.89, 100.00, 12.00
10.00, 14994.00, 10397.00, 99.89, 100.00, 12.00
10.00, 15034.00, 10439.00, 99.89, 100.00, 12.00
10.00, 15073.00, 10479.00, 99.89, 100.00, 12.00
10.00, 15113.00, 10521.00, 99.89, 100.00, 12.00
10.00, 15154.00, 10566.00, 99.89, 100.00, 12.00
10.00, 15196.00, 10609.00, 99.89, 100.00, 12.00
10.00, 15234.00, 10649.00, 99.89, 100.00, 12.00
10.00, 15274.00, 10692.00, 99.89, 100.00, 12.00
10.00, 15314.00, 10734.00, 99.89, 100.00, 12.00
10.00, 15353.00, 10775.00, 100.00, 99.89, 12.00
10.00, 15396.00, 10820.00, 100.00, 99.89, 12.00
10.00, 15439.00, 10862.00, 100.00, 99.89, 12.00
10.00, 15478.00, 10903.00, 100.00, 99.89, 12.00
10.00, 15518.00, 10945.00, 100.00, 99.89, 12.00
10.00, 15559.00, 10988.00, 100.00, 99.89, 12.00
10.00, 15600.00, 11032.00, 100.00, 99.89, 12.00
10.00, 15641.00, 11077.00, 100.00, 99.89, 12.00
10.00, 15682.00, 11118.00, 100.00, 99.89, 12.00
10.00, 15722.00, 11160.00, 100.00, 99.89, 12.00
10.00, 15761.00, 11201.00, 100.00, 99.89, 12.00
10.00, 15802.00, 11241.00, 100.00, 99.89, 12.00
10.00, 15842.00, 11282.00, 100.00, 100.00, 12.00
10.00, 15882.00, 11327.00, 100.00, 100.00, 12.00
10.00, 15923.00, 11370.00, 99.89, 100.00, 12.00
10.00, 15964.00, 11409.00, 99.89, 100.00, 12.00
10.00, 16004.00, 11449.00, 99.89, 100.00, 12.00
10.00, 16043.00, 11491.00, 99.89, 100.00, 12.00
10.00, 16085.00, 11534.00, 99.89, 100.00, 12.00
10.00, 16124.00, 11579.00, 99.89, 100.00, 12.00
10.00, 16166.00, 11623.00, 99.89, 100.00, 12.00
10.00, 16207.00, 11663.00, 99.89, 100.00, 12.00
10.00, 16247.00, 11704.00, 99.89, 100.00, 12.00
10.00, 16285.00, 11747.00, 99.89, 100.00, 12.00
10.00, 16326.00, 11789.00, 99.89, 100.00, 12.00
10.00, 16367.00, 11833.00, 100.00, 99.89, 12.00
10.00, 16409.00, 11879.00, 100.00, 99.89, 12.00
10.00, 16450.00, 11918.00, 100.00, 99.89, 12.00
10.00, 16493.00, 11958.00, 100.00, 99.89, 12.00
10.00, 16530.00, 12003.00, 100.00, 99.89, 12.00
10.00, 16571.00, 12045.00, 100.00, 99.89, 12.00
10.00, 16611.00, 12090.00, 100.00, 99.89, 12.00
10.00, 16650.00, 12134.00, 100.00, 99.89, 12.00
10.00, 16692.00, 12174.00, 100.00, 99.89, 12.00
10.00, 16735.00, 12215.00, 100.00, 99.89, 12.00
10.00, 16772.00, 12257.00, 100.00, 99.89, 12.00
10.00, 16810.00, 12300.00, 100.00, 100.00, 12.00
10.00, 16852.00, 12345.00, 100.00, 100.00, 12.00
10.00, 16891.00, 12386.00, 100.00, 100.00, 12.00
10.00, 16932.00, 12427.00, 99.89, 100.00, 12.00
10.00, 16976.00, 12470.00, 99.89, 100.00, 12.00
10.00, 17013.00, 12511.00, 99.89, 100.00, 12.00
10.00, 17052.00, 12552.00, 99.89, 100.00, 12.00
10.00, 17093.00, 12595.00, 99.89, 100.00, 12.00
10.00, 17132.00, 12636.00, 99.89, 100.00, 12.00
10.00, 17169.00, 12676.00, 99.89, 100.00, 12.00
10.00, 17213.00, 12719.00, 99.89, 100.00, 12.00
10.00, 17251.00, 12762.00, 99.89, 100.00, 12.00
10.00, 17289.00, 12803.00, 99.89, 100.00, 12.00
10.00, 17331.00, 12847.00, 99.89, 99.89, 12.00
10.00, 17371.00, 12888.00, 99.89, 99.89, 12.00
10.00, 17410.00, 12930.00, 100.00, 99.89, 12.00
10.00, 17451.00, 12974.00, 100.00, 99.89, 12.00
10.00, 17493.00, 13016.00, 100.00, 99.89, 12.00
10.00, 17533.00, 13059.00, 100.00, 99.89, 12.00
10.00, 17572.00, 13104.00, 100.00, 99.89, 12.00
10.00, 17613.00, 13147.00, 100.00, 99.89, 12.00
10.00, 17652.00, 13189.00, 100.00, 99.89, 12.00
10.00, 17693.00, 13232.00, 100.00, 99.89, 12.00
10.00, 17736.00, 13276.00, 100.00, 99.89, 12.00
10.00, 17775.00, 13319.00, 100.00, 100.00, 12.00
10.00, 17815.00, 13362.00, 100.00, 100.00, 12.00
10.00, 17857.00, 13407.00, 100.00, 100.00, 12.00
10.00, 17897.00, 13449.00, 100.00, 100.00, 12.00
10.00, 17936.00, 13493.00, 100.00, 100.00, 12.00
10.00, 17978.00, 13536.00, 99.89, 100.00, 12.00
10.00, 18019.00, 13579.00, 99.89, 100.00, 12.00
10.00, 18059.00, 13624.00, 99.89, 100.00, 12.00
10.00, 18100.00, 13667.00, 99.89, 100.00, 12.00
10.00, 18140.00, 13706.00, 99.89, 100.00, 12.00
10.00, 18180.00, 13748.00, 99.89, 100.00, 12.00
10.00, 18220.00, 13791.00, 99.89, 100.00, 12.00
10.00, 18260.00, 13834.00, 99.89, 100.00, 12.00
10.00, 18301.00, 13877.00, 99.89, 99.89, 12.00
10.00, 18341.00, 13921.00, 99.89, 99.89, 12.00
10.00, 18379.00, 13959.00, 99.89, 99.89, 12.00
10.00, 18419.00, 13999.00, 100.00, 99.89, 12.00
10.00, 18459.00, 14042.00, 100.00, 99.89, 12.00
10.00, 18500.00, 14086.00, 100.00, 99.89, 12.00
10.00, 18540.00, 14129.00, 100.00, 99.89, 12.00
10.00, 18579.00, 14171.00, 100.00, 99.89, 12.00
10.00, 18618.00, 14211.00, 100.00, 99.89, 12.00
10.00, 18658.00, 14251.00, 100.00, 99.89, 12.00
10.00, 18698.00, 14294.00, 100.00, 99.89, 12.00
10.00, 18737.00, 14336.00, 100.00, 99.89, 12.00
10.00, 18779.00, 14381.00, 100.00, 100.00, 12.00
10.00, 18818.00, 14425.00, 100.00, 100.00, 12.00
10.00, 18857.00, 14466.00, 100.00, 100.00, 12.00
10.00, 18896.00, 14508.00, 100.00, 100.00, 12.00
10.00, 18934.00, 14550.00, 100.00, 100.00, 12.00
10.00, 18974.00, 14591.00, 99.89, 100.00, 12.00
10.00, 19017.00, 14634.00, 99.89, 100.00, 12.00
10.00, 19056.00, 14677.00, 99.89, 100.00, 12.00
10.00, 19094.00, 14719.00, 99.89, 100.00, 12.00
