22944.00, 1788.00, 2335.00, 100.00, 100.00, 13.00
10.00, 1791.00, 2338.00, 99.89, 100.00, 13.00
10.00, 1803.00, 2350.00, 99.89, 100.00, 13.00
10.00, 1821.00, 2369.00, 99.89, 100.00, 13.00
10.00, 1845.00, 2390.00, 99.89, 100.00, 13.00
10.00, 1871.00, 2418.00, 99.89, 100.00, 13.00
10.00, 1901.00, 2446.00, 100.00, 100.00, 13.00
10.00, 1930.00, 2477.00, 100.00, 100.00, 13.00
10.00, 1964.00, 2508.00, 100.00, 100.00, 13.00
10.00, 1997.00, 2544.00, 100.00, 100.00, 13.00
10.00, 2033.00, 2578.00, 100.00, 100.00, 13.00
10.00, 2068.00, 2616.00, 100.00, 100.00, 13.00
10.00, 2105.00, 2653.00, 100.00, 100.00, 13.00
10.00, 2141.00, 2690.00, 100.00, 100.00, 13.00
10.00, 2178.00, 2729.00, 100.00, 100.00, 13.00
10.00, 2216.00, 2769.00, 100.00, 100.00, 13.00
10.00, 2253.00, 2810.00, 100.00, 100.00, 13.00
10.00, 2292.00, 2850.00, 100.00, 100.00, 13.00
10.00, 2331.00, 2892.00, 100.00, 100.00, 13.00
10.00, 2369.00, 2933.00, 100.00, 100.00, 13.00
10.00, 2406.00, 2974.00, 100.00, 100.00, 13.00
10.00, 2445.00, 3014.00, 100.00, 100.00, 13.00
10.00, 2484.00, 3055.00, 100.00, 100.00, 13.00
10.00, 2522.00, 3099.00, 100.00, 100.00, 13.00
10.00, 2561.00, 3143.00, 100.00, 100.00, 13.00
10.00, 2601.00, 3183.00, 100.00, 100.00, 13.00
10.00, 2641.00, 3224.00, 100.00, 100.00, 13.00
10.00, 2679.00, 3267.00, 100.00, 100.00, 13.00
10.00, 2718.00, 3309.00, 100.00, 100.00, 13.00
10.00, 2758.00, 3351.00, 100.00, 99.89, 13.00
10.00, 2798.00, 3395.00, 100.00, 99.89, 13.00
10.00, 2836.00, 3436.00, 100.00, 99.89, 13.00
10.00, 2876.00, 3477.00, 100.00, 99.89, 13.00
10.00, 2915.00, 3518.00, 100.00, 99.66, 13.00
10.00, 2953.00, 3559.00, 100.00, 96.50, 13.00
10.00, 2992.00, 3600.00, 100.00, 71.19, 13.00
10.00, 3031.00, 3641.00, 100.00, -28.59, 13.00
10.00, 3071.00, 3677.00, 100.00, -90.06, 13.00
10.00, 3112.00, 3704.00, 100.00, -98.64, 13.00
10.00, 3155.00, 3717.00, 100.00, -99.66, 13.00
10.00, 3193.00, 3719.00, 100.00, -99.89, 13.00
10.00, 3233.00, 3712.00, 100.00, -99.89, 13.00
10.00, 3274.00, 3699.00, 100.00, -99.89, 13.00
10.00, 3315.00, 3678.00, 100.00, -99.77, 13.00
10.00, 3352.00, 3653.00, 99.89, -99.44, 13.00
10.00, 3394.00, 3626.00, 99.89, -97.74, 13.00
10.00, 3435.00, 3597.00, 99.89, -90.62, 13.00
10.00, 3474.00, 3568.00, 99.89, -59.66, 13.00
10.00, 3516.00, 3540.00, 99.66, 12.77, 13.00
10.00, 3558.00, 3512.00, 96.95, 72.54, 13.00
10.00, 3597.00, 3491.00, 71.19, 93.90, 13.00
10.00, 3636.00, 3485.00, -23.28, 98.31, 13.00
10.00, 3670.00, 3488.00, -86.33, 98.98, 13.00
10.00, 3693.00, 3499.00, -98.08, 98.87, 13.00
10.00, 3708.00, 3517.00, -99.55, 98.31, 13.00
10.00, 3709.00, 3540.00, -99.77, 95.37, 13.00
10.00, 3701.00, 3567.00, -99.77, 85.76, 13.00
10.00, 3685.00, 3594.00, -99.77, 50.17, 13.00
10.00, 3662.00, 3624.00, -99.55, -23.28, 13.00
10.00, 3636.00, 3647.00, -98.64, -78.42, 13.00
10.00, 3606.00, 3660.00, -94.46, -94.24, 13.00
10.00, 3576.00, 3663.00, -73.67, -97.51, 13.00
10.00, 3546.00, 3660.00, -12.32, -98.19, 13.00
10.00, 3517.00, 3648.00, 61.81, -97.97, 13.00
10.00, 3494.00, 3629.00, 92.09, -96.61, 13.00
10.00, 3485.00, 3603.00, 97.85, -91.53, 13.00
10.00, 3486.00, 3578.00, 98.87, -69.49, 13.00
10.00, 3493.00, 3554.00, 98.98, -12.32, 13.00
10.00, 3510.00, 3531.00, 98.64, 50.28, 13.00
10.00, 3530.00, 3511.00, 96.95, 84.18, 13.00
10.00, 3555.00, 3501.00, 91.19, 94.80, 13.00
10.00, 3582.00, 3503.00, 69.72, 97.40, 13.00
10.00, 3608.00, 3514.00, 12.77, 97.51, 13.00
10.00, 3634.00, 3531.00, -55.93, 95.93, 13.00
10.00, 3649.00, 3553.00, -87.01, 90.85, 13.00
10.00, 3656.00, 3577.00, -95.59, 74.35, 13.00
10.00, 3658.00, 3603.00, -97.18, 28.14, 13.00
10.00, 3650.00, 3631.00, -97.74, -43.16, 13.00
10.00, 3633.00, 3652.00, -96.84, -83.62, 13.00
10.00, 3608.00, 3660.00, -92.77, -95.25, 13.00
10.00, 3582.00, 3659.00, -74.92, -97.40, 13.00
10.00, 3555.00, 3650.00, -23.28, -97.18, 13.00
10.00, 3530.00, 3635.00, 45.88, -95.59, 13.00
10.00, 3511.00, 3613.00, 83.39, -89.60, 13.00
10.00, 3501.00, 3590.00, 94.80, -67.91, 13.00
10.00, 3502.00, 3566.00, 97.40, -10.17, 13.00
10.00, 3513.00, 3539.00, 97.63, 58.31, 13.00
10.00, 3528.00, 3521.00, 96.05, 91.53, 13.00
10.00, 3550.00, 3516.00, 91.19, 97.40, 13.00
10.00, 3576.00, 3522.00, 77.40, 98.98, 13.00
10.00, 3599.00, 3533.00, 29.04, 99.21, 13.00
10.00, 3623.00, 3549.00, -38.53, 99.21, 13.00
10.00, 3644.00, 3572.00, -78.31, 99.10, 13.00
10.00, 3651.00, 3597.00, -93.90, 98.64, 13.00
10.00, 3652.00, 3626.00, -96.16, 97.97, 13.00
10.00, 3648.00, 3656.00, -96.61, 96.72, 13.00
10.00, 3630.00, 3688.00, -96.16, 95.14, 13.00
10.00, 3607.00, 3720.00, -91.75, 92.66, 13.00
10.00, 3580.00, 3754.00, -72.77, 88.70, 13.00
10.00, 3553.00, 3786.00, -17.97, 83.28, 13.00
10.00, 3528.00, 3821.00, 52.99, 76.05, 13.00
10.00, 3509.00, 3856.00, 87.68, 64.41, 13.00
10.00, 3501.00, 3890.00, 95.93, 45.65, 13.00
10.00, 3503.00, 3919.00, 97.85, 18.64, 13.00
10.00, 3516.00, 3946.00, 98.08, -6.55, 13.00
10.00, 3533.00, 3968.00, 96.95, -24.75, 13.00
10.00, 3555.00, 3987.00, 93.56, -40.90, 13.00
10.00, 3580.00, 3999.00, 83.62, -49.94, 13.00
10.00, 3608.00, 4005.00, 55.25, -54.35, 13.00
10.00, 3638.00, 4003.00, 1.24, -48.25, 13.00
10.00, 3666.00, 3996.00, -52.99, -30.17, 13.00
10.00, 3683.00, 3987.00, -82.82, 1.92, 13.00
10.00, 3690.00, 3980.00, -91.30, 38.87, 13.00
10.00, 3686.00, 3976.00, -91.19, 65.08, 13.00
10.00, 3675.00, 3976.00, -84.75, 78.31, 13.00
10.00, 3656.00, 3980.00, -61.02, 84.97, 13.00
10.00, 3636.00, 3994.00, 1.47, 88.02, 13.00
10.00, 3616.00, 4014.00, 65.65, 85.99, 13.00
10.00, 3606.00, 4036.00, 92.43, 78.31, 13.00
10.00, 3607.00, 4060.00, 97.51, 62.94, 13.00
10.00, 3616.00, 4085.00, 98.76, 38.19, 13.00
10.00, 3633.00, 4110.00, 99.10, 3.50, 13.00
10.00, 3652.00, 4134.00, 99.10, -30.62, 13.00
10.00, 3677.00, 4151.00, 98.98, -56.50, 13.00
10.00, 3706.00, 4158.00, 98.53, -68.70, 13.00
10.00, 3736.00, 4157.00, 97.74, -73.11, 13.00
10.00, 3768.00, 4150.00, 96.16, -72.54, 13.00
10.00, 3801.00, 4138.00, 93.11, -69.27, 13.00
10.00, 3835.00, 4121.00, 87.80, -64.63, 13.00
10.00, 3868.00, 4104.00, 79.21, -59.77, 13.00
10.00, 3904.00, 4085.00, 67.68, -56.27, 13.00
10.00, 3937.00, 4064.00, 52.99, -54.58, 13.00
10.00, 3968.00, 4044.00, 39.77, -55.03, 13.00
10.00, 3999.00, 4022.00, 29.94, -57.40, 13.00
10.00, 4027.00, 3999.00, 24.52, -61.24, 13.00
10.00, 4052.00, 3978.00, 23.84, -65.99, 13.00
10.00, 4073.00, 3956.00, 26.55, -71.30, 13.00
10.00, 4092.00, 3933.00, 31.98, -75.93, 13.00
10.00, 4109.00, 3909.00, 38.53, -80.00, 13.00
10.00, 4125.00, 3882.00, 44.86, -84.07, 13.00
10.00, 4141.00, 3852.00, 51.19, -88.02, 13.00
10.00, 4158.00, 3824.00, 57.63, -91.19, 13.00
10.00, 4175.00, 3794.00, 63.62, -93.56, 13.00
10.00, 4196.00, 3762.00, 69.94, -95.48, 13.00
10.00, 4217.00, 3730.00, 75.71, -96.72, 13.00
10.00, 4239.00, 3694.00, 81.36, -97.85, 13.00
10.00, 4264.00, 3657.00, 85.76, -98.64, 13.00
10.00, 4289.00, 3621.00, 89.38, -99.21, 13.00
10.00, 4317.00, 3586.00, 92.20, -99.55, 13.00
10.00, 4346.00, 3553.00, 94.46, -99.66, 13.00
10.00, 4377.00, 3519.00, 96.16, -99.77, 13.00
10.00, 4412.00, 3480.00, 97.40, -99.89, 13.00
10.00, 4445.00, 3440.00, 98.42, -99.89, 13.00
10.00, 4477.00, 3401.00, 98.98, -99.89, 13.00
10.00, 4511.00, 3362.00, 99.32, -99.89, 13.00
10.00, 4547.00, 3322.00, 99.55, -99.89, 13.00
10.00, 4582.00, 3285.00, 99.66, -99.89, 13.00
10.00, 4619.00, 3246.00, 99.77, -99.89, 13.00
10.00, 4659.00, 3206.00, 99.89, -99.89, 13.00
10.00, 4697.00, 3164.00, 99.89, -99.89, 13.00
10.00, 4732.00, 3125.00, 99.89, -99.89, 13.00
10.00, 4769.00, 3084.00, 99.89, -99.89, 13.00
10.00, 4809.00, 3044.00, 99.89, -99.89, 13.00
10.00, 4848.00, 3005.00, 99.89, -100.00, 13.00
10.00, 4886.00, 2967.00, 99.89, -100.00, 13.00
10.00, 4926.00, 2926.00, 99.89, -100.00, 13.00
10.00, 4965.00, 2883.00, 99.89, -100.00, 13.00
10.00, 5004.00, 2843.00, 99.89, -100.00, 13.00
10.00, 5044.00, 2803.00, 99.89, -100.00, 13.00
10.00, 5084.00, 2763.00, 100.00, -100.00, 13.00
10.00, 5123.00, 2723.00, 100.00, -100.00, 13.00
10.00, 5164.00, 2683.00, 100.00, -100.00, 13.00
10.00, 5204.00, 2642.00, 100.00, -100.00, 13.00
10.00, 5243.00, 2601.00, 100.00, -100.00, 13.00
10.00, 5283.00, 2562.00, 100.00, -100.00, 13.00
10.00, 5321.00, 2522.00, 100.00, -100.00, 13.00
10.00, 5361.00, 2483.00, 100.00, -100.00, 13.00
10.00, 5401.00, 2444.00, 100.00, -100.00, 13.00
10.00, 5442.00, 2404.00, 100.00, -99.89, 13.00
10.00, 5481.00, 2362.00, 100.00, -99.89, 13.00
10.00, 5519.00, 2323.00, 100.00, -99.89, 13.00
10.00, 5561.00, 2285.00, 100.00, -99.89, 13.00
10.00, 5601.00, 2246.00, 100.00, -99.89, 13.00
10.00, 5640.00, 2206.00, 100.00, -100.00, 13.00
10.00, 5680.00, 2168.00, 100.00, -100.00, 13.00
10.00, 5720.00, 2127.00, 100.00, -100.00, 13.00
10.00, 5760.00, 2087.00, 100.00, -100.00, 13.00
10.00, 5799.00, 2046.00, 100.00, -100.00, 13.00
10.00, 5839.00, 2008.00, 100.00, -100.00, 13.00
10.00, 5879.00, 1971.00, 100.00, -100.00, 13.00
10.00, 5918.00, 1929.00, 100.00, -100.00, 13.00
10.00, 5959.00, 1889.00, 100.00, -100.00, 13.00
10.00, 5999.00, 1849.00, 100.00, -100.00, 13.00
10.00, 6037.00, 1808.00, 100.00, -100.00, 13.00
10.00, 6077.00, 1769.00, 100.00, -100.00, 13.00
10.00, 6118.00, 1731.00, 100.00, -100.00, 13.00
10.00, 6157.00, 1692.00, 100.00, -100.00, 13.00
10.00, 6198.00, 1652.00, 100.00, -100.00, 13.00
10.00, 6237.00, 1608.00, 100.00, -100.00, 13.00
10.00, 6276.00, 1566.00, 100.00, -100.00, 13.00
10.00, 6316.00, 1528.00, 100.00, -100.00, 13.00
10.00, 6355.00, 1489.00, 100.00, -100.00, 13.00
10.00, 6396.00, 1450.00, 100.00, -100.00, 13.00
10.00, 6436.00, 1409.00, 100.00, -100.00, 13.00
10.00, 6476.00, 1367.00, 100.00, -100.00, 13.00
10.00, 6514.00, 1325.00, 100.00, -99.89, 13.00
10.00, 6555.00, 1281.00, 100.00, -99.89, 13.00
10.00, 6594.00, 1242.00, 100.00, -99.89, 13.00
10.00, 6633.00, 1204.00, 100.00, -99.89, 13.00
10.00, 6671.00, 1164.00, 100.00, -99.89, 13.00
10.00, 6710.00, 1122.00, 100.00, -99.89, 13.00
10.00, 6750.00, 1080.00, 100.00, -100.00, 13.00
10.00, 6788.00, 1040.00, 100.00, -100.00, 13.00
10.00, 6828.00, 1000.00, 100.00, -100.00, 13.00
10.00, 6868.00, 961.00, 100.00, -100.00, 13.00
10.00, 6908.00, 921.00, 100.00, -100.00, 13.00
10.00, 6948.00, 881.00, 100.00, -100.00, 13.00
10.00, 6988.00, 840.00, 100.00, -100.00, 13.00
10.00, 7028.00, 798.00, 100.00, -100.00, 13.00
10.00, 7067.00, 758.00, 100.00, -100.00, 13.00
10.00, 7107.00, 719.00, 100.00, -100.00, 13.00
10.00, 7146.00, 679.00, 100.00, -100.00, 13.00
10.00, 7187.00, 639.00, 100.00, -100.00, 13.00
10.00, 7228.00, 597.00, 100.00, -100.00, 13.00
10.00, 7268.00, 558.00, 100.00, -100.00, 13.00
10.00, 7308.00, 518.00, 100.00, -100.00, 13.00
10.00, 7350.00, 477.00, 100.00, -100.00, 13.00
10.00, 7391.00, 438.00, 100.00, -99.89, 13.00
10.00, 7431.00, 398.00, 100.00, -99.89, 13.00
10.00, 7472.00, 355.00, 100.00, -99.89, 13.00
10.00, 7514.00, 314.00, 100.00, -99.89, 13.00
10.00, 7553.00, 273.00, 100.00, -99.89, 13.00
10.00, 7593.00, 233.00, 100.00, -99.89, 13.00
10.00, 7635.00, 196.00, 100.00, -99.89, 13.00
10.00, 7676.00, 157.00, 100.00, -99.89, 13.00
10.00, 7716.00, 118.00, 100.00, -99.89, 13.00
10.00, 7758.00, 77.00, 100.00, -99.89, 13.00
10.00, 7799.00, 34.00, 100.00, -99.89, 13.00
10.00, 7837.00, -10.00, 100.00, -100.00, 13.00
10.00, 7877.00, -47.00, 100.00, -100.00, 13.00
10.00, 7918.00, -84.00, 99.89, -100.00, 13.00
10.00, 7957.00, -124.00, 99.89, -100.00, 13.00
10.00, 7998.00, -164.00, 99.89, -100.00, 13.00
10.00, 8039.00, -206.00, 100.00, -100.00, 13.00
10.00, 8076.00, -247.00, 100.00, -100.00, 13.00
10.00, 8117.00, -285.00, 100.00, -100.00, 13.00
10.00, 8157.00, -323.00, 100.00, -100.00, 13.00
10.00, 8198.00, -361.00, 100.00, -100.00, 13.00
10.00, 8238.00, -400.00, 100.00, -100.00, 13.00
10.00, 8279.00, -443.00, 100.00, -100.00, 13.00
10.00, 8317.00, -485.00, 100.00, -100.00, 13.00
10.00, 8358.00, -524.00, 100.00, -100.00, 13.00
10.00, 8397.00, -562.00, 100.00, -99.89, 13.00
10.00, 8437.00, -602.00, 100.00, -99.89, 13.00
10.00, 8478.00, -644.00, 100.00, -99.89, 13.00
10.00, 8520.00, -684.00, 100.00, -99.89, 13.00
10.00, 8557.00, -724.00, 100.00, -99.89, 13.00
10.00, 8595.00, -766.00, 100.00, -99.89, 13.00
10.00, 8636.00, -805.00, 100.00, -99.89, 13.00
10.00, 8676.00, -844.00, 100.00, -99.89, 13.00
10.00, 8716.00, -885.00, 100.00, -99.89, 13.00
10.00, 8758.00, -926.00, 100.00, -99.89, 13.00
10.00, 8799.00, -969.00, 100.00, -99.89, 13.00
10.00, 8837.00, -1010.00, 100.00, -100.00, 13.00
10.00, 8876.00, -1051.00, 100.00, -100.00, 13.00
10.00, 8917.00, -1091.00, 99.89, -100.00, 13.00
10.00, 8959.00, -1131.00, 99.89, -100.00, 13.00
10.00, 8999.00, -1171.00, 99.89, -100.00, 13.00
10.00, 9040.00, -1214.00, 100.00, -100.00, 13.00
10.00, 9078.00, -1254.00, 100.00, -100.00, 13.00
10.00, 9118.00, -1295.00, 100.00, -100.00, 13.00
10.00, 9157.00, -1335.00, 100.00, -100.00, 13.00
10.00, 9197.00, -1374.00, 100.00, -100.00, 13.00
10.00, 9236.00, -1414.00, 100.00, -100.00, 13.00
10.00, 9276.00, -1455.00, 100.00, -100.00, 13.00
10.00, 9316.00, -1495.00, 100.00, -100.00, 13.00
10.00, 9357.00, -1534.00, 100.00, -100.00, 13.00
10.00, 9395.00, -1574.00, 100.00, -100.00, 13.00
10.00, 9436.00, -1614.00, 100.00, -99.89, 13.00
10.00, 9476.00, -1653.00, 100.00, -99.89, 13.00
10.00, 9517.00, -1692.00, 100.00, -99.89, 13.00
10.00, 9556.00, -1734.00, 100.00, -99.89, 13.00
10.00, 9595.00, -1774.00, 100.00, -99.89, 13.00
10.00, 9635.00, -1813.00, 100.00, -99.89, 13.00
10.00, 9676.00, -1851.00, 100.00, -99.89, 13.00
10.00, 9716.00, -1892.00, 100.00, -99.89, 13.00
10.00, 9755.00, -1930.00, 100.00, -99.89, 13.00
10.00, 9796.00, -1971.00, 100.00, -99.89, 13.00
10.00, 9836.00, -2011.00, 100.00, -99.89, 13.00
10.00, 9875.00, -2053.00, 100.00, -100.00, 13.00
10.00, 9916.00, -2091.00, 100.00, -100.00, 13.00
10.00, 9957.00, -2129.00, 99.89, -100.00, 13.00
10.00, 9995.00, -2170.00, 99.89, -100.00, 13.00
10.00, 10035.00, -2211.00, 100.00, -100.00, 13.00
10.00, 10075.00, -2251.00, 100.00, -100.00, 13.00
10.00, 10114.00, -2292.00, 100.00, -100.00, 13.00
10.00, 10154.00, -2331.00, 100.00, -100.00, 13.00
10.00, 10194.00, -2369.00, 100.00, -100.00, 13.00
10.00, 10236.00, -2409.00, 100.00, -100.00, 13.00
10.00, 10275.00, -2451.00, 100.00, -100.00, 13.00
10.00, 10316.00, -2493.00, 100.00, -100.00, 13.00
10.00, 10355.00, -2536.00, 100.00, -100.00, 13.00
10.00, 10393.00, -2576.00, 100.00, -100.00, 13.00
10.00, 10433.00, -2614.00, 100.00, -100.00, 13.00
10.00, 10473.00, -2655.00, 100.00, -99.89, 13.00
10.00, 10512.00, -2695.00, 100.00, -99.89, 13.00
10.00, 10550.00, -2736.00, 100.00, -99.89, 13.00
10.00, 10590.00, -2777.00, 100.00, -99.89, 13.00
10.00, 10629.00, -2819.00, 100.00, -99.89, 13.00
10.00, 10668.00, -2857.00, 100.00, -99.89, 13.00
10.00, 10707.00, -2897.00, 100.00, -99.89, 13.00
10.00, 10747.00, -2938.00, 100.00, -99.89, 13.00
10.00, 10785.00, -2980.00, 100.00, -99.89, 13.00
10.00, 10826.00, -3023.00, 100.00, -99.89, 13.00
10.00, 10864.00, -3062.00, 100.00, -100.00, 13.00
10.00, 10904.00, -3102.00, 100.00, -100.00, 13.00
10.00, 10944.00, -3142.00, 99.89, -100.00, 13.00
10.00, 10983.00, -3183.00, 99.89, -100.00, 13.00
10.00, 11023.00, -3223.00, 99.89, -100.00, 13.00
10.00, 11063.00, -3263.00, 99.89, -100.00, 13.00
10.00, 11103.00, -3306.00, 100.00, -100.00, 13.00
10.00, 11143.00, -3347.00, 100.00, -100.00, 13.00
10.00, 11184.00, -3387.00, 100.00, -100.00, 13.00
10.00, 11224.00, -3427.00, 100.00, -100.00, 13.00
10.00, 11264.00, -3471.00, 100.00, -100.00, 13.00
10.00, 11304.00, -3511.00, 100.00, -100.00, 13.00
10.00, 11347.00, -3551.00, 100.00, -100.00, 13.00
10.00, 11386.00, -3593.00, 100.00, -100.00, 13.00
10.00, 11427.00, -3633.00, 100.00, -100.00, 13.00
10.00, 11469.00, -3672.00, 100.00, -99.89, 13.00
10.00, 11509.00, -3713.00, 100.00, -99.89, 13.00
10.00, 11549.00, -3754.00, 100.00, -99.89, 13.00
10.00, 11591.00, -3796.00, 100.00, -99.89, 13.00
10.00, 11631.00, -3838.00, 100.00, -99.89, 13.00
10.00, 11670.00, -3877.00, 100.00, -99.89, 13.00
10.00, 11711.00, -3915.00, 100.00, -99.89, 13.00
10.00, 11752.00, -3955.00, 100.00, -99.89, 13.00
10.00, 11791.00, -3995.00, 100.00, -99.89, 13.00
10.00, 11833.00, -4035.00, 100.00, -99.89, 13.00
10.00, 11873.00, -4076.00, 100.00, -100.00, 13.00
10.00, 11912.00, -4118.00, 100.00, -100.00, 13.00
10.00, 11952.00, -4155.00, 100.00, -100.00, 13.00
10.00, 11993.00, -4195.00, 100.00, -100.00, 13.00
10.00, 12034.00, -4235.00, 100.00, -100.00, 13.00
10.00, 12075.00, -4275.00, 100.00, -100.00, 13.00
10.00, 12115.00, -4315.00, 100.00, -100.00, 13.00
10.00, 12154.00, -4358.00, 100.00, -100.00, 13.00
10.00, 12195.00, -4397.00, 100.00, -100.00, 13.00
10.00, 12236.00, -4436.00, 100.00, -100.00, 13.00
10.00, 12277.00, -4477.00, 100.00, -100.00, 13.00
10.00, 12317.00, -4517.00, 100.00, -100.00, 13.00
10.00, 12358.00, -4557.00, 100.00, -100.00, 13.00
10.00, 12398.00, -4601.00, 100.00, -100.00, 13.00
10.00, 12438.00, -4641.00, 100.00, -100.00, 13.00
10.00, 12479.00, -4678.00, 100.00, -99.89, 13.00
10.00, 12519.00, -4721.00, 100.00, -99.89, 13.00
10.00, 12557.00, -4762.00, 100.00, -99.89, 13.00
10.00, 12600.00, -4803.00, 100.00, -99.89, 13.00
10.00, 12640.00, -4846.00, 100.00, -99.89, 13.00
10.00, 12678.00, -4888.00, 100.00, -99.89, 13.00
10.00, 12719.00, -4927.00, 100.00, -99.89, 13.00
10.00, 12760.00, -4968.00, 100.00, -99.89, 13.00
10.00, 12798.00, -5009.00, 100.00, -99.89, 13.00
10.00, 12840.00, -5051.00, 100.00, -99.89, 13.00
10.00, 12882.00, -5093.00, 100.00, -100.00, 13.00
10.00, 12919.00, -5134.00, 100.00, -100.00, 13.00
10.00, 12959.00, -5174.00, 100.00, -100.00, 13.00
10.00, 13000.00, -5214.00, 99.89, -100.00, 13.00
10.00, 13039.00, -5255.00, 99.89, -100.00, 13.00
10.00, 13077.00, -5296.00, 99.89, -100.00, 13.00
10.00, 13118.00, -5336.00, 99.89, -100.00, 13.00
10.00, 13157.00, -5378.00, 100.00, -100.00, 13.00
10.00, 13196.00, -5419.00, 100.00, -100.00, 13.00
10.00, 13237.00, -5457.00, 100.00, -100.00, 13.00
10.00, 13278.00, -5497.00, 100.00, -100.00, 13.00
10.00, 13316.00, -5538.00, 100.00, -100.00, 13.00
10.00, 13357.00, -5580.00, 100.00, -100.00, 13.00
10.00, 13398.00, -5618.00, 100.00, -100.00, 13.00
10.00, 13438.00, -5658.00, 100.00, -100.00, 13.00
10.00, 13477.00, -5698.00, 100.00, -99.89, 13.00
10.00, 13518.00, -5738.00, 100.00, -99.89, 13.00
10.00, 13558.00, -5778.00, 100.00, -99.89, 13.00
10.00, 13598.00, -5820.00, 100.00, -99.89, 13.00
10.00, 13640.00, -5861.00, 100.00, -99.89, 13.00
10.00, 13679.00, -5900.00, 100.00, -99.89, 13.00
10.00, 13719.00, -5937.00, 100.00, -99.89, 13.00
10.00, 13761.00, -5976.00, 100.00, -99.89, 13.00
10.00, 13801.00, -6018.00, 100.00, -99.89, 13.00
10.00, 13839.00, -6058.00, 100.00, -99.89, 13.00
10.00, 13880.00, -6098.00, 100.00, -99.89, 13.00
10.00, 13921.00, -6139.00, 100.00, -100.00, 13.00
10.00, 13960.00, -6179.00, 100.00, -100.00, 13.00
10.00, 14003.00, -6216.00, 100.00, -100.00, 13.00
10.00, 14043.00, -6259.00, 100.00, -100.00, 13.00
10.00, 14083.00, -6300.00, 99.89, -100.00, 13.00
10.00, 14123.00, -6340.00, 100.00, -100.00, 13.00
10.00, 14163.00, -6381.00, 100.00, -100.00, 13.00
10.00, 14202.00, -6421.00, 100.00, -100.00, 13.00
10.00, 14242.00, -6458.00, 100.00, -100.00, 13.00
10.00, 14282.00, -6499.00, 100.00, -100.00, 13.00
10.00, 14321.00, -6540.00, 100.00, -100.00, 13.00
10.00, 14360.00, -6581.00, 100.00, -100.00, 13.00
10.00, 14401.00, -6620.00, 100.00, -100.00, 13.00
10.00, 14440.00, -6661.00, 100.00, -100.00, 13.00
10.00, 14479.00, -6701.00, 100.00, -100.00, 13.00
10.00, 14519.00, -6741.00, 100.00, -99.89, 13.00
10.00, 14559.00, -6782.00, 100.00, -99.89, 13.00
10.00, 14598.00, -6825.00, 100.00, -99.89, 13.00
10.00, 14637.00, -6865.00, 100.00, -99.89, 13.00
10.00, 14677.00, -6906.00, 100.00, -99.89, 13.00
10.00, 14716.00, -6945.00, 100.00, -99.89, 13.00
10.00, 14756.00, -6985.00, 100.00, -99.89, 13.00
10.00, 14795.00, -7026.00, 100.00, -99.89, 13.00
10.00, 14833.00, -7068.00, 100.00, -99.89, 13.00
10.00, 14872.00, -7110.00, 100.00, -99.89, 13.00
10.00, 14913.00, -7151.00, 100.00, -100.00, 13.00
10.00, 14951.00, -7192.00, 100.00, -100.00, 13.00
10.00, 14991.00, -7232.00, 100.00, -100.00, 13.00
10.00, 15032.00, -7275.00, 99.89, -100.00, 13.00
10.00, 15071.00, -7315.00, 99.89, -100.00, 13.00
10.00, 15111.00, -7356.00, 99.89, -100.00, 13.00
10.00, 15152.00, -7397.00, 99.89, -100.00, 13.00
10.00, 15193.00, -7439.00, 100.00, -100.00, 13.00
10.00, 15232.00, -7479.00, 100.00, -100.00, 13.00
10.00, 15273.00, -7518.00, 100.00, -100.00, 13.00
10.00, 15312.00, -7560.00, 100.00, -100.00, 13.00
10.00, 15352.00, -7601.00, 100.00, -100.00, 13.00
10.00, 15392.00, -7643.00, 100.00, -100.00, 13.00
10.00, 15434.00, -7683.00, 100.00, -100.00, 13.00
10.00, 15472.00, -7723.00, 100.00, -100.00, 13.00
10.00, 15513.00, -7762.00, 100.00, -99.89, 13.00
10.00, 15554.00, -7801.00, 100.00, -99.89, 13.00
10.00, 15593.00, -7842.00, 100.00, -99.89, 13.00
10.00, 15632.00, -7882.00, 100.00, -99.89, 13.00
10.00, 15672.00, -7921.00, 100.00, -99.89, 13.00
10.00, 15712.00, -7961.00, 100.00, -99.89, 13.00
10.00, 15750.00, -7998.00, 100.00, -99.89, 13.00
10.00, 15793.00, -8037.00, 100.00, -99.89, 13.00
10.00, 15833.00, -8078.00, 100.00, -99.89, 13.00
10.00, 15873.00, -8120.00, 100.00, -99.89, 13.00
10.00, 15912.00, -8158.00, 100.00, -100.00, 13.00
10.00, 15954.00, -8198.00, 100.00, -100.00, 13.00
10.00, 15995.00, -8238.00, 100.00, -100.00, 13.00
10.00, 16035.00, -8278.00, 100.00, -100.00, 13.00
10.00, 16075.00, -8317.00, 100.00, -100.00, 13.00
10.00, 16115.00, -8358.00, 100.00, -100.00, 13.00
10.00, 16155.00, -8399.00, 100.00, -100.00, 13.00
10.00, 16196.00, -8439.00, 100.00, -100.00, 13.00
10.00, 16236.00, -8479.00, 100.00, -100.00, 13.00
10.00, 16276.00, -8517.00, 100.00, -100.00, 13.00
10.00, 16318.00, -8558.00, 100.00, -100.00, 13.00
10.00, 16359.00, -8600.00, 100.00, -100.00, 13.00
10.00, 16398.00, -8642.00, 100.00, -100.00, 13.00
10.00, 16439.00, -8682.00, 100.00, -100.00, 13.00
10.00, 16481.00, -8724.00, 100.00, -100.00, 13.00
10.00, 16520.00, -8762.00, 100.00, -100.00, 13.00
10.00, 16562.00, -8801.00, 100.00, -99.89, 13.00
10.00, 16601.00, -8845.00, 100.00, -99.89, 13.00
10.00, 16641.00, -8888.00, 100.00, -99.89, 13.00
10.00, 16680.00, -8927.00, 100.00, -99.89, 13.00
10.00, 16721.00, -8968.00, 100.00, -99.89, 13.00
10.00, 16758.00, -9009.00, 100.00, -99.89, 13.00
10.00, 16798.00, -9046.00, 100.00, -99.89, 13.00
10.00, 16837.00, -9087.00, 100.00, -99.89, 13.00
10.00, 16876.00, -9129.00, 100.00, -99.89, 13.00
10.00, 16914.00, -9169.00, 100.00, -99.89, 13.00
10.00, 16956.00, -9210.00, 100.00, -100.00, 13.00
10.00, 16994.00, -9251.00, 100.00, -100.00, 13.00
10.00, 17033.00, -9289.00, 100.00, -100.00, 13.00
10.00, 17073.00, -9330.00, 99.89, -100.00, 13.00
10.00, 17113.00, -9372.00, 99.89, -100.00, 13.00
10.00, 17152.00, -9413.00, 99.89, -100.00, 13.00
10.00, 17192.00, -9452.00, 99.89, -100.00, 13.00
10.00, 17231.00, -9492.00, 100.00, -100.00, 13.00
10.00, 17270.00, -9533.00, 100.00, -100.00, 13.00
10.00, 17311.00, -9572.00, 100.00, -100.00, 13.00
10.00, 17352.00, -9612.00, 100.00, -100.00, 13.00
10.00, 17390.00, -9654.00, 100.00, -100.00, 13.00
10.00, 17431.00, -9693.00, 100.00, -100.00, 13.00
10.00, 17472.00, -9732.00, 100.00, -100.00, 13.00
10.00, 17512.00, -9771.00, 100.00, -100.00, 13.00
10.00, 17553.00, -9812.00, 100.00, -99.89, 13.00
10.00, 17593.00, -9852.00, 100.00, -99.89, 13.00
10.00, 17632.00, -9893.00, 100.00, -99.89, 13.00
10.00, 17672.00, -9933.00, 100.00, -99.89, 13.00
10.00, 17714.00, -9973.00, 100.00, -99.89, 13.00
10.00, 17754.00, -10011.00, 100.00, -99.89, 13.00
10.00, 17793.00, -10049.00, 100.00, -99.89, 13.00
10.00, 17834.00, -10091.00, 100.00, -99.89, 13.00
10.00, 17875.00, -10133.00, 100.00, -99.89, 13.00
10.00, 17915.00, -10174.00, 100.00, -99.89, 13.00
10.00, 17955.00, -10213.00, 100.00, -100.00, 13.00
10.00, 17996.00, -10250.00, 100.00, -100.00, 13.00
10.00, 18035.00, -10289.00, 100.00, -100.00, 13.00
10.00, 18077.00, -10328.00, 100.00, -100.00, 13.00
10.00, 18116.00, -10369.00, 100.00, -100.00, 13.00
10.00, 18156.00, -10410.00, 100.00, -100.00, 13.00
10.00, 18193.00, -10449.00, 100.00, -100.00, 13.00
10.00, 18234.00, -10488.00, 100.00, -100.00, 13.00
10.00, 18275.00, -10527.00, 100.00, -100.00, 13.00
10.00, 18314.00, -10565.00, 100.00, -100.00, 13.00
10.00, 18353.00, -10606.00, 100.00, -100.00, 13.00
10.00, 18393.00, -10650.00, 100.00, -100.00, 13.00
10.00, 18433.00, -10690.00, 100.00, -100.00, 13.00
10.00, 18472.00, -10729.00, 100.00, -100.00, 13.00
10.00, 18512.00, -10768.00, 100.00, -100.00, 13.00
10.00, 18552.00, -10808.00, 100.00, -99.89, 13.00
10.00, 18591.00, -10846.00, 100.00, -99.89, 13.00
10.00, 18630.00, -10887.00, 100.00, -99.89, 13.00
10.00, 18668.00, -10930.00, 100.00, -99.89, 13.00
10.00, 18708.00, -10971.00, 100.00, -99.89, 13.00
10.00, 18747.00, -11011.00, 100.00, -99.89, 13.00
10.00, 18787.00, -11050.00, 100.00, -99.89, 13.00
10.00, 18827.00, -11091.00, 100.00, -99.89, 13.00
10.00, 18867.00, -11133.00, 100.00, -99.89, 13.00
10.00, 18905.00, -11174.00, 100.00, -99.89, 13.00
10.00, 18944.00, -11216.00, 100.00, -100.00, 13.00
10.00, 18983.00, -11256.00, 100.00, -100.00, 13.00
10.00, 19024.00, -11297.00, 100.00, -100.00, 13.00
10.00, 19062.00, -11337.00, 100.00, -100.00, 13.00
10.00, 19103.00, -11377.00, 100.00, -100.00, 13.00
10.00, 19143.00, -11420.00, 99.89, -100.00, 13.00
10.00, 19184.00, -11462.00, 99.89, -100.00, 13.00
10.00, 19222.00, -11503.00, 99.89, -100.00, 13.00
10.00, 19264.00, -11542.00, 100.00, -100.00, 13.00
10.00, 19304.00, -11582.00, 100.00, -100.00, 13.00
10.00, 19343.00, -11621.00, 100.00, -100.00, 13.00
10.00, 19382.00, -11662.00, 100.00, -100.00, 13.00
10.00, 19421.00, -11701.00, 100.00, -100.00, 13.00
10.00, 19461.00, -11742.00, 100.00, -100.00, 13.00
10.00, 19500.00, -11781.00, 100.00, -100.00, 13.00
10.00, 19542.00, -11821.00, 100.00, -100.00, 13.00
10.00, 19581.00, -11860.00, 100.00, -99.89, 13.00
10.00, 19621.00, -11900.00, 100.00, -99.89, 13.00
10.00, 19662.00, -11941.00, 100.00, -99.89, 13.00
10.00, 19702.00, -11982.00, 100.00, -99.89, 13.00
10.00, 19741.00, -12020.00, 100.00, -99.89, 13.00
10.00, 19781.00, -12061.00, 100.00, -99.89, 13.00
10.00, 19822.00, -12099.00, 100.00, -99.89, 13.00
10.00, 19862.00, -12137.00, 100.00, -99.89, 13.00
10.00, 19903.00, -12177.00, 100.00, -99.89, 13.00
10.00, 19943.00, -12221.00, 100.00, -99.89, 13.00
10.00, 19983.00, -12263.00, 100.00, -100.00, 13.00
10.00, 20024.00, -12301.00, 100.00, -100.00, 13.00
10.00, 20065.00, -12338.00, 100.00, -100.00, 13.00
10.00, 20107.00, -12378.00, 100.00, -100.00, 13.00
10.00, 20147.00, -12419.00, 100.00, -100.00, 13.00
10.00, 20186.00, -12461.00, 100.00, -100.00, 13.00
10.00, 20226.00, -12503.00, 100.00, -100.00, 13.00
10.00, 20268.00, -12545.00, 100.00, -100.00, 13.00
10.00, 20309.00, -12584.00, 100.00, -100.00, 13.00
10.00, 20350.00, -12621.00, 100.00, -100.00, 13.00
10.00, 20391.00, -12662.00, 100.00, -100.00, 13.00
10.00, 20431.00, -12703.00, 100.00, -100.00, 13.00
10.00, 20472.00, -12747.00, 100.00, -100.00, 13.00
10.00, 20510.00, -12788.00, 100.00, -100.00, 13.00
10.00, 20552.00, -12826.00, 100.00, -100.00, 13.00
10.00, 20592.00, -12865.00, 100.00, -99.89, 13.00
10.00, 20631.00, -12903.00, 100.00, -99.89, 13.00
10.00, 20672.00, -12945.00, 100.00, -99.89, 13.00
10.00, 20711.00, -12989.00, 100.00, -99.89, 13.00
10.00, 20749.00, -13030.00, 100.00, -99.89, 13.00
10.00, 20789.00, -13067.00, 100.00, -99.89, 13.00
10.00, 20829.00, -13107.00, 100.00, -99.89, 13.00
10.00, 20868.00, -13146.00, 100.00, -99.89, 13.00
10.00, 20908.00, -13188.00, 100.00, -99.89, 13.00
10.00, 20947.00, -13230.00, 100.00, -99.89, 13.00
10.00, 20985.00, -13270.00, 100.00, -100.00, 13.00
10.00, 21025.00, -13311.00, 100.00, -100.00, 13.00
10.00, 21066.00, -13351.00, 100.00, -100.00, 13.00
10.00, 21105.00, -13390.00, 100.00, -100.00, 13.00
10.00, 21145.00, -13431.00, 100.00, -100.00, 13.00
10.00, 21185.00, -13474.00, 99.89, -100.00, 13.00
10.00, 21226.00, -13515.00, 99.89, -100.00, 13.00
10.00, 21264.00, -13555.00, 99.89, -100.00, 13.00
10.00, 21305.00, -13593.00, 100.00, -100.00, 13.00
10.00, 21346.00, -13635.00, 100.00, -100.00, 13.00
10.00, 21387.00, -13674.00, 100.00, -100.00, 13.00
10.00, 21426.00, -13713.00, 100.00, -100.00, 13.00
10.00, 21466.00, -13755.00, 100.00, -100.00, 13.00
10.00, 21506.00, -13796.00, 100.00, -100.00, 13.00
10.00, 21547.00, -13835.00, 100.00, -100.00, 13.00
10.00, 21588.00, -13874.00, 100.00, -100.00, 13.00
10.00, 21628.00, -13914.00, 100.00, -99.89, 13.00
10.00, 21670.00, -13955.00, 100.00, -99.89, 13.00
10.00, 21710.00, -13998.00, 100.00, -99.89, 13.00
10.00, 21750.00, -14037.00, 100.00, -99.89, 13.00
10.00, 21790.00, -14074.00, 100.00, -99.89, 13.00
10.00, 21832.00, -14112.00, 100.00, -99.89, 13.00
10.00, 21871.00, -14150.00, 100.00, -99.89, 13.00
10.00, 21911.00, -14190.00, 100.00, -99.89, 13.00
10.00, 21951.00, -14230.00, 100.00, -99.89, 13.00
10.00, 21991.00, -14271.00, 100.00, -99.89, 13.00
10.00, 22030.00, -14311.00, 100.00, -100.00, 13.00
10.00, 22070.00, -14348.00, 100.00, -100.00, 13.00
10.00, 22110.00, -14386.00, 100.00, -100.00, 13.00
10.00, 22152.00, -14427.00, 100.00, -100.00, 13.00
10.00, 22193.00, -14469.00, 100.00, -100.00, 13.00
10.00, 22232.00, -14508.00, 99.89, -100.00, 13.00
10.00, 22271.00, -14547.00, 99.89, -100.00, 13.00
10.00, 22310.00, -14586.00, 100.00, -100.00, 13.00
10.00, 22351.00, -14623.00, 100.00, -100.00, 13.00
10.00, 22391.00, -14662.00, 100.00, -100.00, 13.00
10.00, 22429.00, -14702.00, 100.00, -100.00, 13.00
10.00, 22469.00, -14744.00, 100.00, -100.00, 13.00
10.00, 22510.00, -14787.00, 100.00, -100.00, 13.00
10.00, 22549.00, -14826.00, 100.00, -100.00, 13.00
10.00, 22588.00, -14864.00, 100.00, -100.00, 13.00
10.00, 22629.00, -14904.00, 100.00, -99.89, 13.00
10.00, 22670.00, -14944.00, 100.00, -99.89, 13.00
10.00, 22708.00, -14984.00, 100.00, -99.89, 13.00
10.00, 22747.00, -15026.00, 100.00, -99.89, 13.00
10.00, 22788.00, -15067.00, 100.00, -99.89, 13.00
10.00, 22827.00, -15108.00, 100.00, -99.89, 13.00
10.00, 22867.00, -15146.00, 100.00, -99.89, 13.00
10.00, 22907.00, -15187.00, 100.00, -99.89, 13.00
10.00, 22948.00, -15229.00, 100.00, -99.89, 13.00
10.00, 22987.00, -15271.00, 100.00, -99.89, 13.00
10.00, 23025.00, -15312.00, 100.00, -100.00, 13.00
10.00, 23065.00, -15352.00, 100.00, -100.00, 13.00
10.00, 23105.00, -15392.00, 100.00, -100.00, 13.00
10.00, 23144.00, -15431.00, 100.00, -100.00, 13.00
10.00, 23184.00, -15471.00, 100.00, -100.00, 13.00
10.00, 23223.00, -15510.00, 99.89, -100.00, 13.00
10.00, 23262.00, -15551.00, 99.89, -100.00, 13.00
10.00, 23302.00, -15591.00, 99.89, -100.00, 13.00
10.00, 23341.00, -15630.00, 99.89, -100.00, 13.00
10.00, 23380.00, -15669.00, 100.00, -100.00, 13.00
10.00, 23420.00, -15709.00, 100.00, -100.00, 13.00
10.00, 23461.00, -15749.00, 100.00, -100.00, 13.00
10.00, 23501.00, -15790.00, 100.00, -100.00, 13.00
10.00, 23539.00, -15830.00, 100.00, -100.00, 13.00
10.00, 23580.00, -15870.00, 100.00, -100.00, 13.00
10.00, 23621.00, -15909.00, 100.00, -100.00, 13.00
10.00, 23661.00, -15947.00, 100.00, -99.89, 13.00
10.00, 23701.00, -15987.00, 100.00, -99.89, 13.00
10.00, 23743.00, -16029.00, 100.00, -99.89, 13.00
10.00, 23783.00, -16070.00, 100.00, -99.89, 13.00
10.00, 23823.00, -16110.00, 100.00, -99.89, 13.00
10.00, 23864.00, -16149.00, 100.00, -99.89, 13.00
10.00, 23905.00, -16186.00, 100.00, -99.89, 13.00
10.00, 23945.00, -16226.00, 100.00, -99.89, 13.00
10.00, 23988.00, -16265.00, 100.00, -99.89, 13.00
10.00, 24028.00, -16307.00, 100.00, -99.89, 13.00
10.00, 24068.00, -16350.00, 100.00, -100.00, 13.00
10.00, 24109.00, -16390.00, 100.00, -100.00, 13.00
10.00, 24152.00, -16426.00, 100.00, -100.00, 13.00
10.00, 24193.00, -16465.00, 100.00, -100.00, 13.00
10.00, 24233.00, -16505.00, 100.00, -100.00, 13.00
10.00, 24275.00, -16547.00, 100.00, -100.00, 13.00
10.00, 24314.00, -16588.00, 100.00, -100.00, 13.00
10.00, 24354.00, -16629.00, 100.00, -100.00, 13.00
10.00, 24395.00, -16667.00, 100.00, -100.00, 13.00
10.00, 24435.00, -16704.00, 100.00, -100.00, 13.00
10.00, 24474.00, -16743.00, 100.00, -100.00, 13.00
10.00, 24515.00, -16783.00, 100.00, -100.00, 13.00
10.00, 24555.00, -16827.00, 100.00, -100.00, 13.00
10.00, 24594.00, -16867.00, 100.00, -100.00, 13.00
10.00, 24634.00, -16904.00, 100.00, -100.00, 13.00
10.00, 24675.00, -16942.00, 100.00, -100.00, 13.00
10.00, 24715.00, -16983.00, 100.00, -99.89, 13.00
10.00, 24756.00, -17024.00, 100.00, -99.89, 13.00
10.00, 24794.00, -17066.00, 100.00, -99.89, 13.00
10.00, 24833.00, -17105.00, 100.00, -99.89, 13.00
10.00, 24873.00, -17145.00, 100.00, -99.89, 13.00
10.00, 24913.00, -17185.00, 100.00, -99.89, 13.00
10.00, 24952.00, -17225.00, 100.00, -99.89, 13.00
10.00, 24992.00, -17265.00, 100.00, -99.89, 13.00
10.00, 25032.00, -17308.00, 100.00, -99.89, 13.00
10.00, 25072.00, -17349.00, 100.00, -100.00, 13.00
10.00, 25111.00, -17389.00, 100.00, -100.00, 13.00
10.00, 25153.00, -17429.00, 100.00, -100.00, 13.00
10.00, 25194.00, -17469.00, 100.00, -100.00, 13.00
10.00, 25233.00, -17508.00, 100.00, -100.00, 13.00
10.00, 25272.00, -17549.00, 99.89, -100.00, 13.00
10.00, 25312.00, -17592.00, 99.89, -100.00, 13.00
10.00, 25352.00, -17632.00, 99.89, -100.00, 13.00
10.00, 25392.00, -17672.00, 99.89, -100.00, 13.00
10.00, 25432.00, -17712.00, 100.00, -100.00, 13.00
10.00, 25473.00, -17752.00, 100.00, -100.00, 13.00
10.00, 25514.00, -17793.00, 100.00, -100.00, 13.00
10.00, 25553.00, -17834.00, 100.00, -100.00, 13.00
10.00, 25593.00, -17873.00, 100.00, -100.00, 13.00
10.00, 25633.00, -17912.00, 100.00, -100.00, 13.00
10.00, 25675.00, -17951.00, 100.00, -100.00, 13.00
10.00, 25714.00, -17990.00, 100.00, -99.89, 13.00
10.00, 25754.00, -18029.00, 100.00, -99.89, 13.00
10.00, 25793.00, -18069.00, 100.00, -99.89, 13.00
10.00, 25833.00, -18109.00, 100.00, -99.89, 13.00
10.00, 25872.00, -18148.00, 100.00, -99.89, 13.00
10.00, 25914.00, -18186.00, 100.00, -99.89, 13.00
10.00, 25954.00, -18225.00, 100.00, -99.89, 13.00
10.00, 25993.00, -18264.00, 100.00, -99.89, 13.00
10.00, 26035.00, -18304.00, 100.00, -99.89, 13.00
10.00, 26074.00, -18344.00, 100.00, -99.89, 13.00
10.00, 26113.00, -18383.00, 100.00, -100.00, 13.00
10.00, 26153.00, -18423.00, 100.00, -100.00, 13.00
10.00, 26194.00, -18460.00, 100.00, -100.00, 13.00
10.00, 26234.00, -18499.00, 100.00, -100.00, 13.00
10.00, 26274.00, -18539.00, 100.00, -100.00, 13.00
10.00, 26314.00, -18581.00, 99.89, -100.00, 13.00
10.00, 26354.00, -18621.00, 99.89, -100.00, 13.00
10.00, 26391.00, -18661.00, 99.89, -100.00, 13.00
10.00, 26433.00, -18699.00, 100.00, -100.00, 13.00
10.00, 26474.00, -18738.00, 100.00, -100.00, 13.00
10.00, 26513.00, -18776.00, 100.00, -100.00, 13.00
10.00, 26552.00, -18816.00, 100.00, -100.00, 13.00
10.00, 26593.00, -18861.00, 100.00, -100.00, 13.00
10.00, 26633.00, -18901.00, 100.00, -100.00, 13.00
10.00, 26673.00, -18940.00, 100.00, -100.00, 13.00
10.00, 26713.00, -18979.00, 100.00, -100.00, 13.00
10.00, 26753.00, -19019.00, 100.00, -99.89, 13.00
10.00, 26794.00, -19059.00, 100.00, -99.89, 13.00
10.00, 26832.00, -19100.00, 100.00, -99.89, 13.00
10.00, 26872.00, -19142.00, 100.00, -99.89, 13.00
10.00, 26912.00, -19183.00, 100.00, -99.89, 13.00
10.00, 26952.00, -19222.00, 100.00, -99.89, 13.00
10.00, 26991.00, -19260.00, 100.00, -99.89, 13.00
10.00, 27030.00, -19300.00, 100.00, -99.89, 13.00
10.00, 27069.00, -19341.00, 100.00, -99.89, 13.00
10.00, 27108.00, -19383.00, 100.00, -99.89, 13.00
10.00, 27146.00, -19423.00, 100.00, -100.00, 13.00
10.00, 27185.00, -19462.00, 100.00, -100.00, 13.00
10.00, 27225.00, -19501.00, 100.00, -100.00, 13.00
10.00, 27265.00, -19541.00, 100.00, -100.00, 13.00
10.00, 27304.00, -19582.00, 99.89, -100.00, 13.00
10.00, 27344.00, -19622.00, 99.89, -100.00, 13.00
10.00, 27384.00, -19664.00, 99.89, -100.00, 13.00
10.00, 27424.00, -19704.00, 99.89, -100.00, 13.00
10.00, 27465.00, -19743.00, 100.00, -100.00, 13.00
10.00, 27504.00, -19783.00, 100.00, -100.00, 13.00
10.00, 27544.00, -19823.00, 100.00, -100.00, 13.00
10.00, 27585.00, -19864.00, 100.00, -100.00, 13.00
10.00, 27625.00, -19906.00, 100.00, -100.00, 13.00
10.00, 27664.00, -19946.00, 100.00, -100.00, 13.00
10.00, 27705.00, -19986.00, 100.00, -100.00, 13.00
10.00, 27747.00, -20024.00, 100.00, -100.00, 13.00
10.00, 27787.00, -20064.00, 100.00, -99.89, 13.00
10.00, 27828.00, -20105.00, 100.00, -99.89, 13.00
10.00, 27869.00, -20148.00, 100.00, -99.89, 13.00
10.00, 27910.00, -20191.00, 100.00, -99.89, 13.00
10.00, 27951.00, -20229.00, 100.00, -99.89, 13.00
10.00, 27991.00, -20266.00, 100.00, -99.89, 13.00
10.00, 28032.00, -20305.00, 100.00, -99.89, 13.00
10.00, 28073.00, -20344.00, 100.00, -99.89, 13.00
10.00, 28115.00, -20386.00, 100.00, -99.89, 13.00
10.00, 28155.00, -20428.00, 100.00, -100.00, 13.00
10.00, 28195.00, -20469.00, 100.00, -100.00, 13.00
10.00, 28235.00, -20506.00, 100.00, -100.00, 13.00
10.00, 28276.00, -20544.00, 100.00, -100.00, 13.00
10.00, 28316.00, -20583.00, 100.00, -100.00, 13.00
10.00, 28356.00, -20623.00, 100.00, -100.00, 13.00
10.00, 28396.00, -20666.00, 100.00, -100.00, 13.00
10.00, 28435.00, -20706.00, 100.00, -100.00, 13.00
10.00, 28476.00, -20743.00, 100.00, -100.00, 13.00
10.00, 28517.00, -20782.00, 100.00, -100.00, 13.00
10.00, 28557.00, -20821.00, 100.00, -100.00, 13.00
10.00, 28598.00, -20860.00, 100.00, -100.00, 13.00
10.00, 28638.00, -20902.00, 100.00, -100.00, 13.00
10.00, 28677.00, -20943.00, 100.00, -100.00, 13.00
10.00, 28717.00, -20983.00, 100.00, -100.00, 13.00
10.00, 28758.00, -21021.00, 100.00, -100.00, 13.00
10.00, 28798.00, -21060.00, 100.00, -99.89, 13.00
10.00, 28840.00, -21102.00, 100.00, -99.89, 13.00
10.00, 28880.00, -21144.00, 100.00, -99.89, 13.00
10.00, 28919.00, -21186.00, 100.00, -99.89, 13.00
10.00, 28959.00, -21227.00, 100.00, -99.89, 13.00
10.00, 29001.00, -21266.00, 100.00, -99.89, 13.00
10.00, 29039.00, -21306.00, 100.00, -99.89, 13.00
10.00, 29079.00, -21345.00, 100.00, -99.89, 13.00
10.00, 29120.00, -21386.00, 100.00, -99.89, 13.00
10.00, 29160.00, -21429.00, 100.00, -99.89, 13.00
10.00, 29199.00, -21470.00, 100.00, -100.00, 13.00
10.00, 29241.00, -21510.00, 100.00, -100.00, 13.00
10.00, 29281.00, -21550.00, 100.00, -100.00, 13.00
10.00, 29322.00, -21591.00, 100.00, -100.00, 13.00
10.00, 29362.00, -21631.00, 100.00, -100.00, 13.00
10.00, 29401.00, -21673.00, 99.89, -100.00, 13.00
10.00, 29441.00, -21713.00, 99.89, -100.00, 13.00
10.00, 29482.00, -21752.00, 100.00, -100.00, 13.00
10.00, 29521.00, -21792.00, 100.00, -100.00, 13.00
10.00, 29560.00, -21832.00, 100.00, -100.00, 13.00
10.00, 29600.00, -21871.00, 100.00, -100.00, 13.00
10.00, 29640.00, -21911.00, 100.00, -100.00, 13.00
10.00, 29679.00, -21952.00, 100.00, -100.00, 13.00
10.00, 29720.00, -21991.00, 100.00, -100.00, 13.00
10.00, 29760.00, -22030.00, 100.00, -100.00, 13.00
10.00, 29801.00, -22071.00, 100.00, -99.89, 13.00
10.00, 29842.00, -22111.00, 100.00, -99.89, 13.00
10.00, 29882.00, -22149.00, 100.00, -99.89, 13.00
10.00, 29922.00, -22190.00, 100.00, -99.89, 13.00
10.00, 29961.00, -22230.00, 100.00, -99.89, 13.00
10.00, 30003.00, -22268.00, 100.00, -99.89, 13.00
10.00, 30042.00, -22306.00, 100.00, -99.89, 13.00
10.00, 30082.00, -22344.00, 100.00, -99.89, 13.00
10.00, 30123.00, -22385.00, 100.00, -99.89, 13.00
10.00, 30163.00, -22426.00, 100.00, -99.89, 13.00
10.00, 30203.00, -22466.00, 100.00, -99.89, 13.00
10.00, 30243.00, -22506.00, 100.00, -100.00, 13.00
10.00, 30285.00, -22545.00, 100.00, -100.00, 13.00
10.00, 30326.00, -22583.00, 100.00, -100.00, 13.00
10.00, 30366.00, -22621.00, 100.00, -100.00, 13.00
10.00, 30406.00, -22663.00, 100.00, -100.00, 13.00
10.00, 30447.00, -22706.00, 99.89, -100.00, 13.00
10.00, 30485.00, -22744.00, 100.00, -100.00, 13.00
10.00, 30525.00, -22783.00, 100.00, -100.00, 13.00
10.00, 30567.00, -22822.00, 100.00, -100.00, 13.00
10.00, 30606.00, -22861.00, 100.00, -100.00, 13.00
11.00, 30646.00, -22901.00, 100.00, -100.00, 13.00
10.00, 30685.00, -22945.00, 100.00, -100.00, 13.00
10.00, 30726.00, -22986.00, 100.00, -100.00, 13.00
10.00, 30765.00, -23025.00, 100.00, -100.00, 13.00
10.00, 30805.00, -23063.00, 100.00, -100.00, 13.00
10.00, 30845.00, -23103.00, 100.00, -99.89, 13.00
10.00, 30884.00, -23142.00, 100.00, -99.89, 13.00
10.00, 30923.00, -23183.00, 100.00, -99.89, 13.00
10.00, 30962.00, -23225.00, 100.00, -99.89, 13.00
10.00, 31001.00, -23266.00, 100.00, -99.89, 13.00
10.00, 31040.00, -23306.00, 100.00, -99.89, 13.00
10.00, 31080.00, -23344.00, 100.00, -99.89, 13.00
10.00, 31120.00, -23384.00, 100.00, -99.89, 13.00
10.00, 31159.00, -23426.00, 100.00, -99.89, 13.00
10.00, 31197.00, -23468.00, 100.00, -99.89, 13.00
10.00, 31236.00, -23509.00, 100.00, -100.00, 13.00
10.00, 31276.00, -23548.00, 100.00, -100.00, 13.00
10.00, 31314.00, -23587.00, 100.00, -100.00, 13.00
10.00, 31353.00, -23628.00, 100.00, -100.00, 13.00
10.00, 31394.00, -23669.00, 99.89, -100.00, 13.00
10.00, 31434.00, -23711.00, 99.89, -100.00, 13.00
10.00, 31473.00, -23751.00, 99.89, -100.00, 13.00
10.00, 31513.00, -23792.00, 99.89, -100.00, 13.00
10.00, 31555.00, -23832.00, 100.00, -100.00, 13.00
10.00, 31594.00, -23872.00, 100.00, -100.00, 13.00
10.00, 31634.00, -23911.00, 100.00, -100.00, 13.00
10.00, 31675.00, -23953.00, 100.00, -100.00, 13.00
10.00, 31716.00, -23997.00, 100.00, -100.00, 13.00
10.00, 31756.00, -24037.00, 100.00, -100.00, 13.00
10.00, 31796.00, -24076.00, 100.00, -100.00, 13.00
10.00, 31839.00, -24114.00, 100.00, -100.00, 13.00
10.00, 31879.00, -24153.00, 100.00, -99.89, 13.00
10.00, 31919.00, -24193.00, 100.00, -99.89, 13.00
10.00, 31961.00, -24235.00, 100.00, -99.89, 13.00
10.00, 32000.00, -24278.00, 100.00, -99.89, 13.00
10.00, 32040.00, -24316.00, 100.00, -99.89, 13.00
10.00, 32080.00, -24353.00, 100.00, -99.89, 13.00
10.00, 32119.00, -24390.00, 100.00, -99.89, 13.00
10.00, 32159.00, -24430.00, 100.00, -99.89, 13.00
10.00, 32200.00, -24470.00, 100.00, -99.89, 13.00
10.00, 32242.00, -24511.00, 100.00, -99.89, 13.00
10.00, 32280.00, -24551.00, 100.00, -100.00, 13.00
10.00, 32321.00, -24588.00, 100.00, -100.00, 13.00
10.00, 32362.00, -24627.00, 100.00, -100.00, 13.00
10.00, 32404.00, -24666.00, 100.00, -100.00, 13.00
10.00, 32444.00, -24706.00, 100.00, -100.00, 13.00
10.00, 32483.00, -24747.00, 100.00, -100.00, 13.00
10.00, 32524.00, -24788.00, 100.00, -100.00, 13.00
10.00, 32565.00, -24826.00, 100.00, -100.00, 13.00
10.00, 32604.00, -24866.00, 100.00, -100.00, 13.00
10.00, 32646.00, -24905.00, 100.00, -100.00, 13.00
10.00, 32689.00, -24945.00, 100.00, -100.00, 13.00
10.00, 32729.00, -24987.00, 100.00, -100.00, 13.00
10.00, 32768.00, -25029.00, 100.00, -100.00, 13.00
10.00, 32809.00, -25069.00, 100.00, -100.00, 13.00
10.00, 32850.00, -25107.00, 100.00, -100.00, 13.00
10.00, 32890.00, -25145.00, 100.00, -99.89, 13.00
10.00, 32932.00, -25184.00, 100.00, -99.89, 13.00
10.00, 32973.00, -25228.00, 100.00, -99.89, 13.00
10.00, 33013.00, -25272.00, 100.00, -99.89, 13.00
10.00, 33051.00, -25311.00, 100.00, -99.89, 13.00
10.00, 33093.00, -25351.00, 100.00, -99.89, 13.00
10.00, 33132.00, -25391.00, 100.00, -99.89, 13.00
10.00, 33172.00, -25431.00, 100.00, -99.89, 13.00
10.00, 33213.00, -25471.00, 100.00, -99.89, 13.00
10.00, 33252.00, -25513.00, 100.00, -99.89, 13.00
10.00, 33291.00, -25554.00, 100.00, -100.00, 13.00
10.00, 33333.00, -25593.00, 100.00, -100.00, 13.00
10.00, 33372.00, -25632.00, 100.00, -100.00, 13.00
10.00, 33411.00, -25672.00, 100.00, -100.00, 13.00
10.00, 33451.00, -25711.00, 99.89, -100.00, 13.00
10.00, 33490.00, -25753.00, 99.89, -100.00, 13.00
10.00, 33530.00, -25793.00, 99.89, -100.00, 13.00
10.00, 33570.00, -25832.00, 99.89, -100.00, 13.00
10.00, 33611.00, -25873.00, 100.00, -100.00, 13.00
10.00, 33650.00, -25914.00, 100.00, -100.00, 13.00
10.00, 33692.00, -25951.00, 100.00, -100.00, 13.00
10.00, 33732.00, -25991.00, 100.00, -100.00, 13.00
10.00, 33771.00, -26032.00, 100.00, -100.00, 13.00
10.00, 33812.00, -26072.00, 100.00, -100.00, 13.00
10.00, 33852.00, -26110.00, 100.00, -100.00, 13.00
10.00, 33893.00, -26150.00, 100.00, -99.89, 13.00
10.00, 33935.00, -26189.00, 100.00, -99.89, 13.00
