9033.00, 2544.00, 1062.00, 100.00, 100.00, 14.00
10.00, 2547.00, 1066.00, 100.00, -100.00, 14.00
10.00, 2559.00, 1069.00, 100.00, -100.00, 14.00
10.00, 2578.00, 1064.00, 100.00, -100.00, 14.00
10.00, 2600.00, 1051.00, 100.00, -100.00, 14.00
10.00, 2627.00, 1030.00, 100.00, -100.00, 14.00
10.00, 2655.00, 1006.00, 100.00, -100.00, 14.00
10.00, 2686.00, 979.00, 100.00, -100.00, 14.00
10.00, 2720.00, 947.00, 100.00, -100.00, 14.00
10.00, 2754.00, 913.00, 100.00, -100.00, 14.00
10.00, 2789.00, 880.00, 100.00, -100.00, 14.00
10.00, 2824.00, 844.00, 100.00, -100.00, 14.00
10.00, 2862.00, 808.00, 100.00, -100.00, 14.00
10.00, 2899.00, 770.00, 100.00, -100.00, 14.00
10.00, 2936.00, 732.00, 100.00, -100.00, 14.00
10.00, 2975.00, 695.00, 100.00, -100.00, 14.00
10.00, 3014.00, 656.00, 100.00, -100.00, 14.00
10.00, 3053.00, 616.00, 100.00, -100.00, 14.00
10.00, 3090.00, 575.00, 100.00, -100.00, 14.00
10.00, 3130.00, 537.00, 100.00, -100.00, 14.00
10.00, 3169.00, 497.00, 100.00, -100.00, 14.00
10.00, 3208.00, 460.00, 100.00, -100.00, 14.00
10.00, 3247.00, 422.00, 100.00, -100.00, 14.00
10.00, 3286.00, 382.00, 100.00, -100.00, 14.00
10.00, 3325.00, 342.00, 100.00, -100.00, 14.00
10.00, 3363.00, 303.00, 99.89, -100.00, 14.00
10.00, 3402.00, 264.00, 99.89, -100.00, 14.00
10.00, 3441.00, 224.00, 99.89, -100.00, 14.00
10.00, 3481.00, 187.00, 99.89, -100.00, 14.00
10.00, 3521.00, 149.00, 99.66, -100.00, 14.00
10.00, 3561.00, 107.00, 96.84, -100.00, 14.00
10.00, 3601.00, 66.00, 70.06, -100.00, 14.00
10.00, 3640.00, 28.00, -33.11, -100.00, 14.00
10.00, 3673.00, -11.00, -90.40, -100.00, 14.00
10.00, 3698.00, -49.00, -98.87, -100.00, 14.00
10.00, 3710.00, -87.00, -99.66, -100.00, 14.00
10.00, 3710.00, -127.00, -99.89, -100.00, 14.00
10.00, 3700.00, -167.00, -99.89, -100.00, 14.00
10.00, 3684.00, -206.00, -99.77, -100.00, 14.00
10.00, 3661.00, -245.00, -99.66, -100.00, 14.00
10.00, 3636.00, -282.00, -98.87, -99.89, 14.00
10.00, 3606.00, -323.00, -94.58, -99.89, 14.00
10.00, 3574.00, -367.00, -70.96, -99.89, 14.00
10.00, 3542.00, -409.00, 6.21, -99.89, 14.00
10.00, 3513.00, -449.00, 81.58, -99.77, 14.00
10.00, 3495.00, -488.00, 97.06, -97.51, 14.00
10.00, 3487.00, -527.00, 99.21, -77.97, 14.00
10.00, 3489.00, -562.00, 99.66, 16.95, 14.00
10.00, 3500.00, -597.00, 99.77, 85.99, 14.00
10.00, 3517.00, -626.00, 99.66, 98.08, 14.00
10.00, 3538.00, -639.00, 99.44, 99.66, 14.00
10.00, 3563.00, -640.00, 99.10, 99.89, 14.00
10.00, 3590.00, -634.00, 98.19, 99.89, 14.00
10.00, 3619.00, -618.00, 95.93, 99.89, 14.00
10.00, 3651.00, -599.00, 92.32, 99.66, 14.00
10.00, 3682.00, -574.00, 82.71, 99.21, 14.00
10.00, 3716.00, -547.00, 69.38, 96.84, 14.00
10.00, 3748.00, -517.00, 48.02, 85.99, 14.00
10.00, 3777.00, -485.00, 27.23, 36.61, 14.00
10.00, 3805.00, -453.00, 8.25, -50.62, 14.00
10.00, 3830.00, -428.00, -10.17, -91.53, 14.00
10.00, 3852.00, -412.00, -14.12, -98.08, 14.00
10.00, 3867.00, -410.00, -18.76, -99.32, 14.00
10.00, 3876.00, -420.00, -8.59, -99.55, 14.00
10.00, 3879.00, -435.00, 16.50, -99.32, 14.00
10.00, 3885.00, -454.00, 48.14, -98.42, 14.00
10.00, 3892.00, -477.00, 71.30, -95.82, 14.00
10.00, 3902.00, -506.00, 82.60, -84.41, 14.00
10.00, 3918.00, -532.00, 87.91, -37.40, 14.00
10.00, 3939.00, -559.00, 90.06, 39.32, 14.00
10.00, 3962.00, -584.00, 88.14, 83.95, 14.00
10.00, 3985.00, -594.00, 83.73, 96.50, 14.00
10.00, 4015.00, -600.00, 73.79, 98.08, 14.00
10.00, 4044.00, -591.00, 49.38, 98.31, 14.00
10.00, 4070.00, -573.00, 5.88, 98.31, 14.00
10.00, 4094.00, -556.00, -42.37, 94.35, 14.00
10.00, 4111.00, -530.00, -72.77, 84.18, 14.00
10.00, 4120.00, -504.00, -86.67, 39.89, 14.00
10.00, 4121.00, -476.00, -91.86, -42.94, 14.00
10.00, 4114.00, -451.00, -92.66, -88.93, 14.00
10.00, 4100.00, -438.00, -91.53, -98.08, 14.00
10.00, 4078.00, -438.00, -85.08, -99.44, 14.00
10.00, 4053.00, -448.00, -65.42, -99.66, 14.00
10.00, 4028.00, -462.00, -15.71, -99.66, 14.00
10.00, 4006.00, -483.00, 46.10, -99.66, 14.00
10.00, 3988.00, -508.00, 80.68, -99.55, 14.00
10.00, 3980.00, -533.00, 93.67, -99.32, 14.00
10.00, 3980.00, -560.00, 97.06, -98.98, 14.00
10.00, 3990.00, -593.00, 97.97, -98.53, 14.00
10.00, 4008.00, -630.00, 97.97, -97.74, 14.00
10.00, 4025.00, -662.00, 96.84, -94.80, 14.00
10.00, 4051.00, -697.00, 94.58, -92.32, 14.00
10.00, 4081.00, -739.00, 88.59, -86.78, 14.00
10.00, 4107.00, -768.00, 68.14, -72.32, 14.00
10.00, 4137.00, -801.00, 32.32, -59.89, 14.00
10.00, 4166.00, -835.00, -16.16, -37.40, 14.00
10.00, 4188.00, -867.00, -57.85, -3.73, 14.00
10.00, 4205.00, -893.00, -77.06, 28.14, 14.00
10.00, 4211.00, -913.00, -85.31, 54.35, 14.00
10.00, 4210.00, -924.00, -87.57, 67.23, 14.00
10.00, 4199.00, -926.00, -87.12, 70.17, 14.00
10.00, 4180.00, -923.00, -84.63, 65.31, 14.00
10.00, 4160.00, -913.00, -80.34, 54.46, 14.00
10.00, 4136.00, -901.00, -76.27, 35.71, 14.00
10.00, 4112.00, -886.00, -72.88, 11.30, 14.00
10.00, 4087.00, -873.00, -71.19, -12.66, 14.00
10.00, 4060.00, -860.00, -71.53, -31.19, 14.00
10.00, 4032.00, -854.00, -73.67, -43.05, 14.00
10.00, 4004.00, -855.00, -77.40, -47.91, 14.00
10.00, 3974.00, -860.00, -81.47, -47.68, 14.00
10.00, 3944.00, -871.00, -85.76, -45.08, 14.00
10.00, 3911.00, -884.00, -89.38, -42.49, 14.00
10.00, 3880.00, -895.00, -92.32, -41.13, 14.00
10.00, 3847.00, -906.00, -94.58, -41.58, 14.00
10.00, 3814.00, -919.00, -96.27, -43.62, 14.00
10.00, 3779.00, -933.00, -97.40, -47.91, 14.00
10.00, 3742.00, -947.00, -98.31, -53.22, 14.00
10.00, 3705.00, -964.00, -98.87, -59.77, 14.00
10.00, 3666.00, -984.00, -99.32, -67.68, 14.00
10.00, 3626.00, -1004.00, -99.55, -75.14, 14.00
10.00, 3588.00, -1025.00, -99.77, -82.26, 14.00
10.00, 3550.00, -1048.00, -99.77, -87.23, 14.00
10.00, 3511.00, -1072.00, -99.89, -91.53, 14.00
10.00, 3468.00, -1100.00, -99.89, -94.35, 14.00
10.00, 3428.00, -1131.00, -99.89, -96.50, 14.00
10.00, 3388.00, -1162.00, -99.89, -97.97, 14.00
10.00, 3347.00, -1198.00, -99.89, -98.76, 14.00
10.00, 3307.00, -1232.00, -99.89, -99.32, 14.00
10.00, 3267.00, -1266.00, -99.89, -99.55, 14.00
10.00, 3228.00, -1303.00, -99.89, -99.66, 14.00
10.00, 3186.00, -1339.00, -99.89, -99.77, 14.00
10.00, 3146.00, -1374.00, -99.89, -99.89, 14.00
10.00, 3104.00, -1411.00, -99.89, -99.89, 14.00
10.00, 3061.00, -1451.00, -99.89, -99.89, 14.00
10.00, 3021.00, -1489.00, -100.00, -99.89, 14.00
10.00, 2981.00, -1527.00, -100.00, -99.89, 14.00
10.00, 2939.00, -1565.00, -100.00, -99.89, 14.00
10.00, 2896.00, -1603.00, -100.00, -99.89, 14.00
10.00, 2855.00, -1643.00, -100.00, -99.89, 14.00
10.00, 2813.00, -1683.00, -100.00, -99.89, 14.00
10.00, 2770.00, -1724.00, -100.00, -99.89, 14.00
10.00, 2729.00, -1763.00, -100.00, -99.89, 14.00
10.00, 2687.00, -1802.00, -100.00, -99.89, 14.00
10.00, 2643.00, -1839.00, -100.00, -99.89, 14.00
10.00, 2601.00, -1877.00, -100.00, -99.89, 14.00
10.00, 2559.00, -1918.00, -100.00, -99.89, 14.00
10.00, 2518.00, -1960.00, -100.00, -100.00, 14.00
10.00, 2476.00, -1999.00, -100.00, -100.00, 14.00
10.00, 2434.00, -2039.00, -100.00, -100.00, 14.00
10.00, 2391.00, -2077.00, -100.00, -100.00, 14.00
10.00, 2349.00, -2114.00, -100.00, -100.00, 14.00
10.00, 2308.00, -2154.00, -100.00, -100.00, 14.00
10.00, 2267.00, -2195.00, -100.00, -100.00, 14.00
10.00, 2225.00, -2234.00, -100.00, -100.00, 14.00
10.00, 2182.00, -2275.00, -100.00, -100.00, 14.00
10.00, 2140.00, -2316.00, -100.00, -100.00, 14.00
10.00, 2099.00, -2353.00, -100.00, -100.00, 14.00
10.00, 2056.00, -2390.00, -100.00, -100.00, 14.00
10.00, 2015.00, -2431.00, -100.00, -100.00, 14.00
10.00, 1976.00, -2474.00, -100.00, -100.00, 14.00
10.00, 1933.00, -2514.00, -100.00, -100.00, 14.00
10.00, 1891.00, -2555.00, -100.00, -100.00, 14.00
10.00, 1848.00, -2595.00, -100.00, -100.00, 14.00
10.00, 1808.00, -2633.00, -100.00, -100.00, 14.00
10.00, 1768.00, -2672.00, -100.00, -100.00, 14.00
10.00, 1727.00, -2713.00, -100.00, -100.00, 14.00
10.00, 1685.00, -2756.00, -100.00, -100.00, 14.00
10.00, 1640.00, -2798.00, -100.00, -100.00, 14.00
10.00, 1595.00, -2839.00, -100.00, -100.00, 14.00
10.00, 1552.00, -2876.00, -100.00, -100.00, 14.00
10.00, 1512.00, -2916.00, -100.00, -100.00, 14.00
10.00, 1472.00, -2958.00, -100.00, -100.00, 14.00
10.00, 1429.00, -3000.00, -100.00, -100.00, 14.00
10.00, 1384.00, -3041.00, -100.00, -100.00, 14.00
10.00, 1340.00, -3084.00, -100.00, -100.00, 14.00
10.00, 1298.00, -3122.00, -100.00, -100.00, 14.00
10.00, 1255.00, -3161.00, -100.00, -100.00, 14.00
10.00, 1214.00, -3203.00, -100.00, -100.00, 14.00
10.00, 1173.00, -3245.00, -100.00, -100.00, 14.00
10.00, 1128.00, -3287.00, -100.00, -100.00, 14.00
10.00, 1084.00, -3327.00, -100.00, -100.00, 14.00
10.00, 1042.00, -3368.00, -100.00, -100.00, 14.00
10.00, 999.00, -3406.00, -100.00, -100.00, 14.00
10.00, 960.00, -3445.00, -100.00, -100.00, 14.00
10.00, 918.00, -3485.00, -100.00, -100.00, 14.00
10.00, 875.00, -3527.00, -100.00, -100.00, 14.00
10.00, 833.00, -3565.00, -100.00, -100.00, 14.00
10.00, 792.00, -3604.00, -100.00, -100.00, 14.00
10.00, 750.00, -3643.00, -100.00, -100.00, 14.00
10.00, 711.00, -3683.00, -100.00, -100.00, 14.00
10.00, 671.00, -3725.00, -100.00, -100.00, 14.00
10.00, 628.00, -3765.00, -100.00, -100.00, 14.00
10.00, 587.00, -3804.00, -100.00, -100.00, 14.00
10.00, 545.00, -3844.00, -100.00, -100.00, 14.00
10.00, 501.00, -3884.00, -100.00, -100.00, 14.00
10.00, 461.00, -3920.00, -100.00, -100.00, 14.00
10.00, 422.00, -3960.00, -100.00, -100.00, 14.00
10.00, 380.00, -4002.00, -100.00, -100.00, 14.00
10.00, 339.00, -4042.00, -100.00, -100.00, 14.00
10.00, 295.00, -4085.00, -100.00, -100.00, 14.00
10.00, 251.00, -4127.00, -99.89, -100.00, 14.00
10.00, 211.00, -4163.00, -99.89, -100.00, 14.00
10.00, 172.00, -4201.00, -99.89, -100.00, 14.00
10.00, 128.00, -4241.00, -100.00, -100.00, 14.00
10.00, 82.00, -4283.00, -100.00, -100.00, 14.00
10.00, 39.00, -4326.00, -100.00, -100.00, 14.00
10.00, -4.00, -4370.00, -100.00, -100.00, 14.00
10.00, -46.00, -4407.00, -100.00, -100.00, 14.00
10.00, -87.00, -4442.00, -100.00, -100.00, 14.00
10.00, -131.00, -4483.00, -100.00, -100.00, 14.00
10.00, -175.00, -4526.00, -100.00, -100.00, 14.00
10.00, -218.00, -4567.00, -100.00, -100.00, 14.00
10.00, -262.00, -4610.00, -100.00, -100.00, 14.00
10.00, -306.00, -4649.00, -100.00, -100.00, 14.00
10.00, -346.00, -4684.00, -100.00, -100.00, 14.00
10.00, -389.00, -4724.00, -100.00, -100.00, 14.00
10.00, -435.00, -4766.00, -100.00, -100.00, 14.00
10.00, -478.00, -4808.00, -100.00, -100.00, 14.00
10.00, -519.00, -4849.00, -100.00, -99.89, 14.00
10.00, -562.00, -4888.00, -100.00, -99.89, 14.00
10.00, -602.00, -4926.00, -100.00, -100.00, 14.00
10.00, -644.00, -4967.00, -100.00, -100.00, 14.00
10.00, -687.00, -5008.00, -100.00, -100.00, 14.00
10.00, -731.00, -5049.00, -100.00, -100.00, 14.00
10.00, -774.00, -5090.00, -100.00, -100.00, 14.00
10.00, -816.00, -5131.00, -100.00, -100.00, 14.00
10.00, -857.00, -5170.00, -100.00, -100.00, 14.00
10.00, -900.00, -5208.00, -100.00, -100.00, 14.00
10.00, -943.00, -5248.00, -100.00, -100.00, 14.00
10.00, -988.00, -5291.00, -100.00, -100.00, 14.00
10.00, -1031.00, -5333.00, -100.00, -100.00, 14.00
10.00, -1072.00, -5372.00, -100.00, -100.00, 14.00
10.00, -1113.00, -5411.00, -100.00, -100.00, 14.00
10.00, -1155.00, -5451.00, -100.00, -100.00, 14.00
10.00, -1200.00, -5490.00, -100.00, -100.00, 14.00
10.00, -1243.00, -5531.00, -100.00, -100.00, 14.00
10.00, -1287.00, -5573.00, -100.00, -100.00, 14.00
10.00, -1330.00, -5614.00, -100.00, -100.00, 14.00
10.00, -1372.00, -5653.00, -100.00, -100.00, 14.00
10.00, -1413.00, -5691.00, -100.00, -100.00, 14.00
10.00, -1457.00, -5730.00, -100.00, -100.00, 14.00
10.00, -1499.00, -5771.00, -100.00, -100.00, 14.00
10.00, -1541.00, -5813.00, -100.00, -100.00, 14.00
10.00, -1583.00, -5853.00, -100.00, -100.00, 14.00
10.00, -1624.00, -5891.00, -100.00, -100.00, 14.00
10.00, -1665.00, -5928.00, -100.00, -100.00, 14.00
10.00, -1708.00, -5967.00, -100.00, -100.00, 14.00
10.00, -1751.00, -6007.00, -100.00, -100.00, 14.00
10.00, -1792.00, -6048.00, -100.00, -100.00, 14.00
10.00, -1832.00, -6089.00, -100.00, -100.00, 14.00
10.00, -1873.00, -6128.00, -100.00, -100.00, 14.00
10.00, -1915.00, -6165.00, -100.00, -100.00, 14.00
10.00, -1956.00, -6203.00, -100.00, -100.00, 14.00
10.00, -1998.00, -6243.00, -100.00, -100.00, 14.00
10.00, -2042.00, -6286.00, -100.00, -100.00, 14.00
10.00, -2083.00, -6326.00, -100.00, -100.00, 14.00
10.00, -2124.00, -6364.00, -100.00, -100.00, 14.00
10.00, -2167.00, -6405.00, -100.00, -100.00, 14.00
10.00, -2211.00, -6443.00, -100.00, -100.00, 14.00
10.00, -2253.00, -6480.00, -100.00, -100.00, 14.00
10.00, -2297.00, -6522.00, -100.00, -100.00, 14.00
10.00, -2338.00, -6567.00, -100.00, -100.00, 14.00
10.00, -2379.00, -6605.00, -100.00, -100.00, 14.00
10.00, -2424.00, -6645.00, -100.00, -100.00, 14.00
10.00, -2469.00, -6683.00, -100.00, -100.00, 14.00
10.00, -2511.00, -6723.00, -100.00, -100.00, 14.00
10.00, -2554.00, -6763.00, -100.00, -100.00, 14.00
10.00, -2597.00, -6805.00, -100.00, -100.00, 14.00
10.00, -2638.00, -6846.00, -100.00, -100.00, 14.00
10.00, -2684.00, -6889.00, -100.00, -100.00, 14.00
10.00, -2727.00, -6929.00, -100.00, -100.00, 14.00
10.00, -2768.00, -6967.00, -100.00, -100.00, 14.00
10.00, -2813.00, -7009.00, -100.00, -100.00, 14.00
10.00, -2855.00, -7051.00, -100.00, -100.00, 14.00
10.00, -2896.00, -7093.00, -100.00, -100.00, 14.00
10.00, -2938.00, -7134.00, -100.00, -100.00, 14.00
10.00, -2983.00, -7175.00, -100.00, -100.00, 14.00
10.00, -3025.00, -7213.00, -100.00, -100.00, 14.00
10.00, -3066.00, -7251.00, -100.00, -100.00, 14.00
10.00, -3106.00, -7292.00, -100.00, -100.00, 14.00
10.00, -3147.00, -7333.00, -100.00, -100.00, 14.00
10.00, -3189.00, -7373.00, -100.00, -100.00, 14.00
10.00, -3233.00, -7412.00, -100.00, -100.00, 14.00
10.00, -3275.00, -7453.00, -100.00, -100.00, 14.00
10.00, -3316.00, -7493.00, -100.00, -100.00, 14.00
10.00, -3356.00, -7534.00, -100.00, -100.00, 14.00
10.00, -3397.00, -7573.00, -100.00, -100.00, 14.00
10.00, -3438.00, -7613.00, -100.00, -100.00, 14.00
10.00, -3481.00, -7654.00, -100.00, -100.00, 14.00
10.00, -3526.00, -7694.00, -100.00, -100.00, 14.00
10.00, -3569.00, -7732.00, -100.00, -100.00, 14.00
10.00, -3610.00, -7772.00, -100.00, -100.00, 14.00
10.00, -3649.00, -7813.00, -100.00, -100.00, 14.00
10.00, -3692.00, -7853.00, -100.00, -100.00, 14.00
10.00, -3735.00, -7895.00, -100.00, -100.00, 14.00
10.00, -3778.00, -7935.00, -100.00, -100.00, 14.00
10.00, -3822.00, -7975.00, -100.00, -100.00, 14.00
10.00, -3864.00, -8013.00, -100.00, -100.00, 14.00
10.00, -3902.00, -8051.00, -100.00, -100.00, 14.00
10.00, -3944.00, -8093.00, -100.00, -100.00, 14.00
10.00, -3987.00, -8134.00, -100.00, -100.00, 14.00
10.00, -4033.00, -8175.00, -100.00, -100.00, 14.00
10.00, -4074.00, -8217.00, -100.00, -100.00, 14.00
10.00, -4118.00, -8254.00, -100.00, -100.00, 14.00
10.00, -4160.00, -8292.00, -100.00, -100.00, 14.00
10.00, -4202.00, -8332.00, -100.00, -100.00, 14.00
10.00, -4244.00, -8376.00, -100.00, -100.00, 14.00
10.00, -4288.00, -8418.00, -100.00, -100.00, 14.00
10.00, -4331.00, -8459.00, -100.00, -100.00, 14.00
10.00, -4372.00, -8497.00, -100.00, -100.00, 14.00
10.00, -4412.00, -8531.00, -100.00, -100.00, 14.00
10.00, -4453.00, -8570.00, -100.00, -100.00, 14.00
10.00, -4495.00, -8612.00, -100.00, -100.00, 14.00
10.00, -4540.00, -8654.00, -100.00, -100.00, 14.00
10.00, -4584.00, -8694.00, -100.00, -100.00, 14.00
10.00, -4627.00, -8733.00, -100.00, -100.00, 14.00
10.00, -4668.00, -8771.00, -100.00, -100.00, 14.00
10.00, -4709.00, -8811.00, -100.00, -100.00, 14.00
10.00, -4752.00, -8852.00, -100.00, -100.00, 14.00
10.00, -4796.00, -8894.00, -100.00, -100.00, 14.00
10.00, -4840.00, -8935.00, -100.00, -100.00, 14.00
10.00, -4883.00, -8977.00, -100.00, -100.00, 14.00
10.00, -4925.00, -9016.00, -100.00, -100.00, 14.00
10.00, -4966.00, -9053.00, -100.00, -100.00, 14.00
10.00, -5011.00, -9095.00, -100.00, -100.00, 14.00
10.00, -5055.00, -9138.00, -100.00, -100.00, 14.00
10.00, -5098.00, -9178.00, -100.00, -100.00, 14.00
10.00, -5142.00, -9220.00, -100.00, -100.00, 14.00
10.00, -5185.00, -9260.00, -100.00, -100.00, 14.00
10.00, -5226.00, -9298.00, -100.00, -100.00, 14.00
10.00, -5268.00, -9338.00, -100.00, -100.00, 14.00
10.00, -5312.00, -9381.00, -100.00, -100.00, 14.00
10.00, -5354.00, -9424.00, -100.00, -100.00, 14.00
10.00, -5396.00, -9464.00, -100.00, -100.00, 14.00
10.00, -5439.00, -9504.00, -100.00, -100.00, 14.00
10.00, -5480.00, -9543.00, -100.00, -100.00, 14.00
10.00, -5522.00, -9583.00, -100.00, -100.00, 14.00
10.00, -5565.00, -9623.00, -100.00, -100.00, 14.00
10.00, -5606.00, -9665.00, -100.00, -100.00, 14.00
10.00, -5648.00, -9705.00, -100.00, -100.00, 14.00
10.00, -5687.00, -9744.00, -100.00, -100.00, 14.00
10.00, -5727.00, -9782.00, -100.00, -100.00, 14.00
10.00, -5768.00, -9821.00, -100.00, -100.00, 14.00
10.00, -5811.00, -9860.00, -100.00, -100.00, 14.00
10.00, -5853.00, -9903.00, -100.00, -100.00, 14.00
10.00, -5895.00, -9943.00, -99.89, -100.00, 14.00
10.00, -5936.00, -9981.00, -99.89, -100.00, 14.00
10.00, -5976.00, -10018.00, -100.00, -100.00, 14.00
10.00, -6019.00, -10056.00, -100.00, -100.00, 14.00
10.00, -6062.00, -10098.00, -100.00, -100.00, 14.00
10.00, -6106.00, -10138.00, -100.00, -100.00, 14.00
10.00, -6148.00, -10178.00, -100.00, -100.00, 14.00
10.00, -6191.00, -10219.00, -100.00, -100.00, 14.00
10.00, -6232.00, -10256.00, -100.00, -100.00, 14.00
10.00, -6275.00, -10293.00, -100.00, -100.00, 14.00
10.00, -6318.00, -10333.00, -100.00, -100.00, 14.00
10.00, -6361.00, -10376.00, -100.00, -100.00, 14.00
10.00, -6404.00, -10417.00, -100.00, -100.00, 14.00
10.00, -6446.00, -10456.00, -100.00, -100.00, 14.00
10.00, -6490.00, -10495.00, -100.00, -100.00, 14.00
10.00, -6532.00, -10534.00, -100.00, -100.00, 14.00
10.00, -6575.00, -10570.00, -100.00, -100.00, 14.00
10.00, -6619.00, -10611.00, -100.00, -100.00, 14.00
10.00, -6663.00, -10654.00, -100.00, -100.00, 14.00
10.00, -6704.00, -10696.00, -100.00, -100.00, 14.00
10.00, -6746.00, -10735.00, -100.00, -100.00, 14.00
10.00, -6790.00, -10775.00, -100.00, -100.00, 14.00
10.00, -6831.00, -10815.00, -100.00, -100.00, 14.00
10.00, -6872.00, -10855.00, -100.00, -100.00, 14.00
10.00, -6916.00, -10897.00, -100.00, -100.00, 14.00
10.00, -6957.00, -10938.00, -100.00, -100.00, 14.00
10.00, -6999.00, -10978.00, -100.00, -100.00, 14.00
10.00, -7041.00, -11019.00, -100.00, -100.00, 14.00
10.00, -7085.00, -11056.00, -100.00, -100.00, 14.00
10.00, -7127.00, -11096.00, -100.00, -100.00, 14.00
10.00, -7169.00, -11137.00, -100.00, -100.00, 14.00
10.00, -7210.00, -11179.00, -100.00, -100.00, 14.00
10.00, -7251.00, -11218.00, -100.00, -100.00, 14.00
10.00, -7294.00, -11258.00, -100.00, -100.00, 14.00
10.00, -7338.00, -11298.00, -100.00, -100.00, 14.00
10.00, -7380.00, -11339.00, -100.00, -100.00, 14.00
10.00, -7422.00, -11378.00, -100.00, -100.00, 14.00
10.00, -7464.00, -11419.00, -100.00, -100.00, 14.00
10.00, -7506.00, -11459.00, -100.00, -100.00, 14.00
10.00, -7550.00, -11500.00, -100.00, -100.00, 14.00
10.00, -7593.00, -11540.00, -100.00, -100.00, 14.00
10.00, -7636.00, -11579.00, -100.00, -100.00, 14.00
10.00, -7678.00, -11619.00, -100.00, -100.00, 14.00
10.00, -7718.00, -11662.00, -100.00, -100.00, 14.00
10.00, -7759.00, -11702.00, -100.00, -100.00, 14.00
10.00, -7803.00, -11744.00, -100.00, -100.00, 14.00
10.00, -7846.00, -11785.00, -100.00, -100.00, 14.00
10.00, -7888.00, -11824.00, -100.00, -100.00, 14.00
10.00, -7930.00, -11863.00, -100.00, -100.00, 14.00
10.00, -7972.00, -11903.00, -100.00, -100.00, 14.00
10.00, -8012.00, -11945.00, -100.00, -100.00, 14.00
10.00, -8054.00, -11988.00, -100.00, -100.00, 14.00
10.00, -8099.00, -12029.00, -100.00, -100.00, 14.00
10.00, -8140.00, -12067.00, -100.00, -100.00, 14.00
10.00, -8181.00, -12106.00, -100.00, -100.00, 14.00
10.00, -8221.00, -12144.00, -100.00, -100.00, 14.00
10.00, -8262.00, -12184.00, -100.00, -100.00, 14.00
10.00, -8304.00, -12226.00, -100.00, -100.00, 14.00
10.00, -8347.00, -12268.00, -100.00, -100.00, 14.00
10.00, -8392.00, -12308.00, -100.00, -100.00, 14.00
10.00, -8434.00, -12346.00, -100.00, -100.00, 14.00
10.00, -8477.00, -12383.00, -100.00, -100.00, 14.00
10.00, -8517.00, -12422.00, -100.00, -100.00, 14.00
10.00, -8559.00, -12463.00, -100.00, -100.00, 14.00
10.00, -8603.00, -12504.00, -100.00, -100.00, 14.00
10.00, -8648.00, -12545.00, -100.00, -100.00, 14.00
10.00, -8693.00, -12585.00, -100.00, -100.00, 14.00
10.00, -8735.00, -12623.00, -100.00, -100.00, 14.00
10.00, -8775.00, -12662.00, -100.00, -100.00, 14.00
10.00, -8820.00, -12702.00, -100.00, -100.00, 14.00
10.00, -8864.00, -12744.00, -100.00, -100.00, 14.00
10.00, -8909.00, -12787.00, -100.00, -100.00, 14.00
10.00, -8952.00, -12825.00, -100.00, -100.00, 14.00
10.00, -8994.00, -12863.00, -100.00, -100.00, 14.00
10.00, -9036.00, -12904.00, -100.00, -100.00, 14.00
10.00, -9079.00, -12946.00, -100.00, -100.00, 14.00
10.00, -9121.00, -12988.00, -100.00, -100.00, 14.00
10.00, -9166.00, -13030.00, -100.00, -100.00, 14.00
10.00, -9209.00, -13071.00, -100.00, -100.00, 14.00
10.00, -9251.00, -13111.00, -100.00, -100.00, 14.00
10.00, -9292.00, -13148.00, -100.00, -100.00, 14.00
10.00, -9333.00, -13190.00, -100.00, -100.00, 14.00
10.00, -9376.00, -13234.00, -100.00, -100.00, 14.00
10.00, -9418.00, -13276.00, -100.00, -100.00, 14.00
10.00, -9459.00, -13318.00, -100.00, -100.00, 14.00
10.00, -9501.00, -13358.00, -100.00, -100.00, 14.00
10.00, -9541.00, -13396.00, -100.00, -100.00, 14.00
10.00, -9581.00, -13436.00, -100.00, -100.00, 14.00
10.00, -9623.00, -13479.00, -100.00, -100.00, 14.00
10.00, -9665.00, -13521.00, -100.00, -100.00, 14.00
10.00, -9707.00, -13561.00, -100.00, -100.00, 14.00
10.00, -9750.00, -13601.00, -100.00, -100.00, 14.00
10.00, -9789.00, -13641.00, -100.00, -100.00, 14.00
10.00, -9829.00, -13680.00, -100.00, -100.00, 14.00
10.00, -9873.00, -13721.00, -100.00, -100.00, 14.00
10.00, -9917.00, -13762.00, -100.00, -100.00, 14.00
10.00, -9959.00, -13801.00, -100.00, -100.00, 14.00
10.00, -10002.00, -13840.00, -100.00, -100.00, 14.00
10.00, -10043.00, -13880.00, -100.00, -100.00, 14.00
10.00, -10084.00, -13920.00, -100.00, -100.00, 14.00
10.00, -10126.00, -13960.00, -100.00, -100.00, 14.00
10.00, -10170.00, -14000.00, -100.00, -100.00, 14.00
10.00, -10214.00, -14041.00, -100.00, -100.00, 14.00
10.00, -10256.00, -14079.00, -100.00, -100.00, 14.00
10.00, -10298.00, -14117.00, -100.00, -100.00, 14.00
10.00, -10340.00, -14155.00, -100.00, -100.00, 14.00
10.00, -10382.00, -14197.00, -100.00, -100.00, 14.00
10.00, -10426.00, -14237.00, -100.00, -100.00, 14.00
10.00, -10471.00, -14277.00, -100.00, -100.00, 14.00
10.00, -10512.00, -14319.00, -100.00, -100.00, 14.00
10.00, -10553.00, -14357.00, -100.00, -100.00, 14.00
10.00, -10594.00, -14393.00, -100.00, -100.00, 14.00
10.00, -10637.00, -14432.00, -100.00, -100.00, 14.00
10.00, -10681.00, -14474.00, -100.00, -100.00, 14.00
10.00, -10724.00, -14517.00, -100.00, -100.00, 14.00
10.00, -10766.00, -14557.00, -100.00, -100.00, 14.00
10.00, -10807.00, -14597.00, -100.00, -100.00, 14.00
10.00, -10848.00, -14635.00, -100.00, -100.00, 14.00
10.00, -10890.00, -14673.00, -100.00, -100.00, 14.00
10.00, -10934.00, -14713.00, -100.00, -100.00, 14.00
10.00, -10978.00, -14756.00, -100.00, -100.00, 14.00
10.00, -11021.00, -14799.00, -100.00, -100.00, 14.00
10.00, -11062.00, -14840.00, -100.00, -100.00, 14.00
10.00, -11104.00, -14875.00, -100.00, -100.00, 14.00
10.00, -11145.00, -14914.00, -100.00, -100.00, 14.00
10.00, -11190.00, -14953.00, -100.00, -100.00, 14.00
10.00, -11234.00, -14994.00, -100.00, -100.00, 14.00
10.00, -11277.00, -15037.00, -100.00, -100.00, 14.00
10.00, -11318.00, -15078.00, -100.00, -100.00, 14.00
10.00, -11361.00, -15118.00, -100.00, -100.00, 14.00
10.00, -11405.00, -15157.00, -100.00, -100.00, 14.00
10.00, -11448.00, -15197.00, -100.00, -100.00, 14.00
10.00, -11491.00, -15238.00, -100.00, -100.00, 14.00
10.00, -11534.00, -15280.00, -100.00, -100.00, 14.00
10.00, -11574.00, -15321.00, -100.00, -100.00, 14.00
10.00, -11616.00, -15360.00, -100.00, -100.00, 14.00
10.00, -11660.00, -15399.00, -100.00, -100.00, 14.00
10.00, -11702.00, -15440.00, -100.00, -100.00, 14.00
10.00, -11745.00, -15481.00, -100.00, -100.00, 14.00
10.00, -11788.00, -15523.00, -100.00, -100.00, 14.00
10.00, -11829.00, -15564.00, -100.00, -100.00, 14.00
10.00, -11870.00, -15607.00, -100.00, -100.00, 14.00
10.00, -11912.00, -15647.00, -100.00, -100.00, 14.00
10.00, -11953.00, -15685.00, -100.00, -100.00, 14.00
10.00, -11994.00, -15724.00, -100.00, -100.00, 14.00
10.00, -12035.00, -15767.00, -100.00, -100.00, 14.00
10.00, -12075.00, -15810.00, -100.00, -100.00, 14.00
10.00, -12115.00, -15849.00, -100.00, -100.00, 14.00
10.00, -12159.00, -15889.00, -100.00, -100.00, 14.00
10.00, -12203.00, -15929.00, -100.00, -100.00, 14.00
10.00, -12245.00, -15968.00, -100.00, -100.00, 14.00
10.00, -12286.00, -16009.00, -100.00, -100.00, 14.00
10.00, -12327.00, -16052.00, -100.00, -100.00, 14.00
10.00, -12369.00, -16093.00, -100.00, -100.00, 14.00
10.00, -12414.00, -16132.00, -100.00, -100.00, 14.00
10.00, -12458.00, -16170.00, -100.00, -100.00, 14.00
10.00, -12501.00, -16207.00, -100.00, -100.00, 14.00
10.00, -12545.00, -16246.00, -100.00, -100.00, 14.00
10.00, -12585.00, -16287.00, -100.00, -100.00, 14.00
10.00, -12627.00, -16327.00, -100.00, -100.00, 14.00
10.00, -12672.00, -16368.00, -100.00, -100.00, 14.00
10.00, -12718.00, -16408.00, -100.00, -100.00, 14.00
10.00, -12763.00, -16447.00, -100.00, -100.00, 14.00
10.00, -12804.00, -16487.00, -100.00, -100.00, 14.00
10.00, -12847.00, -16527.00, -100.00, -100.00, 14.00
10.00, -12890.00, -16567.00, -100.00, -100.00, 14.00
10.00, -12933.00, -16609.00, -100.00, -100.00, 14.00
