11109.00, 1700.00, 2984.00, 100.00, 100.00, 15.00
10.00, 1704.00, 2986.00, 99.89, 100.00, 15.00
10.00, 1719.00, 2998.00, 99.89, 100.00, 15.00
10.00, 1736.00, 3016.00, 99.89, 100.00, 15.00
10.00, 1759.00, 3039.00, 99.89, 100.00, 15.00
10.00, 1784.00, 3065.00, 99.89, 100.00, 15.00
10.00, 1812.00, 3093.00, 99.89, 100.00, 15.00
10.00, 1843.00, 3127.00, 100.00, 100.00, 15.00
10.00, 1876.00, 3160.00, 100.00, 100.00, 15.00
10.00, 1909.00, 3195.00, 100.00, 100.00, 15.00
10.00, 1943.00, 3231.00, 100.00, 100.00, 15.00
10.00, 1979.00, 3268.00, 100.00, 100.00, 15.00
10.00, 2017.00, 3306.00, 100.00, 100.00, 15.00
10.00, 2052.00, 3344.00, 100.00, 100.00, 15.00
10.00, 2090.00, 3386.00, 100.00, 100.00, 15.00
10.00, 2128.00, 3426.00, 100.00, 100.00, 15.00
10.00, 2165.00, 3463.00, 100.00, 100.00, 15.00
10.00, 2202.00, 3505.00, 100.00, 100.00, 15.00
10.00, 2240.00, 3544.00, 100.00, 100.00, 15.00
10.00, 2277.00, 3587.00, 100.00, 100.00, 15.00
10.00, 2317.00, 3631.00, 100.00, 100.00, 15.00
10.00, 2357.00, 3675.00, 100.00, 100.00, 15.00
10.00, 2395.00, 3716.00, 100.00, 100.00, 15.00
10.00, 2434.00, 3754.00, 100.00, 100.00, 15.00
10.00, 2473.00, 3793.00, 100.00, 100.00, 15.00
10.00, 2512.00, 3835.00, 100.00, 100.00, 15.00
10.00, 2550.00, 3880.00, 100.00, 100.00, 15.00
10.00, 2591.00, 3922.00, 100.00, 100.00, 15.00
10.00, 2632.00, 3963.00, 100.00, 100.00, 15.00
10.00, 2670.00, 4004.00, 100.00, 100.00, 15.00
10.00, 2709.00, 4044.00, 100.00, 100.00, 15.00
10.00, 2749.00, 4084.00, 100.00, 100.00, 15.00
10.00, 2789.00, 4126.00, 100.00, 100.00, 15.00
10.00, 2830.00, 4171.00, 100.00, 100.00, 15.00
10.00, 2870.00, 4212.00, 100.00, 100.00, 15.00
10.00, 2910.00, 4251.00, 100.00, 100.00, 15.00
10.00, 2949.00, 4292.00, 100.00, 99.89, 15.00
10.00, 2989.00, 4331.00, 100.00, 99.89, 15.00
10.00, 3027.00, 4372.00, 100.00, 99.89, 15.00
10.00, 3067.00, 4416.00, 100.00, 99.44, 15.00
10.00, 3107.00, 4457.00, 100.00, 85.65, 15.00
10.00, 3148.00, 4498.00, 100.00, -45.54, 15.00
10.00, 3187.00, 4534.00, 100.00, -97.40, 15.00
10.00, 3227.00, 4561.00, 100.00, -99.89, 15.00
10.00, 3268.00, 4575.00, 100.00, -99.89, 15.00
10.00, 3310.00, 4576.00, 100.00, -99.89, 15.00
10.00, 3350.00, 4568.00, 100.00, -99.89, 15.00
10.00, 3391.00, 4554.00, 99.89, -99.89, 15.00
10.00, 3433.00, 4534.00, 99.89, -99.89, 15.00
10.00, 3473.00, 4511.00, 99.89, -99.89, 15.00
10.00, 3514.00, 4485.00, 99.89, -99.89, 15.00
10.00, 3555.00, 4453.00, 98.53, -99.89, 15.00
10.00, 3594.00, 4418.00, 80.90, -99.89, 15.00
10.00, 3634.00, 4384.00, -14.24, -99.89, 15.00
10.00, 3670.00, 4352.00, -88.81, -99.89, 15.00
10.00, 3698.00, 4319.00, -98.98, -99.89, 15.00
10.00, 3714.00, 4285.00, -99.77, -99.89, 15.00
10.00, 3717.00, 4248.00, -99.89, -99.89, 15.00
10.00, 3707.00, 4210.00, -99.89, -99.89, 15.00
10.00, 3690.00, 4174.00, -99.89, -99.89, 15.00
10.00, 3670.00, 4139.00, -99.77, -99.89, 15.00
10.00, 3645.00, 4100.00, -99.55, -99.89, 15.00
10.00, 3614.00, 4063.00, -98.08, -99.66, 15.00
10.00, 3584.00, 4026.00, -88.02, -97.85, 15.00
10.00, 3553.00, 3988.00, -38.31, -83.95, 15.00
10.00, 3519.00, 3946.00, 54.01, -7.12, 15.00
10.00, 3494.00, 3908.00, 93.67, 83.50, 15.00
10.00, 3481.00, 3889.00, 98.87, 98.53, 15.00
10.00, 3480.00, 3874.00, 99.55, 99.77, 15.00
10.00, 3485.00, 3866.00, 99.66, 99.89, 15.00
10.00, 3499.00, 3879.00, 99.55, 99.89, 15.00
10.00, 3519.00, 3888.00, 99.10, 99.89, 15.00
10.00, 3541.00, 3911.00, 97.18, 99.89, 15.00
10.00, 3569.00, 3935.00, 90.73, 99.89, 15.00
10.00, 3594.00, 3960.00, 54.01, 99.89, 15.00
10.00, 3622.00, 3993.00, -26.67, 99.89, 15.00
10.00, 3646.00, 4022.00, -81.81, 99.89, 15.00
10.00, 3659.00, 4054.00, -96.27, 99.66, 15.00
10.00, 3665.00, 4091.00, -98.53, 98.76, 15.00
10.00, 3660.00, 4130.00, -99.21, 93.90, 15.00
10.00, 3645.00, 4168.00, -98.98, 64.29, 15.00
10.00, 3621.00, 4203.00, -97.74, -26.89, 15.00
10.00, 3597.00, 4233.00, -90.85, -85.54, 15.00
10.00, 3572.00, 4253.00, -64.52, -97.51, 15.00
10.00, 3544.00, 4260.00, 8.93, -99.32, 15.00
10.00, 3519.00, 4259.00, 75.37, -99.66, 15.00
10.00, 3502.00, 4250.00, 95.03, -99.77, 15.00
10.00, 3498.00, 4233.00, 98.53, -99.77, 15.00
10.00, 3503.00, 4210.00, 99.21, -99.66, 15.00
10.00, 3517.00, 4186.00, 99.10, -99.44, 15.00
10.00, 3535.00, 4161.00, 98.31, -98.87, 15.00
10.00, 3558.00, 4132.00, 95.93, -97.74, 15.00
10.00, 3584.00, 4099.00, 87.23, -95.03, 15.00
10.00, 3611.00, 4068.00, 59.10, -88.81, 15.00
10.00, 3640.00, 4036.00, -1.13, -78.08, 15.00
10.00, 3667.00, 4003.00, -62.03, -63.50, 15.00
10.00, 3685.00, 3972.00, -87.01, -48.02, 15.00
10.00, 3692.00, 3941.00, -94.12, -35.03, 15.00
10.00, 3689.00, 3913.00, -94.35, -27.80, 15.00
10.00, 3678.00, 3888.00, -89.72, -25.88, 15.00
10.00, 3659.00, 3865.00, -70.40, -27.91, 15.00
10.00, 3637.00, 3845.00, -12.66, -32.77, 15.00
10.00, 3615.00, 3828.00, 64.18, -38.42, 15.00
10.00, 3604.00, 3811.00, 92.77, -43.16, 15.00
10.00, 3602.00, 3792.00, 97.85, -47.91, 15.00
10.00, 3609.00, 3774.00, 98.87, -54.58, 15.00
10.00, 3623.00, 3756.00, 99.10, -60.45, 15.00
10.00, 3643.00, 3737.00, 99.10, -66.10, 15.00
10.00, 3667.00, 3717.00, 98.76, -71.86, 15.00
10.00, 3694.00, 3696.00, 98.08, -77.51, 15.00
10.00, 3723.00, 3670.00, 96.72, -82.82, 15.00
10.00, 3754.00, 3644.00, 94.12, -88.47, 15.00
10.00, 3785.00, 3615.00, 89.72, -92.54, 15.00
10.00, 3818.00, 3586.00, 83.28, -95.71, 15.00
10.00, 3853.00, 3557.00, 74.24, -97.74, 15.00
10.00, 3889.00, 3527.00, 63.95, -98.76, 15.00
10.00, 3923.00, 3491.00, 54.35, -99.44, 15.00
10.00, 3954.00, 3453.00, 48.81, -99.77, 15.00
10.00, 3982.00, 3416.00, 47.91, -99.89, 15.00
10.00, 4009.00, 3381.00, 50.62, -99.89, 15.00
10.00, 4035.00, 3343.00, 56.61, -99.89, 15.00
10.00, 4062.00, 3305.00, 63.62, -99.89, 15.00
10.00, 4090.00, 3267.00, 71.86, -99.89, 15.00
10.00, 4116.00, 3230.00, 79.66, -99.89, 15.00
10.00, 4143.00, 3190.00, 85.54, -99.89, 15.00
10.00, 4170.00, 3147.00, 90.17, -99.89, 15.00
10.00, 4199.00, 3107.00, 93.45, -99.89, 15.00
10.00, 4229.00, 3067.00, 95.59, -100.00, 15.00
10.00, 4262.00, 3030.00, 97.29, -100.00, 15.00
10.00, 4296.00, 2991.00, 98.19, -100.00, 15.00
10.00, 4329.00, 2952.00, 98.98, -100.00, 15.00
10.00, 4363.00, 2911.00, 99.32, -100.00, 15.00
10.00, 4399.00, 2872.00, 99.55, -100.00, 15.00
10.00, 4434.00, 2832.00, 99.66, -100.00, 15.00
10.00, 4468.00, 2792.00, 99.77, -100.00, 15.00
10.00, 4505.00, 2753.00, 99.89, -100.00, 15.00
10.00, 4543.00, 2713.00, 99.89, -100.00, 15.00
10.00, 4579.00, 2673.00, 99.89, -100.00, 15.00
10.00, 4616.00, 2632.00, 99.89, -100.00, 15.00
10.00, 4656.00, 2593.00, 99.89, -100.00, 15.00
10.00, 4693.00, 2555.00, 99.89, -100.00, 15.00
10.00, 4731.00, 2515.00, 99.89, -100.00, 15.00
10.00, 4770.00, 2475.00, 99.89, -100.00, 15.00
10.00, 4811.00, 2436.00, 99.89, -100.00, 15.00
10.00, 4849.00, 2394.00, 99.89, -100.00, 15.00
10.00, 4888.00, 2354.00, 99.89, -100.00, 15.00
10.00, 4929.00, 2315.00, 99.89, -100.00, 15.00
10.00, 4969.00, 2276.00, 99.89, -100.00, 15.00
10.00, 5009.00, 2238.00, 100.00, -100.00, 15.00
10.00, 5048.00, 2196.00, 100.00, -100.00, 15.00
10.00, 5088.00, 2155.00, 100.00, -100.00, 15.00
10.00, 5128.00, 2115.00, 100.00, -100.00, 15.00
10.00, 5168.00, 2076.00, 100.00, -100.00, 15.00
10.00, 5209.00, 2036.00, 100.00, -100.00, 15.00
10.00, 5250.00, 1998.00, 100.00, -100.00, 15.00
10.00, 5291.00, 1959.00, 100.00, -100.00, 15.00
10.00, 5331.00, 1917.00, 100.00, -100.00, 15.00
10.00, 5371.00, 1875.00, 100.00, -100.00, 15.00
10.00, 5413.00, 1836.00, 100.00, -100.00, 15.00
10.00, 5453.00, 1796.00, 100.00, -100.00, 15.00
10.00, 5491.00, 1757.00, 100.00, -100.00, 15.00
10.00, 5533.00, 1719.00, 100.00, -100.00, 15.00
10.00, 5573.00, 1678.00, 100.00, -100.00, 15.00
10.00, 5612.00, 1637.00, 100.00, -100.00, 15.00
10.00, 5652.00, 1598.00, 100.00, -100.00, 15.00
10.00, 5692.00, 1558.00, 100.00, -100.00, 15.00
10.00, 5734.00, 1519.00, 100.00, -100.00, 15.00
10.00, 5774.00, 1480.00, 100.00, -100.00, 15.00
10.00, 5816.00, 1440.00, 100.00, -100.00, 15.00
10.00, 5857.00, 1398.00, 100.00, -100.00, 15.00
10.00, 5895.00, 1357.00, 100.00, -100.00, 15.00
10.00, 5936.00, 1318.00, 100.00, -100.00, 15.00
10.00, 5975.00, 1276.00, 100.00, -100.00, 15.00
10.00, 6015.00, 1237.00, 100.00, -100.00, 15.00
10.00, 6055.00, 1197.00, 100.00, -100.00, 15.00
10.00, 6095.00, 1156.00, 100.00, -100.00, 15.00
10.00, 6136.00, 1115.00, 100.00, -100.00, 15.00
10.00, 6175.00, 1073.00, 100.00, -100.00, 15.00
10.00, 6217.00, 1033.00, 100.00, -100.00, 15.00
10.00, 6256.00, 993.00, 100.00, -100.00, 15.00
10.00, 6296.00, 953.00, 100.00, -100.00, 15.00
10.00, 6337.00, 912.00, 100.00, -100.00, 15.00
10.00, 6377.00, 871.00, 100.00, -100.00, 15.00
10.00, 6416.00, 830.00, 100.00, -100.00, 15.00
10.00, 6456.00, 788.00, 100.00, -100.00, 15.00
10.00, 6496.00, 747.00, 100.00, -100.00, 15.00
10.00, 6536.00, 707.00, 100.00, -100.00, 15.00
10.00, 6576.00, 669.00, 100.00, -100.00, 15.00
10.00, 6615.00, 627.00, 100.00, -100.00, 15.00
10.00, 6654.00, 585.00, 100.00, -100.00, 15.00
10.00, 6694.00, 545.00, 100.00, -100.00, 15.00
10.00, 6734.00, 505.00, 100.00, -100.00, 15.00
10.00, 6772.00, 464.00, 100.00, -100.00, 15.00
10.00, 6813.00, 426.00, 100.00, -100.00, 15.00
10.00, 6852.00, 386.00, 100.00, -100.00, 15.00
10.00, 6892.00, 346.00, 100.00, -100.00, 15.00
10.00, 6931.00, 306.00, 100.00, -100.00, 15.00
10.00, 6971.00, 266.00, 100.00, -100.00, 15.00
10.00, 7011.00, 226.00, 100.00, -100.00, 15.00
10.00, 7051.00, 190.00, 100.00, -100.00, 15.00
10.00, 7091.00, 151.00, 100.00, -100.00, 15.00
10.00, 7131.00, 110.00, 100.00, -100.00, 15.00
10.00, 7171.00, 69.00, 100.00, -100.00, 15.00
10.00, 7212.00, 29.00, 100.00, -100.00, 15.00
10.00, 7253.00, -10.00, 100.00, -100.00, 15.00
10.00, 7292.00, -49.00, 100.00, -100.00, 15.00
10.00, 7335.00, -88.00, 100.00, -100.00, 15.00
10.00, 7376.00, -129.00, 100.00, -100.00, 15.00
10.00, 7416.00, -171.00, 100.00, -100.00, 15.00
10.00, 7456.00, -212.00, 100.00, -100.00, 15.00
10.00, 7498.00, -252.00, 100.00, -100.00, 15.00
10.00, 7538.00, -293.00, 100.00, -100.00, 15.00
10.00, 7578.00, -330.00, 100.00, -100.00, 15.00
10.00, 7620.00, -369.00, 100.00, -100.00, 15.00
10.00, 7661.00, -412.00, 100.00, -100.00, 15.00
10.00, 7702.00, -454.00, 100.00, -100.00, 15.00
10.00, 7743.00, -494.00, 100.00, -100.00, 15.00
10.00, 7784.00, -535.00, 100.00, -100.00, 15.00
10.00, 7825.00, -574.00, 100.00, -100.00, 15.00
10.00, 7866.00, -614.00, 100.00, -100.00, 15.00
10.00, 7906.00, -657.00, 100.00, -100.00, 15.00
10.00, 7946.00, -700.00, 100.00, -100.00, 15.00
10.00, 7988.00, -740.00, 100.00, -100.00, 15.00
10.00, 8027.00, -780.00, 100.00, -100.00, 15.00
10.00, 8066.00, -820.00, 100.00, -100.00, 15.00
10.00, 8107.00, -858.00, 100.00, -100.00, 15.00
10.00, 8148.00, -899.00, 100.00, -100.00, 15.00
10.00, 8188.00, -941.00, 100.00, -100.00, 15.00
10.00, 8226.00, -980.00, 100.00, -100.00, 15.00
10.00, 8266.00, -1021.00, 100.00, -100.00, 15.00
10.00, 8307.00, -1061.00, 100.00, -100.00, 15.00
10.00, 8348.00, -1100.00, 100.00, -100.00, 15.00
10.00, 8388.00, -1142.00, 100.00, -100.00, 15.00
10.00, 8427.00, -1185.00, 100.00, -100.00, 15.00
10.00, 8466.00, -1224.00, 100.00, -100.00, 15.00
10.00, 8507.00, -1262.00, 100.00, -100.00, 15.00
10.00, 8545.00, -1304.00, 100.00, -100.00, 15.00
10.00, 8584.00, -1344.00, 100.00, -100.00, 15.00
10.00, 8626.00, -1382.00, 100.00, -100.00, 15.00
10.00, 8666.00, -1423.00, 100.00, -100.00, 15.00
10.00, 8704.00, -1465.00, 100.00, -100.00, 15.00
10.00, 8747.00, -1504.00, 100.00, -100.00, 15.00
10.00, 8787.00, -1544.00, 100.00, -100.00, 15.00
10.00, 8826.00, -1583.00, 100.00, -100.00, 15.00
10.00, 8866.00, -1624.00, 100.00, -100.00, 15.00
10.00, 8907.00, -1664.00, 100.00, -100.00, 15.00
10.00, 8946.00, -1705.00, 100.00, -100.00, 15.00
10.00, 8986.00, -1745.00, 100.00, -100.00, 15.00
10.00, 9028.00, -1784.00, 100.00, -100.00, 15.00
10.00, 9068.00, -1823.00, 100.00, -100.00, 15.00
10.00, 9108.00, -1860.00, 100.00, -100.00, 15.00
10.00, 9149.00, -1902.00, 100.00, -100.00, 15.00
10.00, 9188.00, -1943.00, 100.00, -100.00, 15.00
10.00, 9229.00, -1984.00, 100.00, -100.00, 15.00
10.00, 9269.00, -2022.00, 100.00, -100.00, 15.00
10.00, 9309.00, -2062.00, 100.00, -100.00, 15.00
10.00, 9349.00, -2100.00, 100.00, -100.00, 15.00
10.00, 9389.00, -2140.00, 100.00, -100.00, 15.00
10.00, 9428.00, -2181.00, 100.00, -100.00, 15.00
10.00, 9469.00, -2220.00, 100.00, -100.00, 15.00
10.00, 9510.00, -2259.00, 100.00, -100.00, 15.00
10.00, 9550.00, -2300.00, 100.00, -100.00, 15.00
10.00, 9590.00, -2338.00, 100.00, -100.00, 15.00
10.00, 9631.00, -2375.00, 100.00, -100.00, 15.00
10.00, 9672.00, -2416.00, 100.00, -100.00, 15.00
10.00, 9712.00, -2460.00, 100.00, -100.00, 15.00
10.00, 9751.00, -2499.00, 100.00, -100.00, 15.00
10.00, 9792.00, -2539.00, 100.00, -100.00, 15.00
10.00, 9833.00, -2579.00, 100.00, -100.00, 15.00
10.00, 9874.00, -2619.00, 100.00, -100.00, 15.00
10.00, 9914.00, -2658.00, 100.00, -100.00, 15.00
10.00, 9955.00, -2699.00, 100.00, -100.00, 15.00
10.00, 9993.00, -2741.00, 100.00, -100.00, 15.00
10.00, 10034.00, -2781.00, 100.00, -100.00, 15.00
10.00, 10074.00, -2822.00, 100.00, -100.00, 15.00
10.00, 10115.00, -2861.00, 100.00, -100.00, 15.00
10.00, 10156.00, -2902.00, 100.00, -100.00, 15.00
10.00, 10195.00, -2944.00, 100.00, -100.00, 15.00
10.00, 10236.00, -2986.00, 100.00, -100.00, 15.00
10.00, 10275.00, -3027.00, 100.00, -100.00, 15.00
10.00, 10316.00, -3069.00, 100.00, -100.00, 15.00
10.00, 10356.00, -3109.00, 100.00, -100.00, 15.00
10.00, 10395.00, -3149.00, 100.00, -100.00, 15.00
10.00, 10436.00, -3190.00, 100.00, -100.00, 15.00
10.00, 10475.00, -3232.00, 100.00, -100.00, 15.00
10.00, 10516.00, -3272.00, 100.00, -100.00, 15.00
10.00, 10555.00, -3313.00, 100.00, -100.00, 15.00
10.00, 10594.00, -3354.00, 100.00, -100.00, 15.00
10.00, 10634.00, -3393.00, 100.00, -100.00, 15.00
10.00, 10674.00, -3432.00, 100.00, -100.00, 15.00
10.00, 10712.00, -3473.00, 100.00, -100.00, 15.00
10.00, 10751.00, -3514.00, 100.00, -100.00, 15.00
10.00, 10790.00, -3554.00, 100.00, -100.00, 15.00
10.00, 10830.00, -3593.00, 100.00, -100.00, 15.00
10.00, 10869.00, -3632.00, 100.00, -100.00, 15.00
10.00, 10910.00, -3671.00, 100.00, -100.00, 15.00
10.00, 10950.00, -3711.00, 100.00, -100.00, 15.00
10.00, 10990.00, -3752.00, 100.00, -100.00, 15.00
10.00, 11030.00, -3792.00, 100.00, -100.00, 15.00
10.00, 11071.00, -3830.00, 100.00, -100.00, 15.00
10.00, 18598.00, -11346.00, -100.00, 100.00, 15.00
10.00, 18631.00, -11379.00, -100.00, 100.00, 15.00
10.00, 18652.00, -11400.00, -100.00, 100.00, 15.00
10.00, 18660.00, -11406.00, -99.89, 100.00, 15.00
