37737.00, 1914.00, 3769.00, 100.00, 100.00, 16.00
10.00, 1918.00, 3772.00, 100.00, -99.89, 16.00
10.00, 1931.00, 3775.00, 100.00, -99.89, 16.00
10.00, 1948.00, 3773.00, 100.00, -99.89, 16.00
10.00, 1971.00, 3763.00, 100.00, -99.89, 16.00
10.00, 1998.00, 3741.00, 100.00, -99.89, 16.00
10.00, 2028.00, 3717.00, 100.00, -99.89, 16.00
10.00, 2058.00, 3690.00, 100.00, -99.89, 16.00
10.00, 2091.00, 3660.00, 100.00, -99.89, 16.00
10.00, 2126.00, 3627.00, 100.00, -99.55, 16.00
10.00, 2160.00, 3593.00, 100.00, -96.05, 16.00
10.00, 2195.00, 3561.00, 100.00, -63.16, 16.00
10.00, 2231.00, 3528.00, 100.00, 38.08, 16.00
10.00, 2268.00, 3496.00, 100.00, 90.73, 16.00
10.00, 2306.00, 3474.00, 100.00, 98.87, 16.00
10.00, 2341.00, 3467.00, 100.00, 99.77, 16.00
10.00, 2379.00, 3469.00, 100.00, 99.89, 16.00
10.00, 2417.00, 3482.00, 100.00, 99.89, 16.00
10.00, 2456.00, 3501.00, 100.00, 99.77, 16.00
10.00, 2493.00, 3524.00, 100.00, 99.32, 16.00
10.00, 2530.00, 3550.00, 100.00, 97.18, 16.00
10.00, 2568.00, 3580.00, 100.00, 84.41, 16.00
10.00, 2607.00, 3610.00, 100.00, 22.37, 16.00
10.00, 2644.00, 3641.00, 100.00, -67.12, 16.00
10.00, 2682.00, 3665.00, 100.00, -95.82, 16.00
10.00, 2723.00, 3677.00, 100.00, -99.10, 16.00
10.00, 2765.00, 3677.00, 100.00, -99.66, 16.00
10.00, 2802.00, 3668.00, 100.00, -99.77, 16.00
10.00, 2842.00, 3653.00, 100.00, -99.55, 16.00
10.00, 2883.00, 3632.00, 100.00, -99.10, 16.00
10.00, 2922.00, 3605.00, 100.00, -96.50, 16.00
10.00, 2960.00, 3577.00, 100.00, -79.66, 16.00
10.00, 2998.00, 3549.00, 100.00, -18.53, 16.00
10.00, 3038.00, 3523.00, 100.00, 65.42, 16.00
10.00, 3076.00, 3500.00, 100.00, 93.79, 16.00
10.00, 3116.00, 3488.00, 100.00, 98.76, 16.00
10.00, 3156.00, 3490.00, 100.00, 99.55, 16.00
10.00, 3194.00, 3499.00, 100.00, 99.55, 16.00
10.00, 3234.00, 3517.00, 100.00, 99.32, 16.00
10.00, 3274.00, 3538.00, 100.00, 97.97, 16.00
10.00, 3312.00, 3565.00, 100.00, 92.32, 16.00
10.00, 3350.00, 3591.00, 100.00, 65.42, 16.00
10.00, 3391.00, 3622.00, 99.89, -15.25, 16.00
10.00, 3430.00, 3647.00, 99.89, -82.15, 16.00
10.00, 3468.00, 3666.00, 99.89, -97.18, 16.00
10.00, 3511.00, 3672.00, 99.89, -99.32, 16.00
10.00, 3553.00, 3666.00, 99.10, -99.55, 16.00
10.00, 3593.00, 3653.00, 85.31, -99.55, 16.00
10.00, 3633.00, 3634.00, -11.75, -98.98, 16.00
10.00, 3671.00, 3609.00, -89.94, -96.84, 16.00
10.00, 3695.00, 3583.00, -99.32, -86.78, 16.00
10.00, 3708.00, 3559.00, -99.89, -35.03, 16.00
10.00, 3712.00, 3533.00, -99.89, 44.86, 16.00
10.00, 3706.00, 3511.00, -99.89, 85.88, 16.00
10.00, 3689.00, 3495.00, -99.89, 97.06, 16.00
10.00, 3666.00, 3494.00, -99.89, 98.98, 16.00
10.00, 3639.00, 3501.00, -99.66, 99.21, 16.00
10.00, 3610.00, 3516.00, -97.97, 98.64, 16.00
10.00, 3581.00, 3538.00, -86.10, 96.05, 16.00
10.00, 3550.00, 3563.00, -31.53, 82.03, 16.00
10.00, 3520.00, 3590.00, 65.42, 20.00, 16.00
10.00, 3497.00, 3617.00, 94.92, -68.81, 16.00
10.00, 3483.00, 3636.00, 99.10, -96.27, 16.00
10.00, 3482.00, 3644.00, 99.66, -99.44, 16.00
10.00, 3490.00, 3642.00, 99.66, -99.77, 16.00
10.00, 3506.00, 3630.00, 99.66, -99.89, 16.00
10.00, 3525.00, 3611.00, 99.10, -99.89, 16.00
10.00, 3550.00, 3589.00, 96.84, -99.89, 16.00
10.00, 3577.00, 3564.00, 84.41, -99.89, 16.00
10.00, 3605.00, 3538.00, 28.93, -99.77, 16.00
10.00, 3636.00, 3508.00, -54.01, -99.77, 16.00
10.00, 3659.00, 3473.00, -92.77, -99.66, 16.00
10.00, 3670.00, 3438.00, -98.76, -99.44, 16.00
10.00, 3669.00, 3404.00, -99.55, -98.98, 16.00
10.00, 3657.00, 3369.00, -99.55, -98.42, 16.00
10.00, 3640.00, 3331.00, -99.21, -97.51, 16.00
10.00, 3616.00, 3295.00, -97.85, -94.92, 16.00
10.00, 3592.00, 3259.00, -89.94, -89.38, 16.00
10.00, 3564.00, 3222.00, -56.50, -78.31, 16.00
10.00, 3537.00, 3184.00, 25.65, -50.62, 16.00
10.00, 3512.00, 3148.00, 84.41, 3.39, 16.00
10.00, 3497.00, 3116.00, 97.40, 58.76, 16.00
10.00, 3494.00, 3091.00, 99.21, 84.86, 16.00
10.00, 3498.00, 3082.00, 99.44, 94.24, 16.00
10.00, 3513.00, 3081.00, 99.32, 96.38, 16.00
10.00, 3531.00, 3088.00, 98.42, 95.71, 16.00
10.00, 3554.00, 3103.00, 95.25, 93.11, 16.00
10.00, 3580.00, 3123.00, 79.89, 83.62, 16.00
10.00, 3606.00, 3147.00, 19.10, 49.72, 16.00
10.00, 3631.00, 3172.00, -58.76, -17.06, 16.00
10.00, 3649.00, 3190.00, -91.75, -78.08, 16.00
10.00, 3659.00, 3204.00, -97.97, -94.24, 16.00
10.00, 3660.00, 3209.00, -98.98, -98.31, 16.00
10.00, 3650.00, 3203.00, -99.21, -99.32, 16.00
10.00, 3628.00, 3186.00, -98.76, -99.44, 16.00
10.00, 3605.00, 3166.00, -95.48, -99.32, 16.00
10.00, 3582.00, 3145.00, -78.42, -98.87, 16.00
10.00, 3555.00, 3119.00, -25.20, -97.63, 16.00
10.00, 3527.00, 3090.00, 54.46, -93.90, 16.00
10.00, 3507.00, 3059.00, 92.43, -81.36, 16.00
10.00, 3498.00, 3029.00, 98.19, -47.80, 16.00
10.00, 3501.00, 3001.00, 99.21, 9.72, 16.00
10.00, 3512.00, 2974.00, 99.10, 55.37, 16.00
10.00, 3530.00, 2959.00, 98.42, 80.00, 16.00
10.00, 3552.00, 2953.00, 95.59, 87.68, 16.00
10.00, 3575.00, 2954.00, 82.60, 89.83, 16.00
10.00, 3604.00, 2957.00, 36.72, 89.38, 16.00
10.00, 3629.00, 2982.00, -49.38, 88.47, 16.00
10.00, 3646.00, 3001.00, -89.83, 83.84, 16.00
10.00, 3656.00, 3019.00, -97.18, 80.11, 16.00
10.00, 3655.00, 3045.00, -98.64, 77.29, 16.00
10.00, 3646.00, 3069.00, -98.64, 75.82, 16.00
10.00, 3630.00, 3097.00, -97.74, 76.27, 16.00
10.00, 3608.00, 3129.00, -93.56, 78.64, 16.00
10.00, 3581.00, 3158.00, -71.98, 82.71, 16.00
10.00, 3554.00, 3187.00, 7.34, 86.44, 16.00
10.00, 3529.00, 3216.00, 80.23, 90.06, 16.00
10.00, 3513.00, 3247.00, 97.06, 92.77, 16.00
10.00, 3509.00, 3279.00, 99.44, 95.14, 16.00
10.00, 3514.00, 3314.00, 99.66, 96.61, 16.00
10.00, 3527.00, 3346.00, 99.77, 97.85, 16.00
10.00, 3546.00, 3384.00, 99.77, 98.64, 16.00
10.00, 3571.00, 3417.00, 99.55, 99.10, 16.00
10.00, 3595.00, 3455.00, 99.32, 99.44, 16.00
10.00, 3624.00, 3493.00, 98.53, 99.66, 16.00
10.00, 3655.00, 3530.00, 97.18, 99.77, 16.00
10.00, 3687.00, 3569.00, 93.79, 99.89, 16.00
10.00, 3721.00, 3609.00, 87.12, 99.89, 16.00
10.00, 3755.00, 3650.00, 73.11, 99.89, 16.00
10.00, 3787.00, 3690.00, 49.49, 99.89, 16.00
10.00, 3820.00, 3729.00, 21.13, 99.89, 16.00
10.00, 3851.00, 3768.00, -14.35, 99.89, 16.00
10.00, 3878.00, 3811.00, -45.88, 99.89, 16.00
10.00, 3894.00, 3853.00, -63.28, 99.89, 16.00
10.00, 3901.00, 3895.00, -69.49, 99.89, 16.00
10.00, 3901.00, 3938.00, -63.84, 99.89, 16.00
10.00, 3894.00, 3977.00, -49.49, 100.00, 16.00
10.00, 3884.00, 4017.00, -21.69, 100.00, 16.00
10.00, 3870.00, 4057.00, 9.94, 100.00, 16.00
10.00, 3859.00, 4097.00, 40.00, 100.00, 16.00
10.00, 3855.00, 4140.00, 59.21, 100.00, 16.00
10.00, 3856.00, 4183.00, 65.54, 100.00, 16.00
10.00, 3863.00, 4221.00, 67.12, 100.00, 16.00
10.00, 3875.00, 4261.00, 64.52, 100.00, 16.00
10.00, 3891.00, 4301.00, 59.77, 100.00, 16.00
10.00, 3907.00, 4340.00, 55.48, 100.00, 16.00
10.00, 3925.00, 4383.00, 52.77, 100.00, 16.00
10.00, 3946.00, 4427.00, 52.32, 100.00, 16.00
10.00, 3964.00, 4464.00, 55.48, 100.00, 16.00
10.00, 3983.00, 4506.00, 59.55, 100.00, 16.00
10.00, 4006.00, 4547.00, 65.76, 100.00, 16.00
10.00, 4026.00, 4590.00, 73.90, 100.00, 16.00
10.00, 4050.00, 4632.00, 80.56, 100.00, 16.00
10.00, 4077.00, 4675.00, 86.21, 100.00, 16.00
10.00, 4101.00, 4716.00, 91.53, 100.00, 16.00
10.00, 4129.00, 4757.00, 94.69, 100.00, 16.00
10.00, 4161.00, 4799.00, 96.84, 100.00, 16.00
10.00, 4190.00, 4843.00, 98.31, 100.00, 16.00
10.00, 4223.00, 4885.00, 98.98, 100.00, 16.00
10.00, 4259.00, 4930.00, 99.44, 100.00, 16.00
10.00, 4292.00, 4971.00, 99.66, 100.00, 16.00
10.00, 4327.00, 5011.00, 99.77, 100.00, 16.00
10.00, 4362.00, 5054.00, 99.89, 100.00, 16.00
10.00, 4399.00, 5098.00, 99.89, 100.00, 16.00
10.00, 4437.00, 5141.00, 99.89, 100.00, 16.00
10.00, 4472.00, 5185.00, 99.89, 100.00, 16.00
10.00, 4509.00, 5228.00, 99.89, 100.00, 16.00
10.00, 4548.00, 5269.00, 99.89, 100.00, 16.00
10.00, 4586.00, 5311.00, 99.89, 100.00, 16.00
10.00, 4624.00, 5352.00, 99.89, 100.00, 16.00
10.00, 4665.00, 5396.00, 99.89, 100.00, 16.00
10.00, 4705.00, 5440.00, 99.89, 100.00, 16.00
10.00, 4741.00, 5481.00, 99.89, 100.00, 16.00
10.00, 4782.00, 5520.00, 99.89, 100.00, 16.00
10.00, 4821.00, 5562.00, 99.89, 100.00, 16.00
10.00, 4861.00, 5603.00, 99.89, 100.00, 16.00
10.00, 4902.00, 5645.00, 100.00, 100.00, 16.00
10.00, 4944.00, 5691.00, 100.00, 100.00, 16.00
10.00, 4982.00, 5732.00, 100.00, 100.00, 16.00
10.00, 5023.00, 5773.00, 100.00, 100.00, 16.00
10.00, 5064.00, 5814.00, 100.00, 100.00, 16.00
10.00, 5102.00, 5853.00, 100.00, 100.00, 16.00
10.00, 5143.00, 5896.00, 100.00, 100.00, 16.00
10.00, 5186.00, 5941.00, 100.00, 100.00, 16.00
10.00, 5226.00, 5982.00, 100.00, 100.00, 16.00
10.00, 5266.00, 6022.00, 100.00, 100.00, 16.00
10.00, 5306.00, 6066.00, 100.00, 100.00, 16.00
10.00, 5346.00, 6107.00, 100.00, 100.00, 16.00
10.00, 5386.00, 6149.00, 100.00, 100.00, 16.00
10.00, 5431.00, 6194.00, 100.00, 100.00, 16.00
10.00, 5471.00, 6236.00, 100.00, 100.00, 16.00
10.00, 5508.00, 6276.00, 100.00, 100.00, 16.00
10.00, 5548.00, 6318.00, 100.00, 100.00, 16.00
10.00, 5589.00, 6360.00, 100.00, 100.00, 16.00
10.00, 5628.00, 6401.00, 100.00, 100.00, 16.00
10.00, 5670.00, 6443.00, 100.00, 100.00, 16.00
10.00, 5711.00, 6485.00, 100.00, 100.00, 16.00
10.00, 5751.00, 6528.00, 100.00, 100.00, 16.00
10.00, 5791.00, 6569.00, 100.00, 100.00, 16.00
10.00, 5832.00, 6612.00, 100.00, 100.00, 16.00
10.00, 5872.00, 6653.00, 100.00, 100.00, 16.00
10.00, 5911.00, 6695.00, 100.00, 100.00, 16.00
10.00, 5953.00, 6736.00, 100.00, 100.00, 16.00
10.00, 5993.00, 6776.00, 100.00, 100.00, 16.00
10.00, 6031.00, 6817.00, 100.00, 100.00, 16.00
10.00, 6071.00, 6857.00, 100.00, 100.00, 16.00
10.00, 6111.00, 6898.00, 100.00, 100.00, 16.00
10.00, 6151.00, 6941.00, 100.00, 100.00, 16.00
10.00, 6193.00, 6986.00, 100.00, 100.00, 16.00
10.00, 6233.00, 7027.00, 100.00, 100.00, 16.00
10.00, 6273.00, 7068.00, 100.00, 100.00, 16.00
10.00, 6312.00, 7110.00, 100.00, 100.00, 16.00
10.00, 6351.00, 7151.00, 100.00, 100.00, 16.00
10.00, 6392.00, 7195.00, 100.00, 100.00, 16.00
10.00, 6433.00, 7241.00, 100.00, 100.00, 16.00
10.00, 6473.00, 7282.00, 100.00, 100.00, 16.00
10.00, 6513.00, 7323.00, 100.00, 100.00, 16.00
10.00, 6552.00, 7364.00, 100.00, 100.00, 16.00
10.00, 6592.00, 7407.00, 100.00, 100.00, 16.00
10.00, 6630.00, 7451.00, 100.00, 100.00, 16.00
10.00, 6671.00, 7497.00, 100.00, 100.00, 16.00
10.00, 6711.00, 7540.00, 100.00, 100.00, 16.00
10.00, 6751.00, 7581.00, 100.00, 100.00, 16.00
10.00, 6790.00, 7623.00, 100.00, 100.00, 16.00
10.00, 6829.00, 7666.00, 100.00, 100.00, 16.00
10.00, 6868.00, 7707.00, 100.00, 100.00, 16.00
10.00, 6908.00, 7752.00, 100.00, 100.00, 16.00
10.00, 6949.00, 7795.00, 100.00, 100.00, 16.00
10.00, 6988.00, 7835.00, 100.00, 100.00, 16.00
10.00, 7027.00, 7874.00, 100.00, 100.00, 16.00
10.00, 7068.00, 7916.00, 100.00, 100.00, 16.00
10.00, 7108.00, 7959.00, 100.00, 100.00, 16.00
10.00, 7148.00, 8003.00, 100.00, 100.00, 16.00
10.00, 7188.00, 8043.00, 100.00, 100.00, 16.00
10.00, 7229.00, 8082.00, 100.00, 100.00, 16.00
10.00, 7270.00, 8123.00, 100.00, 100.00, 16.00
10.00, 7309.00, 8163.00, 100.00, 100.00, 16.00
10.00, 7350.00, 8204.00, 100.00, 100.00, 16.00
10.00, 7392.00, 8250.00, 100.00, 100.00, 16.00
10.00, 7432.00, 8291.00, 100.00, 100.00, 16.00
10.00, 7472.00, 8332.00, 100.00, 100.00, 16.00
10.00, 7516.00, 8374.00, 100.00, 100.00, 16.00
10.00, 7555.00, 8415.00, 100.00, 100.00, 16.00
10.00, 7595.00, 8457.00, 100.00, 100.00, 16.00
10.00, 7638.00, 8502.00, 100.00, 100.00, 16.00
10.00, 7678.00, 8544.00, 100.00, 100.00, 16.00
10.00, 7719.00, 8585.00, 100.00, 100.00, 16.00
10.00, 7764.00, 8628.00, 100.00, 100.00, 16.00
10.00, 7804.00, 8670.00, 100.00, 100.00, 16.00
10.00, 7843.00, 8713.00, 100.00, 100.00, 16.00
10.00, 7884.00, 8757.00, 100.00, 100.00, 16.00
10.00, 7926.00, 8799.00, 100.00, 100.00, 16.00
10.00, 7965.00, 8840.00, 100.00, 100.00, 16.00
10.00, 8008.00, 8885.00, 100.00, 100.00, 16.00
10.00, 8047.00, 8927.00, 100.00, 100.00, 16.00
10.00, 8085.00, 8970.00, 100.00, 100.00, 16.00
10.00, 8128.00, 9013.00, 100.00, 100.00, 16.00
10.00, 8168.00, 9055.00, 100.00, 100.00, 16.00
10.00, 8207.00, 9097.00, 100.00, 100.00, 16.00
10.00, 8248.00, 9139.00, 100.00, 100.00, 16.00
10.00, 8287.00, 9181.00, 100.00, 100.00, 16.00
10.00, 8327.00, 9223.00, 100.00, 100.00, 16.00
10.00, 8370.00, 9265.00, 100.00, 100.00, 16.00
10.00, 8409.00, 9305.00, 100.00, 100.00, 16.00
10.00, 8447.00, 9346.00, 100.00, 100.00, 16.00
10.00, 8489.00, 9390.00, 100.00, 100.00, 16.00
10.00, 8529.00, 9432.00, 100.00, 100.00, 16.00
10.00, 8566.00, 9471.00, 100.00, 100.00, 16.00
10.00, 8608.00, 9517.00, 100.00, 100.00, 16.00
10.00, 8648.00, 9560.00, 100.00, 100.00, 16.00
10.00, 8687.00, 9599.00, 100.00, 100.00, 16.00
10.00, 8729.00, 9642.00, 100.00, 100.00, 16.00
10.00, 8772.00, 9686.00, 100.00, 100.00, 16.00
10.00, 8811.00, 9727.00, 100.00, 100.00, 16.00
10.00, 8851.00, 9770.00, 100.00, 100.00, 16.00
10.00, 8891.00, 9812.00, 100.00, 100.00, 16.00
10.00, 8931.00, 9853.00, 100.00, 100.00, 16.00
10.00, 8972.00, 9897.00, 100.00, 100.00, 16.00
10.00, 9012.00, 9940.00, 100.00, 100.00, 16.00
10.00, 9053.00, 9981.00, 100.00, 100.00, 16.00
10.00, 9094.00, 10025.00, 100.00, 100.00, 16.00
10.00, 9135.00, 10067.00, 100.00, 100.00, 16.00
10.00, 9174.00, 10107.00, 100.00, 100.00, 16.00
10.00, 9215.00, 10151.00, 100.00, 100.00, 16.00
10.00, 9255.00, 10193.00, 100.00, 100.00, 16.00
10.00, 9297.00, 10234.00, 100.00, 100.00, 16.00
10.00, 9337.00, 10276.00, 100.00, 100.00, 16.00
10.00, 9376.00, 10321.00, 100.00, 100.00, 16.00
10.00, 9416.00, 10362.00, 100.00, 100.00, 16.00
10.00, 9457.00, 10403.00, 100.00, 100.00, 16.00
10.00, 9497.00, 10445.00, 100.00, 100.00, 16.00
10.00, 9539.00, 10486.00, 100.00, 100.00, 16.00
10.00, 9579.00, 10525.00, 100.00, 100.00, 16.00
10.00, 9620.00, 10567.00, 100.00, 100.00, 16.00
10.00, 9661.00, 10608.00, 100.00, 100.00, 16.00
10.00, 9701.00, 10648.00, 100.00, 100.00, 16.00
10.00, 9740.00, 10689.00, 100.00, 100.00, 16.00
10.00, 9781.00, 10731.00, 100.00, 100.00, 16.00
10.00, 9821.00, 10772.00, 100.00, 100.00, 16.00
10.00, 9861.00, 10815.00, 100.00, 100.00, 16.00
10.00, 9902.00, 10859.00, 100.00, 100.00, 16.00
10.00, 9943.00, 10898.00, 100.00, 100.00, 16.00
10.00, 9982.00, 10940.00, 100.00, 100.00, 16.00
10.00, 10022.00, 10984.00, 100.00, 100.00, 16.00
10.00, 10063.00, 11026.00, 100.00, 100.00, 16.00
10.00, 10104.00, 11069.00, 100.00, 100.00, 16.00
10.00, 10142.00, 11111.00, 100.00, 100.00, 16.00
10.00, 10182.00, 11153.00, 100.00, 100.00, 16.00
10.00, 10224.00, 11196.00, 100.00, 100.00, 16.00
10.00, 10263.00, 11238.00, 100.00, 100.00, 16.00
10.00, 10306.00, 11282.00, 100.00, 100.00, 16.00
10.00, 10346.00, 11328.00, 100.00, 100.00, 16.00
10.00, 10385.00, 11369.00, 100.00, 100.00, 16.00
10.00, 10424.00, 11410.00, 100.00, 100.00, 16.00
10.00, 10464.00, 11453.00, 100.00, 100.00, 16.00
10.00, 10503.00, 11494.00, 100.00, 100.00, 16.00
10.00, 10543.00, 11537.00, 100.00, 100.00, 16.00
10.00, 10586.00, 11582.00, 100.00, 100.00, 16.00
10.00, 10624.00, 11623.00, 100.00, 100.00, 16.00
10.00, 10662.00, 11663.00, 100.00, 100.00, 16.00
10.00, 10701.00, 11705.00, 100.00, 100.00, 16.00
10.00, 10739.00, 11747.00, 100.00, 100.00, 16.00
10.00, 10779.00, 11789.00, 100.00, 100.00, 16.00
10.00, 10820.00, 11833.00, 100.00, 100.00, 16.00
10.00, 10860.00, 11874.00, 100.00, 100.00, 16.00
10.00, 10899.00, 11912.00, 100.00, 100.00, 16.00
10.00, 10939.00, 11950.00, 100.00, 100.00, 16.00
10.00, 10979.00, 11990.00, 100.00, 100.00, 16.00
10.00, 11019.00, 12033.00, 100.00, 100.00, 16.00
10.00, 11060.00, 12078.00, 100.00, 100.00, 16.00
10.00, 11101.00, 12122.00, 100.00, 100.00, 16.00
10.00, 11141.00, 12159.00, 100.00, 100.00, 16.00
10.00, 11181.00, 12199.00, 100.00, 100.00, 16.00
10.00, 11221.00, 12240.00, 100.00, 100.00, 16.00
10.00, 11260.00, 12282.00, 100.00, 100.00, 16.00
10.00, 11301.00, 12327.00, 100.00, 100.00, 16.00
10.00, 11346.00, 12373.00, 100.00, 100.00, 16.00
10.00, 11384.00, 12414.00, 100.00, 100.00, 16.00
10.00, 11425.00, 12453.00, 100.00, 100.00, 16.00
10.00, 11466.00, 12495.00, 100.00, 100.00, 16.00
10.00, 11507.00, 12536.00, 100.00, 100.00, 16.00
10.00, 11548.00, 12580.00, 100.00, 100.00, 16.00
10.00, 11590.00, 12625.00, 100.00, 100.00, 16.00
10.00, 11629.00, 12666.00, 100.00, 100.00, 16.00
10.00, 11670.00, 12708.00, 100.00, 100.00, 16.00
10.00, 11711.00, 12752.00, 100.00, 100.00, 16.00
10.00, 11751.00, 12793.00, 100.00, 100.00, 16.00
10.00, 11791.00, 12836.00, 100.00, 100.00, 16.00
10.00, 11835.00, 12879.00, 100.00, 100.00, 16.00
10.00, 11874.00, 12920.00, 100.00, 100.00, 16.00
10.00, 11913.00, 12962.00, 100.00, 100.00, 16.00
10.00, 11953.00, 13005.00, 100.00, 100.00, 16.00
10.00, 11994.00, 13045.00, 100.00, 100.00, 16.00
10.00, 12034.00, 13088.00, 100.00, 100.00, 16.00
10.00, 12075.00, 13131.00, 100.00, 100.00, 16.00
10.00, 12115.00, 13171.00, 100.00, 100.00, 16.00
10.00, 12156.00, 13212.00, 100.00, 100.00, 16.00
10.00, 12196.00, 13253.00, 100.00, 100.00, 16.00
10.00, 12235.00, 13295.00, 100.00, 100.00, 16.00
10.00, 12278.00, 13337.00, 100.00, 100.00, 16.00
10.00, 12318.00, 13381.00, 100.00, 100.00, 16.00
10.00, 12358.00, 13423.00, 100.00, 100.00, 16.00
10.00, 12399.00, 13464.00, 100.00, 100.00, 16.00
10.00, 12438.00, 13506.00, 100.00, 100.00, 16.00
10.00, 12481.00, 13547.00, 100.00, 100.00, 16.00
10.00, 12519.00, 13590.00, 100.00, 100.00, 16.00
10.00, 12561.00, 13636.00, 100.00, 100.00, 16.00
10.00, 12603.00, 13681.00, 100.00, 100.00, 16.00
10.00, 12641.00, 13722.00, 100.00, 100.00, 16.00
10.00, 12681.00, 13763.00, 100.00, 100.00, 16.00
10.00, 12720.00, 13806.00, 100.00, 100.00, 16.00
10.00, 12761.00, 13848.00, 100.00, 100.00, 16.00
10.00, 12801.00, 13893.00, 100.00, 100.00, 16.00
10.00, 12843.00, 13935.00, 100.00, 100.00, 16.00
10.00, 12885.00, 13977.00, 100.00, 100.00, 16.00
10.00, 12923.00, 14018.00, 100.00, 100.00, 16.00
10.00, 12963.00, 14059.00, 100.00, 100.00, 16.00
10.00, 13005.00, 14101.00, 100.00, 100.00, 16.00
10.00, 13045.00, 14146.00, 100.00, 100.00, 16.00
10.00, 13084.00, 14188.00, 100.00, 100.00, 16.00
10.00, 13127.00, 14230.00, 100.00, 100.00, 16.00
10.00, 13166.00, 14271.00, 100.00, 100.00, 16.00
10.00, 13203.00, 14311.00, 100.00, 100.00, 16.00
10.00, 13243.00, 14352.00, 100.00, 100.00, 16.00
10.00, 13283.00, 14393.00, 100.00, 100.00, 16.00
10.00, 13323.00, 14433.00, 100.00, 100.00, 16.00
10.00, 13364.00, 14475.00, 100.00, 100.00, 16.00
10.00, 13406.00, 14515.00, 100.00, 100.00, 16.00
10.00, 13445.00, 14554.00, 100.00, 100.00, 16.00
10.00, 13486.00, 14596.00, 100.00, 100.00, 16.00
10.00, 13527.00, 14639.00, 100.00, 100.00, 16.00
10.00, 13567.00, 14681.00, 100.00, 100.00, 16.00
10.00, 13608.00, 14722.00, 100.00, 100.00, 16.00
10.00, 13650.00, 14764.00, 100.00, 100.00, 16.00
10.00, 13688.00, 14805.00, 100.00, 100.00, 16.00
10.00, 13728.00, 14847.00, 100.00, 100.00, 16.00
10.00, 13770.00, 14889.00, 100.00, 100.00, 16.00
10.00, 13810.00, 14932.00, 100.00, 100.00, 16.00
10.00, 13849.00, 14974.00, 100.00, 100.00, 16.00
10.00, 13891.00, 15015.00, 100.00, 100.00, 16.00
10.00, 13933.00, 15057.00, 100.00, 100.00, 16.00
10.00, 13973.00, 15101.00, 100.00, 100.00, 16.00
10.00, 14014.00, 15144.00, 100.00, 100.00, 16.00
10.00, 14055.00, 15187.00, 100.00, 100.00, 16.00
10.00, 14093.00, 15229.00, 100.00, 100.00, 16.00
10.00, 14134.00, 15272.00, 100.00, 100.00, 16.00
10.00, 14174.00, 15314.00, 100.00, 100.00, 16.00
10.00, 14214.00, 15354.00, 100.00, 100.00, 16.00
10.00, 14254.00, 15400.00, 100.00, 100.00, 16.00
10.00, 14294.00, 15442.00, 100.00, 100.00, 16.00
10.00, 14335.00, 15482.00, 100.00, 100.00, 16.00
10.00, 14376.00, 15524.00, 100.00, 100.00, 16.00
10.00, 14416.00, 15566.00, 100.00, 100.00, 16.00
10.00, 14454.00, 15607.00, 100.00, 100.00, 16.00
10.00, 14494.00, 15649.00, 100.00, 100.00, 16.00
10.00, 14534.00, 15691.00, 100.00, 100.00, 16.00
10.00, 14572.00, 15731.00, 100.00, 100.00, 16.00
10.00, 14613.00, 15772.00, 100.00, 100.00, 16.00
10.00, 14652.00, 15813.00, 100.00, 100.00, 16.00
10.00, 14692.00, 15856.00, 100.00, 100.00, 16.00
10.00, 14732.00, 15897.00, 100.00, 100.00, 16.00
10.00, 14772.00, 15940.00, 100.00, 100.00, 16.00
10.00, 14811.00, 15981.00, 100.00, 100.00, 16.00
10.00, 14849.00, 16021.00, 100.00, 100.00, 16.00
10.00, 14889.00, 16064.00, 100.00, 100.00, 16.00
10.00, 14929.00, 16107.00, 100.00, 100.00, 16.00
10.00, 14968.00, 16148.00, 100.00, 100.00, 16.00
10.00, 15009.00, 16193.00, 100.00, 100.00, 16.00
10.00, 15049.00, 16234.00, 100.00, 100.00, 16.00
10.00, 15088.00, 16273.00, 100.00, 100.00, 16.00
10.00, 15128.00, 16317.00, 100.00, 100.00, 16.00
10.00, 15170.00, 16360.00, 100.00, 100.00, 16.00
10.00, 15210.00, 16402.00, 100.00, 100.00, 16.00
10.00, 15250.00, 16448.00, 100.00, 100.00, 16.00
10.00, 15290.00, 16490.00, 100.00, 100.00, 16.00
10.00, 15331.00, 16530.00, 100.00, 100.00, 16.00
10.00, 15371.00, 16574.00, 100.00, 100.00, 16.00
10.00, 15412.00, 16616.00, 100.00, 100.00, 16.00
10.00, 15454.00, 16658.00, 100.00, 100.00, 16.00
10.00, 15494.00, 16701.00, 100.00, 100.00, 16.00
10.00, 15535.00, 16742.00, 100.00, 100.00, 16.00
10.00, 15574.00, 16784.00, 100.00, 100.00, 16.00
10.00, 15615.00, 16827.00, 100.00, 100.00, 16.00
10.00, 15655.00, 16868.00, 100.00, 100.00, 16.00
10.00, 15696.00, 16908.00, 100.00, 100.00, 16.00
10.00, 15735.00, 16950.00, 100.00, 100.00, 16.00
10.00, 15775.00, 16993.00, 100.00, 100.00, 16.00
10.00, 15815.00, 17035.00, 100.00, 100.00, 16.00
10.00, 15855.00, 17076.00, 100.00, 100.00, 16.00
10.00, 15896.00, 17118.00, 100.00, 100.00, 16.00
10.00, 15938.00, 17161.00, 100.00, 100.00, 16.00
10.00, 15979.00, 17203.00, 100.00, 100.00, 16.00
10.00, 16019.00, 17245.00, 100.00, 100.00, 16.00
10.00, 16057.00, 17287.00, 100.00, 100.00, 16.00
10.00, 16098.00, 17329.00, 100.00, 100.00, 16.00
10.00, 16138.00, 17372.00, 100.00, 100.00, 16.00
10.00, 16181.00, 17414.00, 100.00, 100.00, 16.00
10.00, 16222.00, 17458.00, 100.00, 100.00, 16.00
10.00, 16261.00, 17503.00, 100.00, 100.00, 16.00
10.00, 16301.00, 17545.00, 100.00, 100.00, 16.00
10.00, 16343.00, 17588.00, 100.00, 100.00, 16.00
10.00, 16383.00, 17631.00, 100.00, 100.00, 16.00
10.00, 16423.00, 17673.00, 100.00, 100.00, 16.00
10.00, 16467.00, 17719.00, 100.00, 100.00, 16.00
10.00, 16508.00, 17762.00, 100.00, 100.00, 16.00
10.00, 16546.00, 17803.00, 100.00, 100.00, 16.00
10.00, 16586.00, 17845.00, 100.00, 100.00, 16.00
10.00, 16625.00, 17886.00, 100.00, 100.00, 16.00
10.00, 16665.00, 17929.00, 100.00, 100.00, 16.00
10.00, 16709.00, 17976.00, 100.00, 100.00, 16.00
10.00, 16749.00, 18019.00, 100.00, 100.00, 16.00
10.00, 16787.00, 18058.00, 100.00, 100.00, 16.00
10.00, 16827.00, 18101.00, 100.00, 100.00, 16.00
10.00, 16866.00, 18141.00, 100.00, 100.00, 16.00
10.00, 16905.00, 18182.00, 100.00, 100.00, 16.00
10.00, 16948.00, 18227.00, 100.00, 100.00, 16.00
10.00, 16988.00, 18268.00, 100.00, 100.00, 16.00
10.00, 17025.00, 18306.00, 100.00, 100.00, 16.00
10.00, 17064.00, 18346.00, 100.00, 100.00, 16.00
10.00, 17104.00, 18387.00, 100.00, 100.00, 16.00
10.00, 17143.00, 18429.00, 100.00, 100.00, 16.00
10.00, 17184.00, 18474.00, 100.00, 100.00, 16.00
