10839.00, 200.00, 2047.00, 100.00, 100.00, 17.00
10.00, 202.00, 2050.00, -100.00, 100.00, 17.00
10.00, 204.00, 2061.00, -100.00, 100.00, 17.00
10.00, 200.00, 2079.00, -100.00, 100.00, 17.00
10.00, 187.00, 2104.00, -100.00, 100.00, 17.00
10.00, 165.00, 2132.00, -100.00, 100.00, 17.00
10.00, 138.00, 2163.00, -100.00, 100.00, 17.00
10.00, 110.00, 2193.00, -100.00, 100.00, 17.00
10.00, 76.00, 2226.00, -100.00, 100.00, 17.00
10.00, 44.00, 2260.00, -100.00, 100.00, 17.00
10.00, 11.00, 2295.00, -100.00, 100.00, 17.00
10.00, -24.00, 2332.00, -100.00, 100.00, 17.00
10.00, -61.00, 2372.00, -100.00, 100.00, 17.00
10.00, -101.00, 2412.00, -100.00, 100.00, 17.00
10.00, -140.00, 2449.00, -100.00, 100.00, 17.00
10.00, -182.00, 2488.00, -100.00, 100.00, 17.00
10.00, -221.00, 2528.00, -100.00, 100.00, 17.00
10.00, -262.00, 2569.00, -100.00, 100.00, 17.00
10.00, -301.00, 2609.00, -100.00, 100.00, 17.00
10.00, -343.00, 2652.00, -100.00, 100.00, 17.00
10.00, -385.00, 2693.00, -100.00, 100.00, 17.00
10.00, -427.00, 2732.00, -100.00, 100.00, 17.00
10.00, -470.00, 2772.00, -100.00, 100.00, 17.00
10.00, -511.00, 2815.00, -100.00, 100.00, 17.00
10.00, -550.00, 2857.00, -100.00, 100.00, 17.00
10.00, -591.00, 2899.00, -100.00, 100.00, 17.00
10.00, -634.00, 2942.00, -100.00, 100.00, 17.00
10.00, -675.00, 2983.00, -100.00, 100.00, 17.00
10.00, -718.00, 3024.00, -100.00, 100.00, 17.00
10.00, -760.00, 3064.00, -100.00, 100.00, 17.00
10.00, -802.00, 3107.00, -100.00, 100.00, 17.00
10.00, -842.00, 3150.00, -100.00, 100.00, 17.00
10.00, -886.00, 3192.00, -100.00, 100.00, 17.00
10.00, -928.00, 3228.00, -100.00, 100.00, 17.00
10.00, -972.00, 3268.00, -100.00, 100.00, 17.00
10.00, -1014.00, 3311.00, -100.00, 100.00, 17.00
10.00, -1057.00, 3351.00, -99.89, 100.00, 17.00
10.00, -1097.00, 3394.00, -99.89, 100.00, 17.00
10.00, -1139.00, 3437.00, -99.89, 99.89, 17.00
10.00, -1184.00, 3477.00, -99.66, 99.89, 17.00
10.00, -1227.00, 3516.00, -92.43, 99.89, 17.00
10.00, -1269.00, 3558.00, 13.11, 99.10, 17.00
10.00, -1308.00, 3600.00, 95.59, 83.39, 17.00
10.00, -1336.00, 3642.00, 99.77, -33.45, 17.00
10.00, -1350.00, 3677.00, 99.89, -95.82, 17.00
10.00, -1354.00, 3700.00, 99.89, -99.66, 17.00
10.00, -1350.00, 3715.00, 99.89, -99.89, 17.00
10.00, -1336.00, 3717.00, 99.89, -99.89, 17.00
10.00, -1318.00, 3708.00, 99.89, -99.89, 17.00
10.00, -1296.00, 3692.00, 99.89, -99.89, 17.00
10.00, -1268.00, 3671.00, 99.89, -99.89, 17.00
10.00, -1239.00, 3646.00, 99.89, -99.77, 17.00
10.00, -1208.00, 3618.00, 99.89, -99.10, 17.00
10.00, -1174.00, 3587.00, 99.89, -93.22, 17.00
10.00, -1140.00, 3558.00, 99.89, -51.41, 17.00
10.00, -1104.00, 3526.00, 99.89, 49.15, 17.00
10.00, -1068.00, 3498.00, 99.89, 93.22, 17.00
10.00, -1032.00, 3481.00, 99.89, 99.10, 17.00
10.00, -996.00, 3479.00, 99.55, 99.77, 17.00
10.00, -956.00, 3486.00, 96.50, 99.77, 17.00
10.00, -919.00, 3500.00, 65.76, 99.77, 17.00
10.00, -883.00, 3522.00, -45.54, 99.55, 17.00
10.00, -851.00, 3545.00, -94.35, 98.19, 17.00
10.00, -830.00, 3573.00, -99.55, 90.40, 17.00
10.00, -821.00, 3602.00, -99.89, 43.39, 17.00
10.00, -822.00, 3637.00, -99.89, -48.59, 17.00
10.00, -833.00, 3663.00, -99.89, -94.46, 17.00
10.00, -850.00, 3674.00, -99.89, -99.32, 17.00
10.00, -873.00, 3673.00, -99.89, -99.77, 17.00
10.00, -899.00, 3666.00, -99.89, -99.77, 17.00
10.00, -927.00, 3651.00, -99.89, -99.66, 17.00
10.00, -957.00, 3629.00, -99.89, -99.10, 17.00
10.00, -990.00, 3604.00, -99.77, -96.72, 17.00
10.00, -1025.00, 3578.00, -98.98, -79.10, 17.00
10.00, -1059.00, 3551.00, -93.79, -9.83, 17.00
10.00, -1094.00, 3526.00, -60.00, 68.93, 17.00
10.00, -1131.00, 3501.00, 36.16, 95.37, 17.00
10.00, -1161.00, 3500.00, 91.98, 99.21, 17.00
10.00, -1182.00, 3494.00, 99.10, 99.55, 17.00
10.00, -1190.00, 3513.00, 99.77, 99.77, 17.00
10.00, -1188.00, 3530.00, 99.89, 99.44, 17.00
10.00, -1178.00, 3549.00, 99.89, 98.64, 17.00
10.00, -1162.00, 3579.00, 99.89, 96.72, 17.00
10.00, -1139.00, 3604.00, 99.89, 84.29, 17.00
10.00, -1115.00, 3635.00, 99.89, 50.85, 17.00
10.00, -1086.00, 3662.00, 99.89, -15.48, 17.00
10.00, -1058.00, 3686.00, 99.55, -66.89, 17.00
10.00, -1026.00, 3702.00, 98.42, -83.16, 17.00
10.00, -993.00, 3710.00, 93.45, -88.93, 17.00
10.00, -957.00, 3711.00, 69.72, -84.97, 17.00
10.00, -923.00, 3700.00, -1.47, -65.54, 17.00
10.00, -891.00, 3686.00, -71.98, 1.58, 17.00
10.00, -868.00, 3671.00, -92.43, 80.00, 17.00
10.00, -858.00, 3661.00, -97.40, 97.51, 17.00
10.00, -858.00, 3662.00, -98.42, 99.55, 17.00
10.00, -867.00, 3674.00, -98.53, 99.89, 17.00
10.00, -883.00, 3691.00, -98.19, 99.89, 17.00
10.00, -903.00, 3715.00, -97.51, 99.89, 17.00
10.00, -927.00, 3742.00, -96.16, 99.89, 17.00
10.00, -953.00, 3772.00, -94.35, 99.89, 17.00
10.00, -984.00, 3803.00, -92.20, 99.89, 17.00
10.00, -1015.00, 3837.00, -90.40, 99.89, 17.00
10.00, -1048.00, 3874.00, -89.38, 99.89, 17.00
10.00, -1080.00, 3911.00, -89.72, 99.66, 17.00
10.00, -1114.00, 3947.00, -90.96, 99.10, 17.00
10.00, -1150.00, 3983.00, -92.66, 97.29, 17.00
10.00, -1187.00, 4021.00, -94.69, 91.19, 17.00
10.00, -1224.00, 4059.00, -96.50, 71.86, 17.00
10.00, -1261.00, 4095.00, -97.63, 30.40, 17.00
10.00, -1299.00, 4134.00, -98.53, -22.15, 17.00
10.00, -1336.00, 4164.00, -99.10, -60.00, 17.00
10.00, -1374.00, 4182.00, -99.44, -77.74, 17.00
10.00, -1413.00, 4190.00, -99.66, -82.94, 17.00
10.00, -1453.00, 4191.00, -99.77, -83.84, 17.00
10.00, -1491.00, 4185.00, -99.89, -82.60, 17.00
10.00, -1529.00, 4171.00, -99.89, -80.90, 17.00
10.00, -1569.00, 4153.00, -99.89, -79.32, 17.00
10.00, -1607.00, 4134.00, -99.89, -79.21, 17.00
10.00, -1647.00, 4112.00, -99.89, -80.56, 17.00
10.00, -1687.00, 4088.00, -99.89, -83.28, 17.00
10.00, -1728.00, 4063.00, -99.89, -86.89, 17.00
10.00, -1767.00, 4034.00, -99.89, -90.28, 17.00
10.00, -1807.00, 4004.00, -99.89, -93.33, 17.00
10.00, -1846.00, 3973.00, -99.89, -95.93, 17.00
10.00, -1886.00, 3941.00, -99.89, -97.40, 17.00
11.00, -1927.00, 3906.00, -99.89, -98.42, 17.00
10.00, -1967.00, 3871.00, -100.00, -99.10, 17.00
10.00, -2009.00, 3836.00, -100.00, -99.44, 17.00
10.00, -2050.00, 3800.00, -100.00, -99.66, 17.00
10.00, -2090.00, 3765.00, -100.00, -99.77, 17.00
10.00, -2130.00, 3727.00, -100.00, -99.89, 17.00
10.00, -2173.00, 3689.00, -100.00, -99.89, 17.00
10.00, -2217.00, 3649.00, -100.00, -99.89, 17.00
10.00, -2260.00, 3608.00, -100.00, -99.89, 17.00
10.00, -2302.00, 3570.00, -100.00, -99.89, 17.00
10.00, -2342.00, 3534.00, -100.00, -99.89, 17.00
10.00, -2381.00, 3497.00, -100.00, -99.89, 17.00
10.00, -2426.00, 3455.00, -100.00, -99.89, 17.00
10.00, -2470.00, 3412.00, -100.00, -99.89, 17.00
10.00, -2512.00, 3374.00, -100.00, -99.89, 17.00
10.00, -2555.00, 3332.00, -100.00, -99.89, 17.00
10.00, -2598.00, 3291.00, -100.00, -99.89, 17.00
10.00, -2639.00, 3254.00, -100.00, -99.89, 17.00
10.00, -2684.00, 3215.00, -100.00, -100.00, 17.00
10.00, -2726.00, 3174.00, -100.00, -100.00, 17.00
10.00, -2768.00, 3134.00, -100.00, -100.00, 17.00
10.00, -2812.00, 3094.00, -100.00, -100.00, 17.00
10.00, -2854.00, 3052.00, -100.00, -100.00, 17.00
10.00, -2895.00, 3014.00, -100.00, -100.00, 17.00
10.00, -2936.00, 2975.00, -100.00, -100.00, 17.00
10.00, -2979.00, 2932.00, -100.00, -100.00, 17.00
10.00, -3023.00, 2891.00, -100.00, -100.00, 17.00
10.00, -3064.00, 2851.00, -100.00, -100.00, 17.00
10.00, -3105.00, 2811.00, -100.00, -100.00, 17.00
10.00, -3144.00, 2770.00, -100.00, -100.00, 17.00
10.00, -3186.00, 2731.00, -100.00, -100.00, 17.00
10.00, -3229.00, 2692.00, -100.00, -100.00, 17.00
10.00, -3271.00, 2652.00, -100.00, -100.00, 17.00
10.00, -3312.00, 2610.00, -100.00, -100.00, 17.00
10.00, -3355.00, 2570.00, -100.00, -100.00, 17.00
10.00, -3395.00, 2531.00, -100.00, -100.00, 17.00
10.00, -3434.00, 2493.00, -100.00, -100.00, 17.00
10.00, -3477.00, 2452.00, -100.00, -100.00, 17.00
10.00, -3520.00, 2412.00, -100.00, -100.00, 17.00
10.00, -3563.00, 2370.00, -100.00, -100.00, 17.00
10.00, -3607.00, 2329.00, -100.00, -100.00, 17.00
10.00, -3647.00, 2289.00, -100.00, -100.00, 17.00
10.00, -3688.00, 2253.00, -100.00, -100.00, 17.00
10.00, -3731.00, 2214.00, -100.00, -100.00, 17.00
10.00, -3774.00, 2173.00, -100.00, -100.00, 17.00
10.00, -3816.00, 2130.00, -100.00, -100.00, 17.00
10.00, -3858.00, 2090.00, -100.00, -100.00, 17.00
10.00, -3899.00, 2049.00, -100.00, -100.00, 17.00
10.00, -3940.00, 2013.00, -100.00, -100.00, 17.00
10.00, -3983.00, 1976.00, -100.00, -100.00, 17.00
10.00, -4027.00, 1934.00, -100.00, -100.00, 17.00
10.00, -4069.00, 1893.00, -100.00, -100.00, 17.00
10.00, -4111.00, 1852.00, -100.00, -100.00, 17.00
10.00, -4155.00, 1812.00, -100.00, -100.00, 17.00
10.00, -4197.00, 1774.00, -100.00, -100.00, 17.00
10.00, -4239.00, 1736.00, -100.00, -100.00, 17.00
10.00, -4282.00, 1697.00, -100.00, -100.00, 17.00
10.00, -4324.00, 1655.00, -100.00, -100.00, 17.00
10.00, -4365.00, 1611.00, -100.00, -100.00, 17.00
10.00, -4406.00, 1572.00, -100.00, -100.00, 17.00
10.00, -4447.00, 1533.00, -100.00, -100.00, 17.00
10.00, -4489.00, 1493.00, -100.00, -100.00, 17.00
10.00, -4533.00, 1454.00, -100.00, -100.00, 17.00
10.00, -4576.00, 1414.00, -100.00, -100.00, 17.00
10.00, -4619.00, 1370.00, -100.00, -100.00, 17.00
10.00, -4661.00, 1328.00, -100.00, -100.00, 17.00
10.00, -4703.00, 1288.00, -100.00, -100.00, 17.00
10.00, -4746.00, 1248.00, -100.00, -100.00, 17.00
10.00, -4790.00, 1208.00, -100.00, -100.00, 17.00
10.00, -4832.00, 1167.00, -100.00, -100.00, 17.00
10.00, -4874.00, 1124.00, -100.00, -100.00, 17.00
10.00, -4915.00, 1082.00, -100.00, -100.00, 17.00
10.00, -4959.00, 1041.00, -100.00, -100.00, 17.00
10.00, -5003.00, 1000.00, -100.00, -100.00, 17.00
10.00, -5046.00, 961.00, -100.00, -100.00, 17.00
10.00, -5090.00, 919.00, -100.00, -100.00, 17.00
10.00, -5134.00, 877.00, -100.00, -100.00, 17.00
10.00, -5174.00, 835.00, -100.00, -100.00, 17.00
10.00, -5216.00, 794.00, -100.00, -100.00, 17.00
10.00, -5260.00, 753.00, -100.00, -100.00, 17.00
10.00, -5302.00, 714.00, -100.00, -100.00, 17.00
10.00, -5343.00, 674.00, -100.00, -100.00, 17.00
10.00, -5387.00, 633.00, -100.00, -100.00, 17.00
10.00, -5428.00, 592.00, -100.00, -100.00, 17.00
10.00, -5470.00, 552.00, -100.00, -100.00, 17.00
10.00, -5513.00, 512.00, -100.00, -100.00, 17.00
10.00, -5554.00, 473.00, -100.00, -100.00, 17.00
10.00, -5596.00, 434.00, -100.00, -100.00, 17.00
10.00, -5636.00, 392.00, -100.00, -100.00, 17.00
10.00, -5675.00, 351.00, -100.00, -100.00, 17.00
10.00, -5715.00, 311.00, -100.00, -100.00, 17.00
10.00, -5757.00, 272.00, -100.00, -100.00, 17.00
10.00, -5800.00, 231.00, -100.00, -100.00, 17.00
10.00, -5841.00, 193.00, -100.00, -100.00, 17.00
10.00, -5881.00, 154.00, -100.00, -100.00, 17.00
10.00, -5921.00, 113.00, -100.00, -100.00, 17.00
10.00, -5962.00, 72.00, -100.00, -100.00, 17.00
10.00, -6006.00, 31.00, -100.00, -100.00, 17.00
10.00, -6050.00, -11.00, -100.00, -100.00, 17.00
10.00, -6092.00, -50.00, -100.00, -100.00, 17.00
10.00, -6134.00, -89.00, -100.00, -100.00, 17.00
10.00, -6174.00, -130.00, -100.00, -100.00, 17.00
10.00, -6216.00, -170.00, -100.00, -100.00, 17.00
10.00, -6261.00, -211.00, -100.00, -100.00, 17.00
10.00, -6303.00, -255.00, -100.00, -100.00, 17.00
10.00, -6346.00, -294.00, -100.00, -100.00, 17.00
10.00, -6389.00, -332.00, -100.00, -100.00, 17.00
10.00, -6429.00, -372.00, -100.00, -100.00, 17.00
10.00, -6471.00, -413.00, -100.00, -100.00, 17.00
10.00, -6515.00, -455.00, -100.00, -100.00, 17.00
10.00, -6559.00, -498.00, -100.00, -100.00, 17.00
10.00, -6602.00, -538.00, -100.00, -100.00, 17.00
10.00, -6645.00, -577.00, -100.00, -100.00, 17.00
10.00, -6686.00, -616.00, -100.00, -100.00, 17.00
10.00, -6727.00, -656.00, -100.00, -100.00, 17.00
10.00, -6769.00, -699.00, -100.00, -100.00, 17.00
10.00, -6812.00, -740.00, -100.00, -100.00, 17.00
10.00, -6855.00, -779.00, -100.00, -100.00, 17.00
10.00, -6898.00, -820.00, -100.00, -100.00, 17.00
10.00, -6938.00, -859.00, -100.00, -100.00, 17.00
10.00, -6978.00, -900.00, -100.00, -100.00, 17.00
10.00, -7019.00, -942.00, -100.00, -100.00, 17.00
10.00, -7063.00, -983.00, -100.00, -100.00, 17.00
10.00, -7107.00, -1025.00, -100.00, -100.00, 17.00
10.00, -7149.00, -1066.00, -100.00, -100.00, 17.00
10.00, -7190.00, -1104.00, -100.00, -100.00, 17.00
10.00, -7228.00, -1144.00, -100.00, -100.00, 17.00
10.00, -7270.00, -1187.00, -100.00, -100.00, 17.00
10.00, -7313.00, -1229.00, -100.00, -100.00, 17.00
10.00, -7357.00, -1269.00, -100.00, -100.00, 17.00
10.00, -7400.00, -1310.00, -100.00, -100.00, 17.00
10.00, -7442.00, -1350.00, -100.00, -100.00, 17.00
10.00, -7481.00, -1390.00, -100.00, -100.00, 17.00
10.00, -7524.00, -1430.00, -100.00, -100.00, 17.00
10.00, -7568.00, -1472.00, -100.00, -100.00, 17.00
10.00, -7611.00, -1514.00, -100.00, -100.00, 17.00
10.00, -7653.00, -1554.00, -100.00, -100.00, 17.00
10.00, -7696.00, -1592.00, -100.00, -100.00, 17.00
10.00, -7735.00, -1632.00, -100.00, -100.00, 17.00
10.00, -7776.00, -1672.00, -100.00, -100.00, 17.00
10.00, -7820.00, -1715.00, -100.00, -100.00, 17.00
10.00, -7863.00, -1755.00, -100.00, -100.00, 17.00
10.00, -7904.00, -1795.00, -100.00, -100.00, 17.00
10.00, -7947.00, -1833.00, -100.00, -100.00, 17.00
10.00, -7988.00, -1870.00, -100.00, -100.00, 17.00
10.00, -8028.00, -1910.00, -100.00, -100.00, 17.00
10.00, -8070.00, -1952.00, -100.00, -100.00, 17.00
10.00, -8114.00, -1993.00, -100.00, -100.00, 17.00
10.00, -8155.00, -2034.00, -100.00, -100.00, 17.00
10.00, -8196.00, -2072.00, -100.00, -100.00, 17.00
10.00, -8236.00, -2108.00, -100.00, -100.00, 17.00
10.00, -8276.00, -2148.00, -100.00, -100.00, 17.00
10.00, -8319.00, -2192.00, -100.00, -100.00, 17.00
10.00, -8362.00, -2232.00, -100.00, -100.00, 17.00
10.00, -8406.00, -2271.00, -100.00, -100.00, 17.00
10.00, -8450.00, -2313.00, -100.00, -100.00, 17.00
10.00, -8492.00, -2350.00, -100.00, -100.00, 17.00
10.00, -8531.00, -2386.00, -100.00, -100.00, 17.00
10.00, -8573.00, -2428.00, -100.00, -100.00, 17.00
10.00, -8617.00, -2474.00, -100.00, -100.00, 17.00
10.00, -8663.00, -2514.00, -100.00, -100.00, 17.00
10.00, -8705.00, -2554.00, -100.00, -100.00, 17.00
10.00, -8749.00, -2593.00, -100.00, -100.00, 17.00
10.00, -8790.00, -2631.00, -100.00, -100.00, 17.00
10.00, -8833.00, -2671.00, -100.00, -100.00, 17.00
10.00, -8878.00, -2713.00, -100.00, -100.00, 17.00
10.00, -8922.00, -2757.00, -100.00, -100.00, 17.00
10.00, -8965.00, -2799.00, -100.00, -100.00, 17.00
10.00, -9007.00, -2840.00, -100.00, -100.00, 17.00
10.00, -9050.00, -2878.00, -100.00, -100.00, 17.00
10.00, -9093.00, -2918.00, -100.00, -100.00, 17.00
10.00, -9135.00, -2961.00, -100.00, -100.00, 17.00
10.00, -9179.00, -3005.00, -100.00, -100.00, 17.00
10.00, -9222.00, -3045.00, -100.00, -100.00, 17.00
10.00, -9264.00, -3086.00, -100.00, -100.00, 17.00
10.00, -9305.00, -3123.00, -100.00, -100.00, 17.00
10.00, -9347.00, -3162.00, -100.00, -100.00, 17.00
10.00, -9390.00, -3203.00, -100.00, -100.00, 17.00
10.00, -9431.00, -3245.00, -100.00, -100.00, 17.00
10.00, -9473.00, -3283.00, -100.00, -100.00, 17.00
10.00, -9514.00, -3324.00, -100.00, -100.00, 17.00
10.00, -9554.00, -3364.00, -100.00, -100.00, 17.00
10.00, -9594.00, -3404.00, -100.00, -100.00, 17.00
10.00, -9636.00, -3445.00, -100.00, -100.00, 17.00
10.00, -9679.00, -3485.00, -100.00, -100.00, 17.00
10.00, -9720.00, -3525.00, -100.00, -100.00, 17.00
10.00, -9762.00, -3566.00, -100.00, -100.00, 17.00
10.00, -9803.00, -3605.00, -100.00, -100.00, 17.00
10.00, -9843.00, -3643.00, -100.00, -100.00, 17.00
10.00, -9887.00, -3683.00, -100.00, -100.00, 17.00
10.00, -9930.00, -3726.00, -100.00, -100.00, 17.00
10.00, -9971.00, -3767.00, -100.00, -100.00, 17.00
10.00, -10013.00, -3808.00, -100.00, -100.00, 17.00
10.00, -10055.00, -3849.00, -100.00, -100.00, 17.00
10.00, -10097.00, -3888.00, -100.00, -100.00, 17.00
10.00, -10139.00, -3926.00, -100.00, -100.00, 17.00
10.00, -10182.00, -3964.00, -100.00, -100.00, 17.00
10.00, -10226.00, -4007.00, -100.00, -100.00, 17.00
10.00, -10266.00, -4050.00, -100.00, -100.00, 17.00
10.00, -10309.00, -4092.00, -100.00, -100.00, 17.00
10.00, -10353.00, -4129.00, -100.00, -100.00, 17.00
10.00, -10394.00, -4167.00, -100.00, -100.00, 17.00
10.00, -10437.00, -4208.00, -100.00, -100.00, 17.00
10.00, -10481.00, -4249.00, -100.00, -100.00, 17.00
10.00, -10521.00, -4291.00, -100.00, -100.00, 17.00
10.00, -10563.00, -4333.00, -100.00, -100.00, 17.00
10.00, -10605.00, -4374.00, -100.00, -100.00, 17.00
10.00, -10648.00, -4411.00, -100.00, -100.00, 17.00
10.00, -10691.00, -4449.00, -100.00, -100.00, 17.00
10.00, -10733.00, -4489.00, -100.00, -100.00, 17.00
10.00, -10774.00, -4532.00, -100.00, -100.00, 17.00
10.00, -10814.00, -4572.00, -100.00, -100.00, 17.00
10.00, -10857.00, -4611.00, -100.00, -100.00, 17.00
10.00, -10900.00, -4651.00, -100.00, -100.00, 17.00
10.00, -10943.00, -4691.00, -100.00, -100.00, 17.00
10.00, -10985.00, -4733.00, -100.00, -100.00, 17.00
10.00, -11027.00, -4775.00, -100.00, -100.00, 17.00
10.00, -11069.00, -4814.00, -100.00, -100.00, 17.00
10.00, -11110.00, -4856.00, -100.00, -100.00, 17.00
10.00, -11153.00, -4896.00, -100.00, -100.00, 17.00
10.00, -11197.00, -4935.00, -100.00, -100.00, 17.00
10.00, -11240.00, -4976.00, -100.00, -100.00, 17.00
10.00, -11283.00, -5018.00, -100.00, -100.00, 17.00
10.00, -11323.00, -5060.00, -100.00, -100.00, 17.00
10.00, -11367.00, -5100.00, -100.00, -100.00, 17.00
10.00, -11410.00, -5142.00, -100.00, -100.00, 17.00
10.00, -11453.00, -5182.00, -100.00, -100.00, 17.00
10.00, -11495.00, -5221.00, -100.00, -100.00, 17.00
10.00, -11536.00, -5263.00, -100.00, -100.00, 17.00
10.00, -11577.00, -5306.00, -100.00, -100.00, 17.00
10.00, -11619.00, -5346.00, -100.00, -100.00, 17.00
10.00, -11664.00, -5388.00, -100.00, -100.00, 17.00
10.00, -11706.00, -5428.00, -100.00, -100.00, 17.00
10.00, -11749.00, -5468.00, -100.00, -100.00, 17.00
10.00, -11792.00, -5508.00, -100.00, -100.00, 17.00
10.00, -11832.00, -5549.00, -100.00, -100.00, 17.00
10.00, -11873.00, -5589.00, -100.00, -100.00, 17.00
10.00, -11915.00, -5630.00, -100.00, -100.00, 17.00
10.00, -11956.00, -5670.00, -100.00, -100.00, 17.00
10.00, -11997.00, -5709.00, -100.00, -100.00, 17.00
10.00, -12037.00, -5749.00, -100.00, -100.00, 17.00
10.00, -12077.00, -5790.00, -100.00, -100.00, 17.00
10.00, -12118.00, -5831.00, -100.00, -100.00, 17.00
10.00, -12161.00, -5870.00, -100.00, -100.00, 17.00
10.00, -12206.00, -5908.00, -100.00, -100.00, 17.00
10.00, -12247.00, -5947.00, -100.00, -100.00, 17.00
10.00, -12288.00, -5988.00, -100.00, -100.00, 17.00
10.00, -12328.00, -6026.00, -100.00, -100.00, 17.00
10.00, -12371.00, -6068.00, -100.00, -100.00, 17.00
10.00, -12417.00, -6108.00, -100.00, -100.00, 17.00
10.00, -12460.00, -6148.00, -100.00, -100.00, 17.00
10.00, -12502.00, -6187.00, -100.00, -100.00, 17.00
10.00, -12544.00, -6226.00, -100.00, -100.00, 17.00
10.00, -12585.00, -6266.00, -100.00, -100.00, 17.00
10.00, -12628.00, -6308.00, -100.00, -100.00, 17.00
10.00, -12672.00, -6347.00, -100.00, -100.00, 17.00
10.00, -12718.00, -6389.00, -100.00, -100.00, 17.00
10.00, -12763.00, -6429.00, -100.00, -100.00, 17.00
10.00, -12805.00, -6467.00, -100.00, -100.00, 17.00
10.00, -12847.00, -6505.00, -100.00, -100.00, 17.00
10.00, -12890.00, -6546.00, -100.00, -100.00, 17.00
10.00, -12932.00, -6590.00, -100.00, -100.00, 17.00
10.00, -12975.00, -6632.00, -100.00, -100.00, 17.00
10.00, -13020.00, -6672.00, -100.00, -100.00, 17.00
10.00, -13062.00, -6712.00, -100.00, -100.00, 17.00
10.00, -13103.00, -6753.00, -100.00, -100.00, 17.00
10.00, -13145.00, -6793.00, -100.00, -100.00, 17.00
10.00, -13188.00, -6836.00, -100.00, -100.00, 17.00
10.00, -13231.00, -6878.00, -100.00, -100.00, 17.00
10.00, -13273.00, -6921.00, -100.00, -100.00, 17.00
10.00, -13315.00, -6959.00, -100.00, -100.00, 17.00
10.00, -13355.00, -6998.00, -100.00, -100.00, 17.00
10.00, -13394.00, -7038.00, -100.00, -100.00, 17.00
10.00, -13436.00, -7081.00, -100.00, -100.00, 17.00
10.00, -13479.00, -7122.00, -100.00, -100.00, 17.00
10.00, -13520.00, -7162.00, -100.00, -100.00, 17.00
10.00, -13563.00, -7203.00, -100.00, -100.00, 17.00
10.00, -13605.00, -7245.00, -100.00, -100.00, 17.00
10.00, -13646.00, -7283.00, -100.00, -100.00, 17.00
10.00, -13688.00, -7325.00, -100.00, -100.00, 17.00
10.00, -13731.00, -7366.00, -100.00, -100.00, 17.00
10.00, -13774.00, -7408.00, -100.00, -100.00, 17.00
10.00, -13816.00, -7448.00, -100.00, -100.00, 17.00
10.00, -13857.00, -7488.00, -100.00, -100.00, 17.00
10.00, -13898.00, -7527.00, -100.00, -100.00, 17.00
10.00, -13939.00, -7569.00, -100.00, -100.00, 17.00
10.00, -13982.00, -7612.00, -100.00, -100.00, 17.00
10.00, -14026.00, -7654.00, -100.00, -100.00, 17.00
10.00, -14068.00, -7696.00, -100.00, -100.00, 17.00
10.00, -14109.00, -7736.00, -100.00, -100.00, 17.00
10.00, -14150.00, -7774.00, -100.00, -100.00, 17.00
10.00, -14193.00, -7814.00, -100.00, -100.00, 17.00
10.00, -14235.00, -7857.00, -100.00, -100.00, 17.00
10.00, -14278.00, -7901.00, -100.00, -100.00, 17.00
10.00, -14322.00, -7941.00, -100.00, -100.00, 17.00
10.00, -14363.00, -7980.00, -100.00, -100.00, 17.00
10.00, -14403.00, -8017.00, -100.00, -100.00, 17.00
10.00, -14445.00, -8056.00, -100.00, -100.00, 17.00
10.00, -14487.00, -8098.00, -100.00, -100.00, 17.00
10.00, -14530.00, -8140.00, -100.00, -100.00, 17.00
10.00, -14572.00, -8184.00, -100.00, -100.00, 17.00
10.00, -14614.00, -8225.00, -100.00, -100.00, 17.00
10.00, -14653.00, -8259.00, -100.00, -100.00, 17.00
10.00, -14695.00, -8296.00, -100.00, -100.00, 17.00
10.00, -14739.00, -8338.00, -100.00, -100.00, 17.00
10.00, -14783.00, -8380.00, -100.00, -100.00, 17.00
10.00, -14826.00, -8422.00, -100.00, -100.00, 17.00
10.00, -14868.00, -8463.00, -100.00, -100.00, 17.00
10.00, -14909.00, -8500.00, -100.00, -100.00, 17.00
10.00, -14950.00, -8538.00, -100.00, -100.00, 17.00
10.00, -14993.00, -8579.00, -100.00, -100.00, 17.00
10.00, -15038.00, -8620.00, -100.00, -100.00, 17.00
10.00, -15082.00, -8662.00, -100.00, -100.00, 17.00
10.00, -15126.00, -8704.00, -100.00, -100.00, 17.00
10.00, -15168.00, -8742.00, -100.00, -100.00, 17.00
10.00, -15208.00, -8779.00, -100.00, -100.00, 17.00
10.00, -15252.00, -8824.00, -100.00, -100.00, 17.00
10.00, -15297.00, -8866.00, -100.00, -100.00, 17.00
10.00, -15340.00, -8907.00, -100.00, -100.00, 17.00
10.00, -15383.00, -8949.00, -100.00, -100.00, 17.00
10.00, -15424.00, -8989.00, -100.00, -100.00, 17.00
10.00, -15465.00, -9027.00, -100.00, -100.00, 17.00
10.00, -15509.00, -9068.00, -100.00, -100.00, 17.00
10.00, -15553.00, -9111.00, -100.00, -100.00, 17.00
10.00, -15595.00, -9155.00, -100.00, -100.00, 17.00
10.00, -15637.00, -9196.00, -100.00, -100.00, 17.00
10.00, -15678.00, -9236.00, -100.00, -100.00, 17.00
10.00, -15718.00, -9276.00, -100.00, -100.00, 17.00
10.00, -15760.00, -9315.00, -100.00, -100.00, 17.00
10.00, -15802.00, -9357.00, -100.00, -100.00, 17.00
10.00, -15844.00, -9400.00, -100.00, -100.00, 17.00
10.00, -15886.00, -9440.00, -100.00, -100.00, 17.00
10.00, -15927.00, -9481.00, -100.00, -100.00, 17.00
10.00, -15967.00, -9520.00, -100.00, -100.00, 17.00
10.00, -16009.00, -9559.00, -100.00, -100.00, 17.00
10.00, -16051.00, -9600.00, -100.00, -100.00, 17.00
10.00, -16094.00, -9642.00, -100.00, -100.00, 17.00
10.00, -16136.00, -9681.00, -100.00, -100.00, 17.00
10.00, -16177.00, -9720.00, -100.00, -100.00, 17.00
10.00, -16217.00, -9760.00, -100.00, -100.00, 17.00
10.00, -16260.00, -9799.00, -100.00, -100.00, 17.00
10.00, -16304.00, -9839.00, -100.00, -100.00, 17.00
10.00, -16348.00, -9880.00, -100.00, -100.00, 17.00
10.00, -16391.00, -9921.00, -100.00, -100.00, 17.00
10.00, -16434.00, -9961.00, -100.00, -100.00, 17.00
10.00, -16476.00, -9999.00, -100.00, -100.00, 17.00
10.00, -16520.00, -10037.00, -100.00, -100.00, 17.00
10.00, -16564.00, -10078.00, -100.00, -100.00, 17.00
10.00, -16607.00, -10118.00, -100.00, -100.00, 17.00
10.00, -16651.00, -10159.00, -100.00, -100.00, 17.00
10.00, -16695.00, -10199.00, -100.00, -100.00, 17.00
10.00, -16737.00, -10240.00, -100.00, -100.00, 17.00
10.00, -16778.00, -10278.00, -100.00, -100.00, 17.00
10.00, -16824.00, -10315.00, -100.00, -100.00, 17.00
10.00, -16867.00, -10357.00, -100.00, -100.00, 17.00
10.00, -16909.00, -10401.00, -100.00, -100.00, 17.00
10.00, -16952.00, -10440.00, -100.00, -100.00, 17.00
10.00, -16996.00, -10479.00, -100.00, -100.00, 17.00
10.00, -17038.00, -10519.00, -100.00, -100.00, 17.00
10.00, -17080.00, -10559.00, -100.00, -100.00, 17.00
10.00, -17122.00, -10599.00, -100.00, -100.00, 17.00
10.00, -17164.00, -10640.00, -100.00, -100.00, 17.00
10.00, -17205.00, -10682.00, -100.00, -100.00, 17.00
10.00, -17246.00, -10721.00, -100.00, -100.00, 17.00
10.00, -17290.00, -10761.00, -100.00, -100.00, 17.00
10.00, -17332.00, -10801.00, -100.00, -100.00, 17.00
10.00, -17375.00, -10840.00, -100.00, -100.00, 17.00
10.00, -17418.00, -10882.00, -100.00, -100.00, 17.00
10.00, -17459.00, -10923.00, -100.00, -100.00, 17.00
10.00, -17501.00, -10963.00, -100.00, -100.00, 17.00
10.00, -17544.00, -11005.00, -100.00, -100.00, 17.00
10.00, -17588.00, -11045.00, -100.00, -100.00, 17.00
10.00, -17630.00, -11085.00, -100.00, -100.00, 17.00
10.00, -17673.00, -11125.00, -100.00, -100.00, 17.00
10.00, -17715.00, -11167.00, -100.00, -100.00, 17.00
10.00, -17758.00, -11209.00, -100.00, -100.00, 17.00
10.00, -17800.00, -11249.00, -100.00, -100.00, 17.00
10.00, -17843.00, -11289.00, -100.00, -100.00, 17.00
10.00, -17886.00, -11329.00, -100.00, -100.00, 17.00
10.00, -17928.00, -11371.00, -100.00, -100.00, 17.00
10.00, -17968.00, -11412.00, -100.00, -100.00, 17.00
10.00, -18011.00, -11453.00, -100.00, -100.00, 17.00
