13390.00, 3002.00, 2727.00, 100.00, 100.00, 18.00
10.00, 3005.00, 2731.00, 100.00, 100.00, 18.00
10.00, 3018.00, 2744.00, 100.00, 100.00, 18.00
10.00, 3035.00, 2762.00, 100.00, 100.00, 18.00
10.00, 3056.00, 2786.00, 100.00, 100.00, 18.00
10.00, 3082.00, 2812.00, 100.00, 100.00, 18.00
10.00, 3110.00, 2843.00, 100.00, 100.00, 18.00
10.00, 3141.00, 2874.00, 100.00, 100.00, 18.00
10.00, 3172.00, 2908.00, 100.00, 100.00, 18.00
10.00, 3206.00, 2943.00, 100.00, 100.00, 18.00
10.00, 3240.00, 2979.00, 100.00, 100.00, 18.00
10.00, 3276.00, 3017.00, 100.00, 100.00, 18.00
10.00, 3312.00, 3054.00, 100.00, 100.00, 18.00
10.00, 3349.00, 3094.00, 100.00, 100.00, 18.00
10.00, 3389.00, 3138.00, 100.00, 100.00, 18.00
10.00, 3425.00, 3176.00, 100.00, 100.00, 18.00
10.00, 3463.00, 3215.00, 100.00, 100.00, 18.00
10.00, 3502.00, 3255.00, 100.00, 100.00, 18.00
10.00, 3541.00, 3296.00, 100.00, 100.00, 18.00
10.00, 3580.00, 3336.00, 100.00, 100.00, 18.00
10.00, 3621.00, 3381.00, 100.00, 100.00, 18.00
10.00, 3662.00, 3423.00, 100.00, 99.89, 18.00
10.00, 3702.00, 3461.00, 100.00, 99.89, 18.00
10.00, 3741.00, 3501.00, 100.00, 99.89, 18.00
10.00, 3781.00, 3544.00, 100.00, 99.77, 18.00
10.00, 3821.00, 3586.00, 100.00, 95.03, 18.00
10.00, 3862.00, 3629.00, 100.00, 17.18, 18.00
10.00, 3906.00, 3669.00, 100.00, -90.28, 18.00
10.00, 3948.00, 3698.00, 100.00, -99.55, 18.00
10.00, 3988.00, 3716.00, 100.00, -99.89, 18.00
10.00, 4030.00, 3722.00, 100.00, -99.89, 18.00
10.00, 4072.00, 3717.00, 100.00, -99.89, 18.00
10.00, 4111.00, 3705.00, 100.00, -99.89, 18.00
10.00, 4151.00, 3686.00, 100.00, -99.89, 18.00
10.00, 4191.00, 3661.00, 100.00, -99.89, 18.00
10.00, 4229.00, 3633.00, 100.00, -99.32, 18.00
10.00, 4269.00, 3604.00, 100.00, -92.99, 18.00
10.00, 4310.00, 3575.00, 100.00, -35.14, 18.00
10.00, 4349.00, 3546.00, 99.89, 75.93, 18.00
10.00, 4389.00, 3523.00, 99.89, 97.97, 18.00
10.00, 4430.00, 3510.00, 99.44, 99.77, 18.00
10.00, 4464.00, 3510.00, 75.37, 99.89, 18.00
10.00, 4504.00, 3519.00, -71.07, 99.89, 18.00
10.00, 4534.00, 3536.00, -99.21, 99.89, 18.00
10.00, 4555.00, 3558.00, -99.89, 99.89, 18.00
10.00, 4564.00, 3583.00, -99.89, 99.89, 18.00
10.00, 4562.00, 3613.00, -99.89, 99.89, 18.00
10.00, 4551.00, 3644.00, -99.89, 99.89, 18.00
10.00, 4534.00, 3675.00, -99.89, 99.89, 18.00
10.00, 4512.00, 3709.00, -100.00, 99.89, 18.00
10.00, 4486.00, 3742.00, -100.00, 99.89, 18.00
10.00, 4458.00, 3775.00, -100.00, 99.89, 18.00
10.00, 4429.00, 3812.00, -100.00, 99.89, 18.00
10.00, 4397.00, 3849.00, -100.00, 99.77, 18.00
10.00, 4363.00, 3889.00, -100.00, 99.66, 18.00
10.00, 4328.00, 3930.00, -100.00, 99.10, 18.00
10.00, 4293.00, 3968.00, -99.89, 96.84, 18.00
10.00, 4255.00, 4007.00, -99.89, 87.91, 18.00
10.00, 4216.00, 4044.00, -99.89, 56.38, 18.00
10.00, 4175.00, 4081.00, -99.89, -21.02, 18.00
10.00, 4137.00, 4115.00, -99.89, -81.92, 18.00
10.00, 4100.00, 4143.00, -99.89, -96.72, 18.00
10.00, 4061.00, 4154.00, -99.77, -99.44, 18.00
10.00, 4020.00, 4153.00, -97.63, -99.77, 18.00
10.00, 3978.00, 4144.00, -70.62, -99.77, 18.00
10.00, 3939.00, 4129.00, 56.38, -99.77, 18.00
10.00, 3906.00, 4108.00, 97.06, -99.55, 18.00
10.00, 3883.00, 4084.00, 99.77, -98.64, 18.00
10.00, 3874.00, 4056.00, 99.89, -94.24, 18.00
10.00, 3874.00, 4022.00, 99.89, -72.20, 18.00
10.00, 3881.00, 3989.00, 99.89, 19.66, 18.00
10.00, 3897.00, 3962.00, 99.89, 87.91, 18.00
10.00, 3919.00, 3946.00, 99.89, 98.64, 18.00
10.00, 3943.00, 3939.00, 99.89, 99.77, 18.00
10.00, 3971.00, 3943.00, 99.89, 99.89, 18.00
10.00, 4004.00, 3955.00, 99.89, 99.89, 18.00
10.00, 4034.00, 3972.00, 99.89, 99.89, 18.00
10.00, 4069.00, 3997.00, 99.89, 99.89, 18.00
10.00, 4103.00, 4023.00, 99.32, 99.77, 18.00
10.00, 4137.00, 4053.00, 94.46, 99.55, 18.00
10.00, 4175.00, 4083.00, 63.39, 98.19, 18.00
10.00, 4208.00, 4114.00, -48.25, 90.28, 18.00
10.00, 4236.00, 4152.00, -94.35, 52.43, 18.00
10.00, 4255.00, 4186.00, -99.32, -53.22, 18.00
10.00, 4266.00, 4215.00, -99.89, -94.46, 18.00
10.00, 4264.00, 4234.00, -99.89, -99.32, 18.00
10.00, 4251.00, 4238.00, -99.89, -99.89, 18.00
10.00, 4232.00, 4233.00, -99.89, -99.89, 18.00
10.00, 4210.00, 4222.00, -99.89, -99.89, 18.00
10.00, 4185.00, 4205.00, -99.89, -99.89, 18.00
10.00, 4157.00, 4181.00, -99.77, -99.89, 18.00
10.00, 4127.00, 4156.00, -99.55, -99.89, 18.00
10.00, 4095.00, 4129.00, -98.19, -99.66, 18.00
10.00, 4062.00, 4098.00, -93.33, -98.87, 18.00
10.00, 4026.00, 4067.00, -75.14, -94.24, 18.00
10.00, 3992.00, 4033.00, -27.91, -71.64, 18.00
10.00, 3959.00, 3999.00, 29.72, 9.49, 18.00
10.00, 3930.00, 3971.00, 66.78, 78.98, 18.00
10.00, 3912.00, 3949.00, 81.58, 96.27, 18.00
10.00, 3905.00, 3936.00, 86.89, 98.98, 18.00
10.00, 3908.00, 3939.00, 87.46, 99.55, 18.00
10.00, 3918.00, 3950.00, 86.21, 99.66, 18.00
10.00, 3932.00, 3967.00, 84.41, 99.55, 18.00
10.00, 3950.00, 3985.00, 82.94, 99.21, 18.00
10.00, 3972.00, 4017.00, 82.49, 98.87, 18.00
10.00, 3999.00, 4039.00, 84.86, 97.06, 18.00
10.00, 4027.00, 4068.00, 87.91, 94.92, 18.00
10.00, 4054.00, 4098.00, 90.96, 91.07, 18.00
10.00, 4082.00, 4134.00, 93.90, 86.21, 18.00
10.00, 4115.00, 4166.00, 95.82, 81.36, 18.00
10.00, 4145.00, 4198.00, 97.85, 77.97, 18.00
10.00, 4177.00, 4231.00, 98.76, 77.18, 18.00
10.00, 4214.00, 4263.00, 99.32, 79.10, 18.00
10.00, 4246.00, 4297.00, 99.66, 82.15, 18.00
10.00, 4284.00, 4330.00, 99.77, 86.10, 18.00
10.00, 4319.00, 4363.00, 99.89, 89.94, 18.00
10.00, 4354.00, 4398.00, 99.89, 92.88, 18.00
10.00, 4391.00, 4433.00, 99.89, 95.37, 18.00
10.00, 4429.00, 4467.00, 99.89, 97.18, 18.00
10.00, 4465.00, 4506.00, 99.89, 98.19, 18.00
10.00, 4503.00, 4544.00, 99.89, 99.10, 18.00
10.00, 4539.00, 4583.00, 99.89, 99.44, 18.00
10.00, 4577.00, 4620.00, 99.89, 99.77, 18.00
10.00, 4617.00, 4660.00, 99.89, 99.89, 18.00
10.00, 4657.00, 4700.00, 99.89, 99.89, 18.00
10.00, 4695.00, 4738.00, 99.89, 99.89, 18.00
10.00, 4733.00, 4779.00, 99.89, 99.89, 18.00
10.00, 4772.00, 4820.00, 99.89, 99.89, 18.00
10.00, 4812.00, 4861.00, 99.89, 99.89, 18.00
10.00, 4851.00, 4902.00, 100.00, 99.89, 18.00
10.00, 4891.00, 4943.00, 100.00, 99.89, 18.00
10.00, 4932.00, 4983.00, 100.00, 99.89, 18.00
10.00, 4971.00, 5024.00, 100.00, 100.00, 18.00
10.00, 5011.00, 5065.00, 100.00, 100.00, 18.00
10.00, 5050.00, 5105.00, 100.00, 100.00, 18.00
10.00, 5090.00, 5147.00, 100.00, 100.00, 18.00
10.00, 5131.00, 5190.00, 100.00, 100.00, 18.00
10.00, 5172.00, 5231.00, 100.00, 100.00, 18.00
10.00, 5213.00, 5272.00, 100.00, 100.00, 18.00
10.00, 5253.00, 5313.00, 100.00, 100.00, 18.00
10.00, 5293.00, 5353.00, 100.00, 100.00, 18.00
10.00, 5333.00, 5394.00, 100.00, 100.00, 18.00
10.00, 5373.00, 5442.00, 100.00, 100.00, 18.00
10.00, 5416.00, 5486.00, 100.00, 100.00, 18.00
10.00, 5456.00, 5528.00, 100.00, 100.00, 18.00
10.00, 5495.00, 5567.00, 100.00, 100.00, 18.00
10.00, 5535.00, 5610.00, 100.00, 100.00, 18.00
10.00, 5576.00, 5652.00, 100.00, 100.00, 18.00
10.00, 5616.00, 5697.00, 100.00, 100.00, 18.00
10.00, 5655.00, 5740.00, 100.00, 100.00, 18.00
10.00, 5695.00, 5781.00, 100.00, 100.00, 18.00
10.00, 5735.00, 5822.00, 100.00, 100.00, 18.00
10.00, 5775.00, 5864.00, 100.00, 100.00, 18.00
10.00, 5816.00, 5905.00, 100.00, 100.00, 18.00
10.00, 5857.00, 5950.00, 100.00, 100.00, 18.00
10.00, 5895.00, 5992.00, 100.00, 100.00, 18.00
10.00, 5935.00, 6034.00, 100.00, 100.00, 18.00
10.00, 5976.00, 6077.00, 100.00, 100.00, 18.00
10.00, 6014.00, 6118.00, 100.00, 100.00, 18.00
10.00, 6054.00, 6157.00, 100.00, 100.00, 18.00
10.00, 6094.00, 6201.00, 100.00, 100.00, 18.00
10.00, 6134.00, 6242.00, 100.00, 100.00, 18.00
10.00, 6174.00, 6283.00, 100.00, 100.00, 18.00
10.00, 6215.00, 6324.00, 100.00, 100.00, 18.00
10.00, 6255.00, 6363.00, 100.00, 100.00, 18.00
10.00, 6292.00, 6403.00, 100.00, 100.00, 18.00
10.00, 6333.00, 6446.00, 100.00, 100.00, 18.00
10.00, 6373.00, 6488.00, 100.00, 100.00, 18.00
10.00, 6413.00, 6529.00, 100.00, 100.00, 18.00
10.00, 6453.00, 6570.00, 100.00, 100.00, 18.00
10.00, 6492.00, 6612.00, 100.00, 100.00, 18.00
10.00, 6531.00, 6652.00, 100.00, 100.00, 18.00
10.00, 6572.00, 6695.00, 100.00, 100.00, 18.00
10.00, 6610.00, 6738.00, 100.00, 100.00, 18.00
10.00, 6649.00, 6779.00, 100.00, 100.00, 18.00
10.00, 6690.00, 6821.00, 100.00, 100.00, 18.00
10.00, 6732.00, 6863.00, 100.00, 100.00, 18.00
10.00, 6769.00, 6906.00, 100.00, 100.00, 18.00
10.00, 6810.00, 6950.00, 100.00, 100.00, 18.00
10.00, 6851.00, 6993.00, 100.00, 100.00, 18.00
10.00, 6890.00, 7035.00, 100.00, 100.00, 18.00
10.00, 6928.00, 7078.00, 100.00, 100.00, 18.00
10.00, 6969.00, 7120.00, 100.00, 100.00, 18.00
10.00, 7008.00, 7163.00, 100.00, 100.00, 18.00
10.00, 7047.00, 7207.00, 100.00, 100.00, 18.00
10.00, 7088.00, 7250.00, 100.00, 100.00, 18.00
10.00, 7126.00, 7291.00, 100.00, 100.00, 18.00
10.00, 7166.00, 7333.00, 100.00, 100.00, 18.00
10.00, 7207.00, 7377.00, 100.00, 100.00, 18.00
10.00, 7249.00, 7420.00, 100.00, 100.00, 18.00
10.00, 7288.00, 7461.00, 100.00, 100.00, 18.00
10.00, 7329.00, 7504.00, 100.00, 100.00, 18.00
10.00, 7369.00, 7544.00, 100.00, 100.00, 18.00
10.00, 7409.00, 7583.00, 100.00, 100.00, 18.00
10.00, 7449.00, 7625.00, 100.00, 100.00, 18.00
10.00, 7491.00, 7668.00, 100.00, 100.00, 18.00
10.00, 7532.00, 7710.00, 100.00, 100.00, 18.00
10.00, 7573.00, 7755.00, 100.00, 100.00, 18.00
10.00, 7612.00, 7795.00, 100.00, 100.00, 18.00
10.00, 7654.00, 7832.00, 100.00, 100.00, 18.00
10.00, 7695.00, 7874.00, 100.00, 100.00, 18.00
10.00, 7736.00, 7916.00, 100.00, 100.00, 18.00
10.00, 7778.00, 7958.00, 100.00, 100.00, 18.00
10.00, 7819.00, 8003.00, 100.00, 100.00, 18.00
10.00, 7859.00, 8046.00, 100.00, 100.00, 18.00
10.00, 7898.00, 8084.00, 100.00, 100.00, 18.00
10.00, 7940.00, 8124.00, 100.00, 100.00, 18.00
10.00, 7981.00, 8168.00, 100.00, 100.00, 18.00
10.00, 8022.00, 8212.00, 100.00, 100.00, 18.00
10.00, 8063.00, 8257.00, 100.00, 100.00, 18.00
10.00, 8103.00, 8300.00, 100.00, 100.00, 18.00
10.00, 8141.00, 8340.00, 100.00, 100.00, 18.00
10.00, 8183.00, 8382.00, 100.00, 100.00, 18.00
10.00, 8223.00, 8424.00, 100.00, 100.00, 18.00
10.00, 8263.00, 8468.00, 100.00, 100.00, 18.00
10.00, 8304.00, 8512.00, 100.00, 100.00, 18.00
10.00, 8343.00, 8553.00, 100.00, 100.00, 18.00
10.00, 8382.00, 8594.00, 100.00, 100.00, 18.00
10.00, 8422.00, 8637.00, 100.00, 100.00, 18.00
10.00, 8460.00, 8680.00, 100.00, 100.00, 18.00
10.00, 8503.00, 8721.00, 100.00, 100.00, 18.00
10.00, 8543.00, 8763.00, 100.00, 100.00, 18.00
10.00, 8580.00, 8806.00, 100.00, 100.00, 18.00
10.00, 8620.00, 8847.00, 100.00, 100.00, 18.00
10.00, 8660.00, 8888.00, 100.00, 100.00, 18.00
10.00, 8698.00, 8929.00, 100.00, 100.00, 18.00
10.00, 8740.00, 8971.00, 100.00, 100.00, 18.00
10.00, 8784.00, 9015.00, 100.00, 100.00, 18.00
10.00, 8821.00, 9056.00, 100.00, 100.00, 18.00
10.00, 8860.00, 9097.00, 100.00, 100.00, 18.00
10.00, 8901.00, 9138.00, 100.00, 100.00, 18.00
10.00, 8941.00, 9180.00, 100.00, 100.00, 18.00
10.00, 8980.00, 9222.00, 100.00, 100.00, 18.00
10.00, 9024.00, 9267.00, 100.00, 100.00, 18.00
10.00, 9063.00, 9312.00, 100.00, 100.00, 18.00
10.00, 9101.00, 9353.00, 100.00, 100.00, 18.00
10.00, 9143.00, 9394.00, 100.00, 100.00, 18.00
10.00, 9183.00, 9437.00, 100.00, 100.00, 18.00
10.00, 9222.00, 9478.00, 100.00, 100.00, 18.00
10.00, 9265.00, 9526.00, 100.00, 100.00, 18.00
10.00, 9308.00, 9570.00, 100.00, 100.00, 18.00
10.00, 9345.00, 9611.00, 100.00, 100.00, 18.00
10.00, 9385.00, 9652.00, 100.00, 100.00, 18.00
10.00, 9425.00, 9692.00, 100.00, 100.00, 18.00
10.00, 9464.00, 9736.00, 100.00, 100.00, 18.00
10.00, 9507.00, 9784.00, 100.00, 100.00, 18.00
10.00, 9547.00, 9825.00, 100.00, 100.00, 18.00
10.00, 9586.00, 9865.00, 100.00, 100.00, 18.00
10.00, 9625.00, 9908.00, 100.00, 100.00, 18.00
10.00, 9667.00, 9948.00, 100.00, 100.00, 18.00
10.00, 9707.00, 9989.00, 100.00, 100.00, 18.00
10.00, 9747.00, 10034.00, 100.00, 100.00, 18.00
10.00, 9788.00, 10077.00, 100.00, 100.00, 18.00
10.00, 9829.00, 10116.00, 100.00, 100.00, 18.00
10.00, 9869.00, 10155.00, 100.00, 100.00, 18.00
10.00, 9909.00, 10195.00, 100.00, 100.00, 18.00
10.00, 9949.00, 10236.00, 100.00, 100.00, 18.00
10.00, 9988.00, 10278.00, 100.00, 100.00, 18.00
10.00, 10029.00, 10323.00, 100.00, 100.00, 18.00
10.00, 10070.00, 10364.00, 100.00, 100.00, 18.00
10.00, 10109.00, 10403.00, 100.00, 100.00, 18.00
10.00, 10150.00, 10443.00, 100.00, 100.00, 18.00
10.00, 10189.00, 10483.00, 100.00, 100.00, 18.00
10.00, 10231.00, 10525.00, 100.00, 100.00, 18.00
10.00, 10270.00, 10569.00, 100.00, 100.00, 18.00
10.00, 10312.00, 10611.00, 100.00, 100.00, 18.00
10.00, 10351.00, 10651.00, 100.00, 100.00, 18.00
10.00, 10390.00, 10692.00, 100.00, 100.00, 18.00
10.00, 10430.00, 10735.00, 100.00, 100.00, 18.00
10.00, 10470.00, 10777.00, 100.00, 100.00, 18.00
10.00, 10511.00, 10820.00, 100.00, 100.00, 18.00
10.00, 10551.00, 10863.00, 100.00, 100.00, 18.00
10.00, 10592.00, 10904.00, 100.00, 100.00, 18.00
10.00, 10632.00, 10945.00, 100.00, 100.00, 18.00
10.00, 10671.00, 10989.00, 100.00, 100.00, 18.00
10.00, 10710.00, 11031.00, 100.00, 100.00, 18.00
10.00, 10749.00, 11074.00, 100.00, 100.00, 18.00
10.00, 10787.00, 11116.00, 100.00, 100.00, 18.00
10.00, 10828.00, 11159.00, 100.00, 100.00, 18.00
10.00, 10867.00, 11202.00, 100.00, 100.00, 18.00
10.00, 10907.00, 11243.00, 100.00, 100.00, 18.00
10.00, 10946.00, 11284.00, 100.00, 100.00, 18.00
10.00, 10988.00, 11328.00, 100.00, 100.00, 18.00
10.00, 11026.00, 11370.00, 100.00, 100.00, 18.00
10.00, 11068.00, 11409.00, 100.00, 100.00, 18.00
10.00, 11109.00, 11450.00, 100.00, 100.00, 18.00
10.00, 11149.00, 11491.00, 100.00, 100.00, 18.00
10.00, 11187.00, 11532.00, 100.00, 100.00, 18.00
10.00, 11227.00, 11574.00, 100.00, 100.00, 18.00
10.00, 11267.00, 11615.00, 100.00, 100.00, 18.00
10.00, 11308.00, 11656.00, 100.00, 100.00, 18.00
10.00, 11351.00, 11701.00, 100.00, 100.00, 18.00
10.00, 11391.00, 11742.00, 100.00, 100.00, 18.00
10.00, 11432.00, 11783.00, 100.00, 100.00, 18.00
10.00, 11473.00, 11829.00, 100.00, 100.00, 18.00
10.00, 11514.00, 11870.00, 100.00, 100.00, 18.00
10.00, 11553.00, 11910.00, 100.00, 100.00, 18.00
10.00, 11595.00, 11951.00, 100.00, 100.00, 18.00
10.00, 11637.00, 11994.00, 100.00, 100.00, 18.00
10.00, 11676.00, 12035.00, 100.00, 100.00, 18.00
10.00, 11718.00, 12080.00, 100.00, 100.00, 18.00
10.00, 11759.00, 12125.00, 100.00, 100.00, 18.00
10.00, 11798.00, 12165.00, 100.00, 100.00, 18.00
10.00, 11841.00, 12208.00, 100.00, 100.00, 18.00
10.00, 11883.00, 12250.00, 100.00, 100.00, 18.00
10.00, 11922.00, 12291.00, 100.00, 100.00, 18.00
10.00, 11962.00, 12336.00, 100.00, 100.00, 18.00
10.00, 12003.00, 12380.00, 100.00, 100.00, 18.00
10.00, 12041.00, 12420.00, 100.00, 100.00, 18.00
10.00, 12083.00, 12462.00, 100.00, 100.00, 18.00
10.00, 12123.00, 12504.00, 100.00, 100.00, 18.00
10.00, 12162.00, 12544.00, 100.00, 100.00, 18.00
10.00, 12203.00, 12587.00, 100.00, 100.00, 18.00
10.00, 12243.00, 12630.00, 100.00, 100.00, 18.00
10.00, 12283.00, 12670.00, 100.00, 100.00, 18.00
10.00, 12322.00, 12711.00, 100.00, 100.00, 18.00
10.00, 12364.00, 12755.00, 100.00, 100.00, 18.00
10.00, 12405.00, 12795.00, 100.00, 100.00, 18.00
10.00, 12444.00, 12835.00, 100.00, 100.00, 18.00
10.00, 12485.00, 12880.00, 100.00, 100.00, 18.00
10.00, 12523.00, 12920.00, 100.00, 100.00, 18.00
10.00, 12563.00, 12961.00, 100.00, 100.00, 18.00
10.00, 12604.00, 13004.00, 100.00, 100.00, 18.00
10.00, 12645.00, 13047.00, 100.00, 100.00, 18.00
10.00, 12685.00, 13090.00, 100.00, 100.00, 18.00
10.00, 12724.00, 13136.00, 100.00, 100.00, 18.00
10.00, 12763.00, 13176.00, 100.00, 100.00, 18.00
10.00, 12801.00, 13218.00, 100.00, 100.00, 18.00
10.00, 12843.00, 13262.00, 100.00, 100.00, 18.00
10.00, 12885.00, 13305.00, 100.00, 100.00, 18.00
10.00, 12925.00, 13348.00, 100.00, 100.00, 18.00
10.00, 12965.00, 13393.00, 100.00, 100.00, 18.00
10.00, 13005.00, 13435.00, 100.00, 100.00, 18.00
10.00, 13044.00, 13477.00, 100.00, 100.00, 18.00
10.00, 13084.00, 13520.00, 100.00, 100.00, 18.00
10.00, 13126.00, 13563.00, 100.00, 100.00, 18.00
10.00, 13168.00, 13609.00, 100.00, 100.00, 18.00
10.00, 13207.00, 13653.00, 100.00, 100.00, 18.00
10.00, 13246.00, 13693.00, 100.00, 100.00, 18.00
10.00, 13283.00, 13735.00, 100.00, 100.00, 18.00
10.00, 13323.00, 13777.00, 100.00, 100.00, 18.00
10.00, 13364.00, 13820.00, 100.00, 100.00, 18.00
10.00, 13406.00, 13865.00, 100.00, 100.00, 18.00
10.00, 13446.00, 13907.00, 100.00, 100.00, 18.00
10.00, 13484.00, 13946.00, 100.00, 100.00, 18.00
10.00, 13525.00, 13983.00, 100.00, 100.00, 18.00
10.00, 13565.00, 14026.00, 100.00, 100.00, 18.00
10.00, 13606.00, 14067.00, 100.00, 100.00, 18.00
10.00, 13646.00, 14109.00, 100.00, 100.00, 18.00
10.00, 13688.00, 14155.00, 100.00, 100.00, 18.00
10.00, 13729.00, 14197.00, 100.00, 100.00, 18.00
10.00, 13769.00, 14236.00, 100.00, 100.00, 18.00
10.00, 13808.00, 14276.00, 100.00, 100.00, 18.00
10.00, 13848.00, 14318.00, 100.00, 100.00, 18.00
10.00, 13889.00, 14359.00, 100.00, 100.00, 18.00
10.00, 13931.00, 14403.00, 100.00, 100.00, 18.00
10.00, 13972.00, 14443.00, 100.00, 100.00, 18.00
10.00, 14012.00, 14484.00, 100.00, 100.00, 18.00
10.00, 14052.00, 14528.00, 100.00, 100.00, 18.00
10.00, 14090.00, 14569.00, 100.00, 100.00, 18.00
10.00, 14131.00, 14611.00, 100.00, 100.00, 18.00
10.00, 14173.00, 14655.00, 100.00, 100.00, 18.00
10.00, 14213.00, 14696.00, 100.00, 100.00, 18.00
10.00, 14252.00, 14737.00, 100.00, 100.00, 18.00
10.00, 14291.00, 14779.00, 100.00, 100.00, 18.00
10.00, 14333.00, 14822.00, 100.00, 100.00, 18.00
10.00, 14373.00, 14864.00, 100.00, 100.00, 18.00
10.00, 14417.00, 14905.00, 100.00, 100.00, 18.00
10.00, 14456.00, 14947.00, 100.00, 100.00, 18.00
10.00, 14493.00, 14991.00, 100.00, 100.00, 18.00
10.00, 14533.00, 15032.00, 100.00, 100.00, 18.00
10.00, 14572.00, 15074.00, 100.00, 100.00, 18.00
10.00, 14612.00, 15116.00, 100.00, 100.00, 18.00
10.00, 14653.00, 15159.00, 100.00, 100.00, 18.00
10.00, 14692.00, 15200.00, 100.00, 100.00, 18.00
10.00, 14731.00, 15240.00, 100.00, 100.00, 18.00
10.00, 14771.00, 15281.00, 100.00, 100.00, 18.00
10.00, 14810.00, 15322.00, 100.00, 100.00, 18.00
10.00, 14849.00, 15362.00, 100.00, 100.00, 18.00
10.00, 14890.00, 15407.00, 100.00, 100.00, 18.00
10.00, 14930.00, 15450.00, 100.00, 100.00, 18.00
10.00, 14969.00, 15490.00, 100.00, 100.00, 18.00
10.00, 15009.00, 15531.00, 100.00, 100.00, 18.00
10.00, 15049.00, 15573.00, 100.00, 100.00, 18.00
10.00, 15088.00, 15614.00, 100.00, 100.00, 18.00
10.00, 15128.00, 15658.00, 100.00, 100.00, 18.00
10.00, 15170.00, 15702.00, 100.00, 100.00, 18.00
10.00, 15211.00, 15744.00, 100.00, 100.00, 18.00
10.00, 15251.00, 15785.00, 100.00, 100.00, 18.00
10.00, 15291.00, 15827.00, 100.00, 100.00, 18.00
10.00, 15330.00, 15868.00, 100.00, 100.00, 18.00
10.00, 15371.00, 15913.00, 100.00, 100.00, 18.00
10.00, 15413.00, 15958.00, 100.00, 100.00, 18.00
10.00, 15454.00, 16000.00, 100.00, 100.00, 18.00
10.00, 15494.00, 16040.00, 100.00, 100.00, 18.00
10.00, 15535.00, 16081.00, 100.00, 100.00, 18.00
10.00, 15576.00, 16122.00, 100.00, 100.00, 18.00
10.00, 15616.00, 16166.00, 100.00, 100.00, 18.00
10.00, 15659.00, 16211.00, 100.00, 100.00, 18.00
10.00, 15699.00, 16252.00, 100.00, 100.00, 18.00
10.00, 15738.00, 16292.00, 100.00, 100.00, 18.00
10.00, 15778.00, 16332.00, 100.00, 100.00, 18.00
10.00, 15819.00, 16372.00, 100.00, 100.00, 18.00
10.00, 15859.00, 16415.00, 100.00, 100.00, 18.00
10.00, 15899.00, 16462.00, 100.00, 100.00, 18.00
10.00, 15940.00, 16503.00, 100.00, 100.00, 18.00
10.00, 15981.00, 16541.00, 100.00, 100.00, 18.00
10.00, 16020.00, 16581.00, 100.00, 100.00, 18.00
10.00, 16060.00, 16621.00, 100.00, 100.00, 18.00
10.00, 16101.00, 16663.00, 100.00, 100.00, 18.00
10.00, 16142.00, 16706.00, 100.00, 100.00, 18.00
10.00, 16183.00, 16749.00, 100.00, 100.00, 18.00
10.00, 16223.00, 16789.00, 100.00, 100.00, 18.00
10.00, 16264.00, 16830.00, 100.00, 100.00, 18.00
10.00, 16304.00, 16874.00, 100.00, 100.00, 18.00
10.00, 16345.00, 16916.00, 100.00, 100.00, 18.00
10.00, 16386.00, 16960.00, 100.00, 100.00, 18.00
10.00, 16427.00, 17004.00, 100.00, 100.00, 18.00
10.00, 16469.00, 17044.00, 100.00, 100.00, 18.00
10.00, 16509.00, 17085.00, 100.00, 100.00, 18.00
10.00, 16548.00, 17130.00, 100.00, 100.00, 18.00
10.00, 16588.00, 17172.00, 100.00, 100.00, 18.00
10.00, 16628.00, 17218.00, 100.00, 100.00, 18.00
10.00, 16668.00, 17260.00, 100.00, 100.00, 18.00
10.00, 16711.00, 17301.00, 100.00, 100.00, 18.00
10.00, 16750.00, 17344.00, 100.00, 100.00, 18.00
10.00, 16789.00, 17387.00, 100.00, 100.00, 18.00
10.00, 16829.00, 17430.00, 100.00, 100.00, 18.00
10.00, 16870.00, 17474.00, 100.00, 100.00, 18.00
10.00, 16909.00, 17517.00, 100.00, 100.00, 18.00
10.00, 16952.00, 17560.00, 100.00, 100.00, 18.00
10.00, 16992.00, 17602.00, 100.00, 100.00, 18.00
10.00, 17029.00, 17642.00, 100.00, 100.00, 18.00
10.00, 17070.00, 17685.00, 100.00, 100.00, 18.00
10.00, 17109.00, 17730.00, 100.00, 100.00, 18.00
10.00, 17147.00, 17770.00, 100.00, 100.00, 18.00
10.00, 17188.00, 17811.00, 100.00, 100.00, 18.00
10.00, 17230.00, 17852.00, 100.00, 100.00, 18.00
10.00, 17266.00, 17893.00, 100.00, 100.00, 18.00
10.00, 17306.00, 17935.00, 100.00, 100.00, 18.00
10.00, 17347.00, 17979.00, 100.00, 100.00, 18.00
10.00, 17386.00, 18023.00, 100.00, 100.00, 18.00
10.00, 17428.00, 18064.00, 100.00, 100.00, 18.00
10.00, 17468.00, 18105.00, 100.00, 100.00, 18.00
10.00, 17507.00, 18146.00, 100.00, 100.00, 18.00
10.00, 17547.00, 18187.00, 100.00, 100.00, 18.00
10.00, 17587.00, 18229.00, 100.00, 100.00, 18.00
10.00, 17628.00, 18271.00, 100.00, 100.00, 18.00
10.00, 17668.00, 18312.00, 100.00, 100.00, 18.00
10.00, 17709.00, 18356.00, 100.00, 100.00, 18.00
10.00, 17750.00, 18399.00, 100.00, 100.00, 18.00
10.00, 17789.00, 18440.00, 100.00, 100.00, 18.00
10.00, 17830.00, 18483.00, 100.00, 100.00, 18.00
10.00, 17871.00, 18526.00, 100.00, 100.00, 18.00
10.00, 17911.00, 18566.00, 100.00, 100.00, 18.00
10.00, 17950.00, 18609.00, 100.00, 100.00, 18.00
10.00, 17991.00, 18651.00, 100.00, 100.00, 18.00
10.00, 18033.00, 18692.00, 100.00, 100.00, 18.00
