11769.00, 3688.00, 1037.00, 100.00, 100.00, 19.00
10.00, 3691.00, 1040.00, -99.89, -100.00, 19.00
10.00, 3693.00, 1043.00, -99.89, -100.00, 19.00
10.00, 3686.00, 1039.00, -99.89, -100.00, 19.00
10.00, 3673.00, 1026.00, -99.89, -100.00, 19.00
10.00, 3652.00, 1005.00, -99.89, -100.00, 19.00
10.00, 3625.00, 981.00, -99.55, -100.00, 19.00
10.00, 3596.00, 953.00, -97.51, -100.00, 19.00
10.00, 3569.00, 922.00, -76.38, -100.00, 19.00
10.00, 3539.00, 890.00, 14.58, -100.00, 19.00
10.00, 3511.00, 857.00, 88.14, -100.00, 19.00
10.00, 3492.00, 822.00, 98.76, -100.00, 19.00
10.00, 3487.00, 784.00, 99.77, -100.00, 19.00
10.00, 3491.00, 747.00, 99.89, -100.00, 19.00
10.00, 3499.00, 707.00, 99.77, -100.00, 19.00
10.00, 3521.00, 672.00, 99.77, -100.00, 19.00
10.00, 3543.00, 633.00, 98.87, -100.00, 19.00
10.00, 3567.00, 594.00, 93.67, -100.00, 19.00
10.00, 3596.00, 557.00, 64.41, -100.00, 19.00
10.00, 3625.00, 518.00, -36.95, -100.00, 19.00
10.00, 3647.00, 477.00, -91.86, -100.00, 19.00
10.00, 3660.00, 440.00, -98.87, -100.00, 19.00
10.00, 3663.00, 402.00, -99.55, -100.00, 19.00
10.00, 3658.00, 361.00, -99.77, -100.00, 19.00
10.00, 3643.00, 322.00, -99.66, -100.00, 19.00
10.00, 3621.00, 282.00, -99.21, -100.00, 19.00
10.00, 3595.00, 244.00, -96.05, -100.00, 19.00
10.00, 3567.00, 208.00, -72.99, -100.00, 19.00
10.00, 3540.00, 170.00, 17.97, -100.00, 19.00
10.00, 3515.00, 132.00, 87.91, -100.00, 19.00
10.00, 3498.00, 91.00, 98.31, -100.00, 19.00
10.00, 3495.00, 50.00, 99.66, -100.00, 19.00
10.00, 3498.00, 9.00, 99.77, -100.00, 19.00
10.00, 3510.00, -30.00, 99.66, -100.00, 19.00
10.00, 3529.00, -66.00, 99.32, -100.00, 19.00
10.00, 3551.00, -105.00, 97.63, -100.00, 19.00
10.00, 3576.00, -146.00, 85.76, -100.00, 19.00
10.00, 3603.00, -186.00, 20.56, -100.00, 19.00
10.00, 3627.00, -226.00, -72.54, -100.00, 19.00
10.00, 3646.00, -265.00, -96.50, -100.00, 19.00
10.00, 3654.00, -301.00, -99.44, -100.00, 19.00
10.00, 3652.00, -339.00, -99.77, -99.89, 19.00
10.00, 3640.00, -380.00, -99.89, -99.89, 19.00
10.00, 3619.00, -421.00, -99.77, -99.89, 19.00
10.00, 3596.00, -459.00, -99.44, -99.89, 19.00
10.00, 3571.00, -498.00, -98.53, -98.76, 19.00
10.00, 3542.00, -536.00, -95.48, -72.66, 19.00
10.00, 3509.00, -578.00, -85.99, 56.72, 19.00
10.00, 3475.00, -614.00, -50.06, 97.97, 19.00
10.00, 3444.00, -636.00, 14.80, 99.89, 19.00
10.00, 3417.00, -647.00, 60.68, 99.89, 19.00
10.00, 3399.00, -644.00, 76.95, 99.89, 19.00
10.00, 3391.00, -634.00, 80.45, 99.89, 19.00
10.00, 3391.00, -617.00, 63.62, 99.89, 19.00
10.00, 3398.00, -593.00, 9.60, 99.89, 19.00
10.00, 3405.00, -567.00, -68.81, 99.77, 19.00
10.00, 3407.00, -536.00, -95.25, 98.76, 19.00
10.00, 3403.00, -509.00, -99.10, 88.25, 19.00
10.00, 3391.00, -475.00, -99.77, 14.80, 19.00
10.00, 3371.00, -443.00, -99.89, -79.55, 19.00
10.00, 3347.00, -418.00, -99.89, -98.64, 19.00
10.00, 3320.00, -405.00, -99.89, -99.77, 19.00
10.00, 3290.00, -404.00, -99.77, -99.89, 19.00
10.00, 3257.00, -413.00, -99.77, -99.89, 19.00
10.00, 3223.00, -431.00, -99.32, -99.89, 19.00
10.00, 3188.00, -450.00, -98.08, -99.77, 19.00
10.00, 3154.00, -474.00, -93.33, -99.10, 19.00
10.00, 3117.00, -504.00, -77.06, -94.46, 19.00
10.00, 3080.00, -532.00, -27.34, -53.33, 19.00
10.00, 3046.00, -564.00, 41.24, 50.73, 19.00
10.00, 3021.00, -588.00, 78.31, 94.58, 19.00
10.00, 3003.00, -609.00, 91.07, 99.44, 19.00
10.00, 2998.00, -607.00, 94.12, 99.89, 19.00
10.00, 3002.00, -602.00, 94.69, 99.89, 19.00
10.00, 3014.00, -585.00, 94.01, 99.77, 19.00
10.00, 3031.00, -563.00, 92.20, 99.66, 19.00
10.00, 3052.00, -540.00, 89.94, 97.85, 19.00
10.00, 3075.00, -513.00, 87.68, 87.23, 19.00
10.00, 3103.00, -484.00, 86.33, 23.50, 19.00
10.00, 3131.00, -457.00, 86.55, -75.93, 19.00
10.00, 3161.00, -438.00, 87.80, -97.51, 19.00
10.00, 3189.00, -426.00, 90.28, -99.55, 19.00
10.00, 3221.00, -425.00, 92.54, -99.89, 19.00
10.00, 3254.00, -435.00, 94.80, -99.89, 19.00
10.00, 3289.00, -453.00, 96.61, -99.89, 19.00
10.00, 3323.00, -476.00, 97.97, -99.77, 19.00
10.00, 3358.00, -503.00, 98.76, -99.21, 19.00
10.00, 3395.00, -531.00, 99.21, -96.84, 19.00
10.00, 3430.00, -561.00, 99.55, -87.23, 19.00
10.00, 3466.00, -593.00, 99.77, -53.79, 19.00
10.00, 3505.00, -627.00, 99.77, 9.83, 19.00
10.00, 3543.00, -657.00, 99.89, 66.33, 19.00
10.00, 3581.00, -677.00, 99.89, 88.36, 19.00
10.00, 3618.00, -684.00, 99.89, 92.20, 19.00
10.00, 3658.00, -684.00, 99.89, 87.12, 19.00
10.00, 3697.00, -675.00, 99.89, 57.85, 19.00
10.00, 3734.00, -660.00, 99.89, -21.13, 19.00
10.00, 3773.00, -650.00, 99.89, -89.38, 19.00
10.00, 3812.00, -645.00, 99.89, -98.76, 19.00
10.00, 3849.00, -646.00, 99.89, -99.77, 19.00
10.00, 3891.00, -657.00, 100.00, -99.89, 19.00
10.00, 3931.00, -680.00, 100.00, -99.89, 19.00
10.00, 3971.00, -704.00, 100.00, -99.89, 19.00
10.00, 4010.00, -731.00, 100.00, -99.89, 19.00
10.00, 4050.00, -762.00, 100.00, -99.89, 19.00
10.00, 4090.00, -794.00, 100.00, -99.89, 19.00
10.00, 4128.00, -826.00, 100.00, -99.77, 19.00
10.00, 4170.00, -860.00, 100.00, -99.66, 19.00
10.00, 4211.00, -897.00, 100.00, -98.98, 19.00
10.00, 4249.00, -936.00, 100.00, -96.27, 19.00
10.00, 4291.00, -972.00, 100.00, -87.23, 19.00
10.00, 4330.00, -1011.00, 100.00, -61.58, 19.00
10.00, 4368.00, -1045.00, 100.00, -15.82, 19.00
10.00, 4411.00, -1075.00, 100.00, 27.91, 19.00
10.00, 4451.00, -1101.00, 100.00, 52.88, 19.00
10.00, 4489.00, -1119.00, 100.00, 64.75, 19.00
10.00, 4528.00, -1127.00, 100.00, 68.81, 19.00
10.00, 4568.00, -1127.00, 100.00, 68.47, 19.00
10.00, 4606.00, -1122.00, 100.00, 66.67, 19.00
10.00, 4647.00, -1108.00, 100.00, 65.20, 19.00
10.00, 4688.00, -1095.00, 100.00, 67.12, 19.00
10.00, 4725.00, -1078.00, 100.00, 70.17, 19.00
10.00, 4767.00, -1058.00, 100.00, 75.14, 19.00
10.00, 4805.00, -1039.00, 100.00, 81.58, 19.00
10.00, 4845.00, -1016.00, 100.00, 86.33, 19.00
10.00, 4883.00, -988.00, 100.00, 91.07, 19.00
10.00, 4923.00, -962.00, 100.00, 94.92, 19.00
10.00, 4962.00, -934.00, 100.00, 97.18, 19.00
10.00, 5000.00, -904.00, 100.00, 98.42, 19.00
10.00, 5039.00, -872.00, 100.00, 99.10, 19.00
10.00, 5078.00, -838.00, 100.00, 99.55, 19.00
10.00, 5118.00, -801.00, 100.00, 99.77, 19.00
10.00, 5157.00, -765.00, 100.00, 99.89, 19.00
10.00, 5199.00, -728.00, 100.00, 99.89, 19.00
10.00, 5238.00, -690.00, 100.00, 99.89, 19.00
10.00, 5280.00, -651.00, 100.00, 99.89, 19.00
10.00, 5318.00, -612.00, 100.00, 99.89, 19.00
10.00, 5358.00, -572.00, 100.00, 99.89, 19.00
10.00, 5398.00, -531.00, 100.00, 99.89, 19.00
10.00, 5440.00, -490.00, 100.00, 99.89, 19.00
10.00, 5479.00, -448.00, 100.00, 99.89, 19.00
10.00, 5518.00, -407.00, 100.00, 99.89, 19.00
10.00, 5560.00, -368.00, 100.00, 99.89, 19.00
10.00, 5599.00, -328.00, 100.00, 99.89, 19.00
10.00, 5638.00, -286.00, 100.00, 100.00, 19.00
10.00, 5680.00, -243.00, 100.00, 100.00, 19.00
10.00, 5723.00, -199.00, 100.00, 100.00, 19.00
10.00, 5763.00, -159.00, 100.00, 100.00, 19.00
10.00, 5801.00, -119.00, 100.00, 100.00, 19.00
10.00, 5842.00, -77.00, 100.00, 100.00, 19.00
10.00, 5882.00, -36.00, 100.00, 100.00, 19.00
10.00, 5922.00, 6.00, 100.00, 100.00, 19.00
10.00, 5964.00, 51.00, 100.00, 100.00, 19.00
10.00, 6004.00, 92.00, 100.00, 100.00, 19.00
10.00, 6042.00, 131.00, 100.00, 100.00, 19.00
10.00, 6082.00, 171.00, 100.00, 100.00, 19.00
10.00, 6124.00, 212.00, 100.00, 100.00, 19.00
10.00, 6162.00, 251.00, 100.00, 100.00, 19.00
10.00, 6205.00, 294.00, 100.00, 100.00, 19.00
10.00, 6245.00, 337.00, 100.00, 100.00, 19.00
10.00, 6282.00, 375.00, 100.00, 100.00, 19.00
10.00, 6322.00, 416.00, 100.00, 100.00, 19.00
10.00, 6361.00, 459.00, 100.00, 100.00, 19.00
10.00, 6401.00, 499.00, 100.00, 100.00, 19.00
10.00, 6440.00, 542.00, 100.00, 100.00, 19.00
10.00, 6481.00, 585.00, 100.00, 100.00, 19.00
10.00, 6520.00, 625.00, 100.00, 100.00, 19.00
10.00, 6559.00, 667.00, 100.00, 100.00, 19.00
10.00, 6599.00, 708.00, 100.00, 100.00, 19.00
10.00, 6638.00, 751.00, 100.00, 100.00, 19.00
10.00, 6678.00, 794.00, 100.00, 100.00, 19.00
10.00, 6719.00, 840.00, 100.00, 100.00, 19.00
10.00, 6758.00, 881.00, 100.00, 100.00, 19.00
10.00, 6797.00, 922.00, 100.00, 100.00, 19.00
10.00, 6837.00, 966.00, 100.00, 100.00, 19.00
10.00, 6877.00, 1007.00, 100.00, 100.00, 19.00
10.00, 6917.00, 1050.00, 100.00, 100.00, 19.00
10.00, 6960.00, 1095.00, 100.00, 100.00, 19.00
10.00, 6999.00, 1138.00, 100.00, 100.00, 19.00
10.00, 7038.00, 1180.00, 100.00, 100.00, 19.00
10.00, 7080.00, 1221.00, 100.00, 100.00, 19.00
10.00, 7120.00, 1263.00, 100.00, 100.00, 19.00
10.00, 7159.00, 1306.00, 100.00, 100.00, 19.00
10.00, 7201.00, 1352.00, 100.00, 100.00, 19.00
10.00, 7244.00, 1395.00, 100.00, 100.00, 19.00
10.00, 7283.00, 1436.00, 100.00, 100.00, 19.00
10.00, 7323.00, 1476.00, 100.00, 100.00, 19.00
10.00, 7364.00, 1516.00, 100.00, 100.00, 19.00
10.00, 7405.00, 1555.00, 100.00, 100.00, 19.00
10.00, 7445.00, 1602.00, 100.00, 100.00, 19.00
10.00, 7486.00, 1645.00, 100.00, 100.00, 19.00
10.00, 7525.00, 1683.00, 100.00, 100.00, 19.00
10.00, 7563.00, 1723.00, 100.00, 100.00, 19.00
10.00, 7605.00, 1765.00, 100.00, 100.00, 19.00
10.00, 7645.00, 1805.00, 100.00, 100.00, 19.00
10.00, 7685.00, 1850.00, 100.00, 100.00, 19.00
10.00, 7726.00, 1894.00, 100.00, 100.00, 19.00
10.00, 7769.00, 1932.00, 100.00, 100.00, 19.00
10.00, 7809.00, 1974.00, 100.00, 100.00, 19.00
10.00, 7848.00, 2014.00, 100.00, 100.00, 19.00
10.00, 7889.00, 2055.00, 100.00, 100.00, 19.00
10.00, 7929.00, 2100.00, 100.00, 100.00, 19.00
10.00, 7970.00, 2143.00, 100.00, 100.00, 19.00
10.00, 8011.00, 2183.00, 100.00, 100.00, 19.00
10.00, 8052.00, 2225.00, 100.00, 100.00, 19.00
10.00, 8091.00, 2267.00, 100.00, 100.00, 19.00
10.00, 8132.00, 2309.00, 100.00, 100.00, 19.00
10.00, 8173.00, 2350.00, 100.00, 100.00, 19.00
10.00, 8214.00, 2392.00, 100.00, 100.00, 19.00
10.00, 8255.00, 2435.00, 100.00, 100.00, 19.00
10.00, 8296.00, 2475.00, 100.00, 100.00, 19.00
10.00, 8333.00, 2518.00, 100.00, 100.00, 19.00
10.00, 8376.00, 2561.00, 100.00, 100.00, 19.00
10.00, 8416.00, 2602.00, 100.00, 100.00, 19.00
10.00, 8455.00, 2643.00, 100.00, 100.00, 19.00
10.00, 8497.00, 2685.00, 100.00, 100.00, 19.00
10.00, 8538.00, 2727.00, 100.00, 100.00, 19.00
10.00, 8574.00, 2768.00, 100.00, 100.00, 19.00
10.00, 8615.00, 2809.00, 100.00, 100.00, 19.00
10.00, 8656.00, 2850.00, 100.00, 100.00, 19.00
10.00, 8695.00, 2893.00, 100.00, 100.00, 19.00
10.00, 8735.00, 2933.00, 100.00, 100.00, 19.00
10.00, 8777.00, 2975.00, 100.00, 100.00, 19.00
10.00, 8815.00, 3016.00, 100.00, 100.00, 19.00
10.00, 8852.00, 3057.00, 100.00, 100.00, 19.00
10.00, 8894.00, 3099.00, 100.00, 100.00, 19.00
10.00, 8933.00, 3143.00, 100.00, 100.00, 19.00
10.00, 8972.00, 3185.00, 100.00, 100.00, 19.00
10.00, 9013.00, 3227.00, 100.00, 100.00, 19.00
10.00, 9053.00, 3270.00, 100.00, 100.00, 19.00
10.00, 9092.00, 3310.00, 100.00, 100.00, 19.00
10.00, 9132.00, 3354.00, 100.00, 100.00, 19.00
10.00, 9173.00, 3398.00, 100.00, 100.00, 19.00
10.00, 9212.00, 3439.00, 100.00, 100.00, 19.00
10.00, 9252.00, 3482.00, 100.00, 100.00, 19.00
10.00, 9295.00, 3526.00, 100.00, 100.00, 19.00
10.00, 9333.00, 3567.00, 100.00, 100.00, 19.00
10.00, 9375.00, 3609.00, 100.00, 100.00, 19.00
10.00, 9415.00, 3653.00, 100.00, 100.00, 19.00
10.00, 9455.00, 3695.00, 100.00, 100.00, 19.00
10.00, 9495.00, 3737.00, 100.00, 100.00, 19.00
10.00, 9538.00, 3779.00, 100.00, 100.00, 19.00
10.00, 9578.00, 3822.00, 100.00, 100.00, 19.00
10.00, 9618.00, 3863.00, 100.00, 100.00, 19.00
10.00, 9659.00, 3907.00, 100.00, 100.00, 19.00
10.00, 9699.00, 3946.00, 100.00, 100.00, 19.00
10.00, 9738.00, 3986.00, 100.00, 100.00, 19.00
10.00, 9779.00, 4028.00, 100.00, 100.00, 19.00
10.00, 9819.00, 4068.00, 100.00, 100.00, 19.00
10.00, 9861.00, 4108.00, 100.00, 100.00, 19.00
10.00, 9901.00, 4154.00, 100.00, 100.00, 19.00
10.00, 9941.00, 4196.00, 100.00, 100.00, 19.00
10.00, 9980.00, 4235.00, 100.00, 100.00, 19.00
10.00, 10022.00, 4277.00, 100.00, 100.00, 19.00
10.00, 10061.00, 4320.00, 100.00, 100.00, 19.00
10.00, 10100.00, 4359.00, 100.00, 100.00, 19.00
10.00, 10140.00, 4401.00, 100.00, 100.00, 19.00
10.00, 10180.00, 4445.00, 100.00, 100.00, 19.00
10.00, 10220.00, 4485.00, 100.00, 100.00, 19.00
10.00, 10260.00, 4527.00, 100.00, 100.00, 19.00
10.00, 10301.00, 4571.00, 100.00, 100.00, 19.00
10.00, 10340.00, 4613.00, 100.00, 100.00, 19.00
10.00, 10379.00, 4658.00, 100.00, 100.00, 19.00
10.00, 10420.00, 4702.00, 100.00, 100.00, 19.00
10.00, 10459.00, 4743.00, 100.00, 100.00, 19.00
10.00, 10499.00, 4785.00, 100.00, 100.00, 19.00
10.00, 10539.00, 4829.00, 100.00, 100.00, 19.00
10.00, 10579.00, 4871.00, 100.00, 100.00, 19.00
10.00, 10619.00, 4915.00, 100.00, 100.00, 19.00
10.00, 10659.00, 4960.00, 100.00, 100.00, 19.00
10.00, 10698.00, 5001.00, 100.00, 100.00, 19.00
10.00, 10736.00, 5042.00, 100.00, 100.00, 19.00
10.00, 10777.00, 5087.00, 100.00, 100.00, 19.00
10.00, 10818.00, 5130.00, 100.00, 100.00, 19.00
10.00, 10858.00, 5173.00, 100.00, 100.00, 19.00
10.00, 10896.00, 5216.00, 100.00, 100.00, 19.00
10.00, 10937.00, 5258.00, 100.00, 100.00, 19.00
10.00, 10977.00, 5299.00, 100.00, 100.00, 19.00
10.00, 11017.00, 5340.00, 100.00, 100.00, 19.00
10.00, 11058.00, 5382.00, 100.00, 100.00, 19.00
10.00, 11100.00, 5427.00, 100.00, 100.00, 19.00
10.00, 11140.00, 5469.00, 100.00, 100.00, 19.00
10.00, 11179.00, 5510.00, 100.00, 100.00, 19.00
10.00, 11219.00, 5550.00, 100.00, 100.00, 19.00
10.00, 11259.00, 5593.00, 100.00, 100.00, 19.00
10.00, 11298.00, 5636.00, 100.00, 100.00, 19.00
10.00, 11340.00, 5682.00, 100.00, 100.00, 19.00
10.00, 11379.00, 5725.00, 100.00, 100.00, 19.00
10.00, 11419.00, 5765.00, 100.00, 100.00, 19.00
10.00, 11459.00, 5805.00, 100.00, 100.00, 19.00
10.00, 11500.00, 5847.00, 100.00, 100.00, 19.00
10.00, 11539.00, 5889.00, 100.00, 100.00, 19.00
10.00, 11582.00, 5935.00, 100.00, 100.00, 19.00
10.00, 11622.00, 5977.00, 100.00, 100.00, 19.00
10.00, 11661.00, 6017.00, 100.00, 100.00, 19.00
10.00, 11702.00, 6059.00, 100.00, 100.00, 19.00
10.00, 11743.00, 6103.00, 100.00, 100.00, 19.00
10.00, 11782.00, 6144.00, 100.00, 100.00, 19.00
10.00, 11825.00, 6188.00, 100.00, 100.00, 19.00
10.00, 11868.00, 6231.00, 100.00, 100.00, 19.00
10.00, 11908.00, 6271.00, 100.00, 100.00, 19.00
10.00, 11948.00, 6314.00, 100.00, 100.00, 19.00
10.00, 11988.00, 6356.00, 100.00, 100.00, 19.00
10.00, 12029.00, 6397.00, 100.00, 100.00, 19.00
10.00, 12071.00, 6438.00, 100.00, 100.00, 19.00
10.00, 12114.00, 6480.00, 100.00, 100.00, 19.00
10.00, 12153.00, 6521.00, 100.00, 100.00, 19.00
10.00, 12191.00, 6563.00, 100.00, 100.00, 19.00
10.00, 12233.00, 6604.00, 100.00, 100.00, 19.00
10.00, 12274.00, 6644.00, 100.00, 100.00, 19.00
10.00, 12314.00, 6687.00, 100.00, 100.00, 19.00
10.00, 12358.00, 6729.00, 100.00, 100.00, 19.00
10.00, 12399.00, 6769.00, 100.00, 100.00, 19.00
10.00, 12436.00, 6811.00, 100.00, 100.00, 19.00
10.00, 12478.00, 6852.00, 100.00, 100.00, 19.00
10.00, 12517.00, 6894.00, 100.00, 100.00, 19.00
10.00, 12556.00, 6936.00, 100.00, 100.00, 19.00
10.00, 12599.00, 6981.00, 100.00, 100.00, 19.00
10.00, 12637.00, 7024.00, 100.00, 100.00, 19.00
10.00, 12674.00, 7065.00, 100.00, 100.00, 19.00
10.00, 12714.00, 7107.00, 100.00, 100.00, 19.00
10.00, 12753.00, 7148.00, 100.00, 100.00, 19.00
10.00, 12792.00, 7191.00, 100.00, 100.00, 19.00
10.00, 12834.00, 7238.00, 100.00, 100.00, 19.00
10.00, 12875.00, 7281.00, 100.00, 100.00, 19.00
10.00, 12913.00, 7321.00, 100.00, 100.00, 19.00
10.00, 12953.00, 7363.00, 100.00, 100.00, 19.00
10.00, 12993.00, 7405.00, 100.00, 100.00, 19.00
10.00, 13033.00, 7448.00, 100.00, 100.00, 19.00
10.00, 13073.00, 7494.00, 100.00, 100.00, 19.00
10.00, 13114.00, 7537.00, 100.00, 100.00, 19.00
10.00, 13153.00, 7578.00, 100.00, 100.00, 19.00
10.00, 13194.00, 7619.00, 100.00, 100.00, 19.00
10.00, 13234.00, 7662.00, 100.00, 100.00, 19.00
10.00, 13275.00, 7703.00, 100.00, 100.00, 19.00
10.00, 13315.00, 7747.00, 100.00, 100.00, 19.00
10.00, 13357.00, 7790.00, 100.00, 100.00, 19.00
10.00, 13398.00, 7829.00, 100.00, 100.00, 19.00
10.00, 13438.00, 7868.00, 100.00, 100.00, 19.00
10.00, 13479.00, 7909.00, 100.00, 100.00, 19.00
10.00, 13519.00, 7949.00, 100.00, 100.00, 19.00
10.00, 13559.00, 7995.00, 100.00, 100.00, 19.00
10.00, 13601.00, 8037.00, 100.00, 100.00, 19.00
10.00, 13642.00, 8077.00, 100.00, 100.00, 19.00
10.00, 13683.00, 8118.00, 100.00, 100.00, 19.00
10.00, 13721.00, 8158.00, 100.00, 100.00, 19.00
10.00, 13764.00, 8199.00, 100.00, 100.00, 19.00
10.00, 13804.00, 8244.00, 100.00, 100.00, 19.00
10.00, 13843.00, 8287.00, 100.00, 100.00, 19.00
10.00, 13883.00, 8329.00, 100.00, 100.00, 19.00
10.00, 13925.00, 8370.00, 100.00, 100.00, 19.00
10.00, 13964.00, 8411.00, 100.00, 100.00, 19.00
10.00, 14005.00, 8454.00, 100.00, 100.00, 19.00
10.00, 14046.00, 8500.00, 100.00, 100.00, 19.00
10.00, 14085.00, 8543.00, 100.00, 100.00, 19.00
10.00, 14125.00, 8585.00, 100.00, 100.00, 19.00
10.00, 14166.00, 8627.00, 100.00, 100.00, 19.00
10.00, 14205.00, 8670.00, 100.00, 100.00, 19.00
10.00, 14246.00, 8712.00, 100.00, 100.00, 19.00
10.00, 14285.00, 8756.00, 100.00, 100.00, 19.00
10.00, 14327.00, 8799.00, 100.00, 100.00, 19.00
10.00, 14366.00, 8840.00, 100.00, 100.00, 19.00
10.00, 14408.00, 8883.00, 100.00, 100.00, 19.00
10.00, 14447.00, 8927.00, 100.00, 100.00, 19.00
10.00, 14485.00, 8969.00, 100.00, 100.00, 19.00
10.00, 14526.00, 9013.00, 100.00, 100.00, 19.00
10.00, 14566.00, 9055.00, 100.00, 100.00, 19.00
10.00, 14606.00, 9095.00, 100.00, 100.00, 19.00
10.00, 14646.00, 9136.00, 100.00, 100.00, 19.00
10.00, 14686.00, 9179.00, 100.00, 100.00, 19.00
10.00, 14725.00, 9220.00, 100.00, 100.00, 19.00
10.00, 14767.00, 9263.00, 100.00, 100.00, 19.00
10.00, 14805.00, 9305.00, 100.00, 100.00, 19.00
10.00, 14843.00, 9345.00, 100.00, 100.00, 19.00
10.00, 14885.00, 9390.00, 100.00, 100.00, 19.00
10.00, 14926.00, 9433.00, 100.00, 100.00, 19.00
10.00, 14963.00, 9473.00, 100.00, 100.00, 19.00
10.00, 15005.00, 9519.00, 100.00, 100.00, 19.00
10.00, 15046.00, 9563.00, 100.00, 100.00, 19.00
10.00, 15084.00, 9603.00, 100.00, 100.00, 19.00
10.00, 15123.00, 9647.00, 100.00, 100.00, 19.00
10.00, 15164.00, 9689.00, 100.00, 100.00, 19.00
10.00, 15203.00, 9733.00, 100.00, 100.00, 19.00
10.00, 15244.00, 9776.00, 100.00, 100.00, 19.00
10.00, 15283.00, 9818.00, 100.00, 100.00, 19.00
10.00, 15322.00, 9860.00, 100.00, 100.00, 19.00
10.00, 15363.00, 9904.00, 100.00, 100.00, 19.00
10.00, 15403.00, 9946.00, 100.00, 100.00, 19.00
10.00, 15445.00, 9989.00, 100.00, 100.00, 19.00
10.00, 15485.00, 10032.00, 100.00, 100.00, 19.00
10.00, 15525.00, 10074.00, 100.00, 100.00, 19.00
10.00, 15565.00, 10114.00, 100.00, 100.00, 19.00
10.00, 15606.00, 10158.00, 100.00, 100.00, 19.00
10.00, 15645.00, 10200.00, 100.00, 100.00, 19.00
10.00, 15687.00, 10242.00, 100.00, 100.00, 19.00
10.00, 15729.00, 10284.00, 100.00, 100.00, 19.00
10.00, 15769.00, 10327.00, 100.00, 100.00, 19.00
10.00, 15809.00, 10368.00, 100.00, 100.00, 19.00
10.00, 15850.00, 10409.00, 100.00, 100.00, 19.00
10.00, 15891.00, 10450.00, 100.00, 100.00, 19.00
10.00, 15932.00, 10491.00, 100.00, 100.00, 19.00
10.00, 15974.00, 10531.00, 100.00, 100.00, 19.00
10.00, 16015.00, 10572.00, 100.00, 100.00, 19.00
10.00, 16055.00, 10614.00, 100.00, 100.00, 19.00
10.00, 16094.00, 10655.00, 100.00, 100.00, 19.00
10.00, 16134.00, 10697.00, 100.00, 100.00, 19.00
10.00, 16177.00, 10738.00, 100.00, 100.00, 19.00
10.00, 16219.00, 10781.00, 100.00, 100.00, 19.00
10.00, 16259.00, 10823.00, 100.00, 100.00, 19.00
10.00, 16299.00, 10866.00, 100.00, 100.00, 19.00
10.00, 16338.00, 10907.00, 100.00, 100.00, 19.00
10.00, 16379.00, 10949.00, 100.00, 100.00, 19.00
10.00, 16417.00, 10992.00, 100.00, 100.00, 19.00
10.00, 16459.00, 11037.00, 100.00, 100.00, 19.00
10.00, 16499.00, 11079.00, 100.00, 100.00, 19.00
10.00, 16538.00, 11122.00, 100.00, 100.00, 19.00
10.00, 16578.00, 11164.00, 100.00, 100.00, 19.00
10.00, 16617.00, 11206.00, 100.00, 100.00, 19.00
10.00, 16656.00, 11248.00, 100.00, 100.00, 19.00
10.00, 16699.00, 11293.00, 100.00, 100.00, 19.00
10.00, 16738.00, 11337.00, 100.00, 100.00, 19.00
10.00, 16777.00, 11379.00, 100.00, 100.00, 19.00
10.00, 16815.00, 11420.00, 100.00, 100.00, 19.00
10.00, 16855.00, 11463.00, 100.00, 100.00, 19.00
10.00, 16894.00, 11506.00, 100.00, 100.00, 19.00
10.00, 16936.00, 11547.00, 100.00, 100.00, 19.00
10.00, 16979.00, 11592.00, 100.00, 100.00, 19.00
10.00, 17017.00, 11632.00, 100.00, 100.00, 19.00
10.00, 17056.00, 11672.00, 100.00, 100.00, 19.00
10.00, 17098.00, 11712.00, 100.00, 100.00, 19.00
10.00, 17137.00, 11754.00, 100.00, 100.00, 19.00
10.00, 17177.00, 11796.00, 100.00, 100.00, 19.00
10.00, 17221.00, 11843.00, 100.00, 100.00, 19.00
10.00, 17261.00, 11884.00, 100.00, 100.00, 19.00
10.00, 17300.00, 11923.00, 100.00, 100.00, 19.00
10.00, 17339.00, 11962.00, 100.00, 100.00, 19.00
10.00, 17378.00, 12004.00, 100.00, 100.00, 19.00
10.00, 17419.00, 12044.00, 100.00, 100.00, 19.00
10.00, 17463.00, 12092.00, 100.00, 100.00, 19.00
10.00, 17503.00, 12135.00, 100.00, 100.00, 19.00
10.00, 17542.00, 12173.00, 100.00, 100.00, 19.00
10.00, 17583.00, 12214.00, 100.00, 100.00, 19.00
10.00, 17623.00, 12255.00, 100.00, 100.00, 19.00
10.00, 17662.00, 12298.00, 100.00, 100.00, 19.00
10.00, 17704.00, 12347.00, 100.00, 100.00, 19.00
10.00, 17745.00, 12390.00, 100.00, 100.00, 19.00
10.00, 17783.00, 12431.00, 100.00, 100.00, 19.00
10.00, 17823.00, 12471.00, 100.00, 100.00, 19.00
10.00, 17865.00, 12512.00, 100.00, 100.00, 19.00
10.00, 17904.00, 12554.00, 100.00, 100.00, 19.00
10.00, 17944.00, 12599.00, 100.00, 100.00, 19.00
10.00, 17985.00, 12640.00, 100.00, 100.00, 19.00
10.00, 18027.00, 12682.00, 100.00, 100.00, 19.00
10.00, 18068.00, 12725.00, 100.00, 100.00, 19.00
10.00, 18108.00, 12769.00, 100.00, 100.00, 19.00
10.00, 18148.00, 12810.00, 100.00, 100.00, 19.00
10.00, 18187.00, 12852.00, 100.00, 100.00, 19.00
10.00, 18228.00, 12894.00, 100.00, 100.00, 19.00
10.00, 18268.00, 12934.00, 100.00, 100.00, 19.00
10.00, 18308.00, 12975.00, 100.00, 100.00, 19.00
10.00, 18347.00, 13016.00, 100.00, 100.00, 19.00
10.00, 18386.00, 13058.00, 100.00, 100.00, 19.00
10.00, 18428.00, 13100.00, 100.00, 100.00, 19.00
10.00, 18469.00, 13142.00, 100.00, 100.00, 19.00
10.00, 18508.00, 13183.00, 100.00, 100.00, 19.00
10.00, 18549.00, 13225.00, 100.00, 100.00, 19.00
10.00, 18588.00, 13268.00, 100.00, 100.00, 19.00
10.00, 18628.00, 13309.00, 100.00, 100.00, 19.00
10.00, 18668.00, 13353.00, 100.00, 100.00, 19.00
10.00, 18709.00, 13397.00, 100.00, 100.00, 19.00
10.00, 18749.00, 13439.00, 100.00, 100.00, 19.00
10.00, 18790.00, 13482.00, 100.00, 100.00, 19.00
10.00, 18828.00, 13523.00, 100.00, 100.00, 19.00
10.00, 18868.00, 13564.00, 100.00, 100.00, 19.00
10.00, 18907.00, 13610.00, 100.00, 100.00, 19.00
10.00, 18946.00, 13654.00, 100.00, 100.00, 19.00
10.00, 18984.00, 13697.00, 100.00, 100.00, 19.00
10.00, 19025.00, 13740.00, 100.00, 100.00, 19.00
10.00, 19063.00, 13781.00, 100.00, 100.00, 19.00
10.00, 19104.00, 13825.00, 100.00, 100.00, 19.00
10.00, 19144.00, 13868.00, 100.00, 100.00, 19.00
10.00, 19184.00, 13910.00, 100.00, 100.00, 19.00
10.00, 19222.00, 13952.00, 100.00, 100.00, 19.00
10.00, 19264.00, 13997.00, 100.00, 100.00, 19.00
10.00, 19304.00, 14037.00, 100.00, 100.00, 19.00
10.00, 19343.00, 14078.00, 100.00, 100.00, 19.00
10.00, 19383.00, 14122.00, 100.00, 100.00, 19.00
10.00, 19423.00, 14163.00, 100.00, 100.00, 19.00
10.00, 19462.00, 14204.00, 100.00, 100.00, 19.00
10.00, 19504.00, 14246.00, 100.00, 100.00, 19.00
10.00, 19546.00, 14287.00, 100.00, 100.00, 19.00
10.00, 19585.00, 14327.00, 100.00, 100.00, 19.00
10.00, 19627.00, 14367.00, 100.00, 100.00, 19.00
10.00, 19669.00, 14410.00, 100.00, 100.00, 19.00
10.00, 19708.00, 14451.00, 100.00, 100.00, 19.00
10.00, 19748.00, 14493.00, 100.00, 100.00, 19.00
10.00, 19790.00, 14535.00, 100.00, 100.00, 19.00
10.00, 19829.00, 14574.00, 100.00, 100.00, 19.00
10.00, 19870.00, 14616.00, 100.00, 100.00, 19.00
10.00, 19912.00, 14660.00, 100.00, 100.00, 19.00
10.00, 19953.00, 14702.00, 100.00, 100.00, 19.00
10.00, 19993.00, 14743.00, 100.00, 100.00, 19.00
10.00, 20036.00, 14786.00, 100.00, 100.00, 19.00
10.00, 20076.00, 14828.00, 100.00, 100.00, 19.00
10.00, 20116.00, 14870.00, 100.00, 100.00, 19.00
10.00, 20157.00, 14914.00, 100.00, 100.00, 19.00
10.00, 20197.00, 14956.00, 100.00, 100.00, 19.00
10.00, 20236.00, 14998.00, 100.00, 100.00, 19.00
10.00, 20278.00, 15040.00, 100.00, 100.00, 19.00
10.00, 20317.00, 15083.00, 100.00, 100.00, 19.00
10.00, 20357.00, 15127.00, 100.00, 100.00, 19.00
10.00, 20398.00, 15171.00, 100.00, 100.00, 19.00
10.00, 20438.00, 15212.00, 100.00, 100.00, 19.00
10.00, 20479.00, 15255.00, 100.00, 100.00, 19.00
10.00, 20519.00, 15298.00, 100.00, 100.00, 19.00
10.00, 20562.00, 15339.00, 100.00, 100.00, 19.00
10.00, 20603.00, 15381.00, 100.00, 100.00, 19.00
10.00, 20644.00, 15428.00, 100.00, 100.00, 19.00
10.00, 20682.00, 15468.00, 100.00, 100.00, 19.00
10.00, 20722.00, 15506.00, 100.00, 100.00, 19.00
10.00, 20762.00, 15548.00, 100.00, 100.00, 19.00
10.00, 20804.00, 15592.00, 100.00, 100.00, 19.00
10.00, 20843.00, 15632.00, 100.00, 100.00, 19.00
10.00, 20883.00, 15676.00, 100.00, 100.00, 19.00
10.00, 20923.00, 15719.00, 100.00, 100.00, 19.00
10.00, 20962.00, 15757.00, 100.00, 100.00, 19.00
10.00, 21003.00, 15801.00, 100.00, 100.00, 19.00
10.00, 21045.00, 15844.00, 100.00, 100.00, 19.00
10.00, 21085.00, 15884.00, 100.00, 100.00, 19.00
10.00, 21125.00, 15928.00, 100.00, 100.00, 19.00
10.00, 21165.00, 15971.00, 100.00, 100.00, 19.00
10.00, 21204.00, 16010.00, 100.00, 100.00, 19.00
10.00, 21245.00, 16052.00, 100.00, 100.00, 19.00
10.00, 21286.00, 16097.00, 100.00, 100.00, 19.00
10.00, 21328.00, 16139.00, 100.00, 100.00, 19.00
10.00, 21367.00, 16184.00, 100.00, 100.00, 19.00
10.00, 21407.00, 16226.00, 100.00, 100.00, 19.00
10.00, 21446.00, 16266.00, 100.00, 100.00, 19.00
10.00, 21486.00, 16307.00, 100.00, 100.00, 19.00
10.00, 21525.00, 16349.00, 100.00, 100.00, 19.00
10.00, 21567.00, 16394.00, 100.00, 100.00, 19.00
10.00, 21607.00, 16439.00, 100.00, 100.00, 19.00
10.00, 21647.00, 16481.00, 100.00, 100.00, 19.00
10.00, 21687.00, 16520.00, 100.00, 100.00, 19.00
10.00, 21728.00, 16563.00, 100.00, 100.00, 19.00
10.00, 21768.00, 16607.00, 100.00, 100.00, 19.00
10.00, 21811.00, 16651.00, 100.00, 100.00, 19.00
10.00, 21852.00, 16694.00, 100.00, 100.00, 19.00
10.00, 21891.00, 16733.00, 100.00, 100.00, 19.00
