9111.00, 2490.00, 538.00, 100.00, 100.00, 20.00
10.00, 2494.00, 543.00, 100.00, -100.00, 20.00
10.00, 2508.00, 544.00, 100.00, -100.00, 20.00
10.00, 2525.00, 540.00, 100.00, -100.00, 20.00
10.00, 2545.00, 526.00, 100.00, -100.00, 20.00
10.00, 2573.00, 504.00, 100.00, -100.00, 20.00
10.00, 2601.00, 480.00, 100.00, -100.00, 20.00
10.00, 2632.00, 454.00, 100.00, -100.00, 20.00
10.00, 2664.00, 424.00, 100.00, -100.00, 20.00
10.00, 2697.00, 391.00, 100.00, -100.00, 20.00
10.00, 2732.00, 356.00, 100.00, -100.00, 20.00
10.00, 2768.00, 320.00, 100.00, -100.00, 20.00
10.00, 2804.00, 285.00, 100.00, -100.00, 20.00
10.00, 2841.00, 250.00, 100.00, -100.00, 20.00
10.00, 2880.00, 214.00, 100.00, -100.00, 20.00
10.00, 2919.00, 177.00, 100.00, -100.00, 20.00
10.00, 2958.00, 139.00, 100.00, -100.00, 20.00
10.00, 2995.00, 100.00, 100.00, -100.00, 20.00
10.00, 3034.00, 61.00, 100.00, -100.00, 20.00
10.00, 3073.00, 20.00, 100.00, -100.00, 20.00
10.00, 3113.00, -17.00, 100.00, -100.00, 20.00
10.00, 3154.00, -52.00, 100.00, -100.00, 20.00
10.00, 3193.00, -90.00, 100.00, -100.00, 20.00
10.00, 3233.00, -130.00, 100.00, -100.00, 20.00
10.00, 3273.00, -170.00, 100.00, -100.00, 20.00
10.00, 3312.00, -211.00, 100.00, -100.00, 20.00
10.00, 3351.00, -250.00, 100.00, -100.00, 20.00
10.00, 3391.00, -287.00, 100.00, -100.00, 20.00
10.00, 3430.00, -327.00, 100.00, -100.00, 20.00
10.00, 3469.00, -366.00, 99.89, -99.89, 20.00
10.00, 3510.00, -405.00, 99.89, -99.89, 20.00
10.00, 3549.00, -448.00, 99.77, -99.89, 20.00
10.00, 3588.00, -489.00, 94.24, -99.66, 20.00
10.00, 3628.00, -527.00, 2.49, -88.70, 20.00
10.00, 3666.00, -565.00, -93.11, 27.46, 20.00
10.00, 3694.00, -600.00, -99.66, 95.48, 20.00
10.00, 3709.00, -626.00, -99.89, 99.77, 20.00
10.00, 3712.00, -638.00, -99.89, 99.89, 20.00
10.00, 3706.00, -639.00, -99.89, 99.89, 20.00
10.00, 3690.00, -633.00, -99.89, 99.89, 20.00
10.00, 3671.00, -616.00, -99.89, 99.89, 20.00
10.00, 3647.00, -595.00, -99.89, 99.89, 20.00
10.00, 3619.00, -569.00, -99.55, 99.89, 20.00
10.00, 3589.00, -540.00, -96.16, 98.87, 20.00
10.00, 3558.00, -511.00, -57.06, 88.81, 20.00
10.00, 3528.00, -478.00, 58.98, 0.34, 20.00
10.00, 3501.00, -448.00, 96.72, -88.93, 20.00
10.00, 3487.00, -428.00, 99.66, -99.32, 20.00
10.00, 3485.00, -420.00, 99.89, -99.89, 20.00
10.00, 3492.00, -421.00, 99.89, -99.89, 20.00
10.00, 3508.00, -431.00, 99.89, -99.89, 20.00
10.00, 3526.00, -450.00, 99.89, -99.89, 20.00
10.00, 3551.00, -471.00, 99.66, -99.89, 20.00
10.00, 3578.00, -498.00, 98.64, -99.89, 20.00
10.00, 3606.00, -524.00, 92.88, -99.77, 20.00
10.00, 3638.00, -553.00, 69.94, -99.44, 20.00
10.00, 3671.00, -586.00, -1.36, -98.76, 20.00
10.00, 3699.00, -621.00, -71.41, -96.72, 20.00
10.00, 3719.00, -656.00, -91.86, -89.38, 20.00
10.00, 3728.00, -692.00, -95.71, -73.22, 20.00
10.00, 3726.00, -725.00, -93.67, -43.73, 20.00
10.00, 3715.00, -759.00, -79.55, -6.33, 20.00
10.00, 3699.00, -788.00, -7.23, 32.66, 20.00
10.00, 3680.00, -809.00, 85.54, 55.03, 20.00
10.00, 3672.00, -823.00, 99.10, 61.58, 20.00
10.00, 3673.00, -828.00, 99.89, 51.86, 20.00
10.00, 3682.00, -828.00, 99.89, 11.98, 20.00
10.00, 3700.00, -824.00, 99.89, -42.26, 20.00
10.00, 3721.00, -823.00, 99.89, -84.52, 20.00
10.00, 3746.00, -824.00, 99.89, -95.48, 20.00
10.00, 3773.00, -835.00, 99.89, -98.53, 20.00
10.00, 3804.00, -853.00, 99.89, -99.21, 20.00
10.00, 3837.00, -876.00, 99.89, -99.21, 20.00
10.00, 3870.00, -903.00, 99.89, -98.76, 20.00
10.00, 3905.00, -933.00, 99.89, -97.40, 20.00
10.00, 3942.00, -964.00, 99.89, -91.86, 20.00
10.00, 3978.00, -996.00, 99.89, -69.15, 20.00
10.00, 4016.00, -1027.00, 99.77, -3.28, 20.00
10.00, 4055.00, -1057.00, 98.64, 73.11, 20.00
10.00, 4093.00, -1077.00, 90.17, 95.37, 20.00
10.00, 4130.00, -1085.00, 26.78, 98.98, 20.00
10.00, 4165.00, -1084.00, -73.22, 99.55, 20.00
10.00, 4193.00, -1076.00, -97.51, 99.66, 20.00
10.00, 4212.00, -1060.00, -99.66, 99.55, 20.00
10.00, 4217.00, -1040.00, -99.89, 99.10, 20.00
10.00, 4212.00, -1016.00, -99.89, 97.18, 20.00
10.00, 4199.00, -988.00, -99.89, 88.59, 20.00
10.00, 4178.00, -959.00, -99.89, 44.63, 20.00
10.00, 4154.00, -931.00, -99.89, -52.43, 20.00
10.00, 4128.00, -905.00, -99.77, -92.77, 20.00
10.00, 4098.00, -891.00, -99.44, -98.87, 20.00
10.00, 4067.00, -888.00, -97.18, -99.66, 20.00
10.00, 4033.00, -898.00, -82.37, -99.77, 20.00
10.00, 3997.00, -915.00, -9.60, -99.77, 20.00
10.00, 3966.00, -936.00, 76.05, -99.77, 20.00
10.00, 3944.00, -959.00, 96.38, -99.44, 20.00
10.00, 3931.00, -986.00, 99.10, -98.64, 20.00
10.00, 3929.00, -1018.00, 99.55, -95.93, 20.00
10.00, 3939.00, -1050.00, 99.66, -86.44, 20.00
10.00, 3949.00, -1082.00, 99.66, -62.26, 20.00
10.00, 3973.00, -1113.00, 99.44, -21.24, 20.00
10.00, 3996.00, -1142.00, 98.98, 16.05, 20.00
10.00, 4023.00, -1166.00, 98.19, 41.58, 20.00
10.00, 4054.00, -1183.00, 96.84, 53.79, 20.00
10.00, 4085.00, -1189.00, 94.92, 57.40, 20.00
10.00, 4114.00, -1191.00, 92.77, 56.27, 20.00
10.00, 4149.00, -1187.00, 91.30, 54.35, 20.00
10.00, 4182.00, -1178.00, 90.96, 53.56, 20.00
10.00, 4216.00, -1166.00, 91.64, 56.27, 20.00
10.00, 4251.00, -1151.00, 93.22, 61.47, 20.00
10.00, 4287.00, -1135.00, 94.92, 69.04, 20.00
10.00, 4322.00, -1117.00, 96.61, 76.84, 20.00
10.00, 4356.00, -1095.00, 97.74, 84.63, 20.00
10.00, 4391.00, -1071.00, 98.64, 90.96, 20.00
10.00, 4431.00, -1047.00, 99.10, 95.25, 20.00
10.00, 4463.00, -1020.00, 99.55, 97.51, 20.00
10.00, 4501.00, -988.00, 99.66, 98.76, 20.00
10.00, 4537.00, -957.00, 99.77, 99.44, 20.00
10.00, 4574.00, -923.00, 99.89, 99.77, 20.00
10.00, 4609.00, -887.00, 99.89, 99.89, 20.00
10.00, 4647.00, -850.00, 99.89, 99.89, 20.00
10.00, 4687.00, -813.00, 99.89, 99.89, 20.00
10.00, 4721.00, -776.00, 99.89, 99.89, 20.00
10.00, 4760.00, -735.00, 99.89, 99.89, 20.00
10.00, 4799.00, -696.00, 99.89, 99.89, 20.00
10.00, 4836.00, -658.00, 99.89, 99.89, 20.00
10.00, 4874.00, -616.00, 99.89, 99.89, 20.00
10.00, 4913.00, -574.00, 100.00, 99.89, 20.00
10.00, 4952.00, -534.00, 100.00, 99.89, 20.00
10.00, 4991.00, -494.00, 100.00, 99.89, 20.00
10.00, 5031.00, -451.00, 100.00, 99.89, 20.00
10.00, 5070.00, -409.00, 100.00, 100.00, 20.00
10.00, 5109.00, -370.00, 100.00, 100.00, 20.00
10.00, 5149.00, -329.00, 100.00, 100.00, 20.00
10.00, 5190.00, -287.00, 100.00, 100.00, 20.00
10.00, 5229.00, -247.00, 100.00, 100.00, 20.00
10.00, 5270.00, -204.00, 100.00, 100.00, 20.00
10.00, 5308.00, -163.00, 100.00, 100.00, 20.00
10.00, 5348.00, -124.00, 100.00, 100.00, 20.00
10.00, 5388.00, -82.00, 100.00, 100.00, 20.00
10.00, 5430.00, -42.00, 100.00, 100.00, 20.00
10.00, 5470.00, -3.00, 100.00, 100.00, 20.00
10.00, 5509.00, 41.00, 100.00, 100.00, 20.00
10.00, 5550.00, 86.00, 100.00, 100.00, 20.00
10.00, 5590.00, 124.00, 100.00, 100.00, 20.00
10.00, 5630.00, 164.00, 100.00, 100.00, 20.00
10.00, 5670.00, 207.00, 100.00, 100.00, 20.00
10.00, 5711.00, 247.00, 100.00, 100.00, 20.00
10.00, 5752.00, 288.00, 100.00, 100.00, 20.00
10.00, 5792.00, 333.00, 100.00, 100.00, 20.00
10.00, 5831.00, 374.00, 100.00, 100.00, 20.00
10.00, 5871.00, 416.00, 100.00, 100.00, 20.00
10.00, 5910.00, 459.00, 100.00, 100.00, 20.00
10.00, 5950.00, 500.00, 100.00, 100.00, 20.00
10.00, 5990.00, 544.00, 100.00, 100.00, 20.00
10.00, 6029.00, 589.00, 100.00, 100.00, 20.00
10.00, 6068.00, 630.00, 100.00, 100.00, 20.00
10.00, 6107.00, 673.00, 100.00, 100.00, 20.00
10.00, 6147.00, 716.00, 100.00, 100.00, 20.00
10.00, 6187.00, 758.00, 100.00, 100.00, 20.00
10.00, 6228.00, 802.00, 100.00, 100.00, 20.00
10.00, 6267.00, 847.00, 100.00, 100.00, 20.00
10.00, 6305.00, 889.00, 100.00, 100.00, 20.00
10.00, 6344.00, 929.00, 100.00, 100.00, 20.00
10.00, 6384.00, 973.00, 100.00, 100.00, 20.00
10.00, 6423.00, 1016.00, 100.00, 100.00, 20.00
10.00, 6463.00, 1060.00, 100.00, 100.00, 20.00
10.00, 6503.00, 1102.00, 100.00, 100.00, 20.00
10.00, 6541.00, 1144.00, 100.00, 100.00, 20.00
10.00, 6580.00, 1186.00, 100.00, 100.00, 20.00
10.00, 6618.00, 1226.00, 100.00, 100.00, 20.00
10.00, 6657.00, 1268.00, 100.00, 100.00, 20.00
10.00, 6697.00, 1311.00, 100.00, 100.00, 20.00
10.00, 6738.00, 1355.00, 100.00, 100.00, 20.00
10.00, 6776.00, 1396.00, 100.00, 100.00, 20.00
10.00, 6816.00, 1436.00, 100.00, 100.00, 20.00
10.00, 6857.00, 1479.00, 100.00, 100.00, 20.00
10.00, 6896.00, 1521.00, 100.00, 100.00, 20.00
10.00, 6935.00, 1563.00, 100.00, 100.00, 20.00
10.00, 6978.00, 1610.00, 100.00, 100.00, 20.00
10.00, 7017.00, 1650.00, 100.00, 100.00, 20.00
10.00, 7056.00, 1690.00, 100.00, 100.00, 20.00
10.00, 7095.00, 1732.00, 100.00, 100.00, 20.00
10.00, 7134.00, 1774.00, 100.00, 100.00, 20.00
10.00, 7173.00, 1816.00, 100.00, 100.00, 20.00
10.00, 7215.00, 1862.00, 100.00, 100.00, 20.00
10.00, 7255.00, 1903.00, 100.00, 100.00, 20.00
10.00, 7293.00, 1943.00, 100.00, 100.00, 20.00
10.00, 7333.00, 1987.00, 100.00, 100.00, 20.00
10.00, 7373.00, 2029.00, 100.00, 100.00, 20.00
10.00, 7412.00, 2070.00, 100.00, 100.00, 20.00
10.00, 7453.00, 2114.00, 100.00, 100.00, 20.00
10.00, 7494.00, 2155.00, 100.00, 100.00, 20.00
10.00, 7534.00, 2196.00, 100.00, 100.00, 20.00
10.00, 7572.00, 2239.00, 100.00, 100.00, 20.00
10.00, 7613.00, 2280.00, 100.00, 100.00, 20.00
10.00, 7653.00, 2321.00, 100.00, 100.00, 20.00
10.00, 7694.00, 2362.00, 100.00, 100.00, 20.00
10.00, 7735.00, 2404.00, 100.00, 100.00, 20.00
10.00, 7776.00, 2447.00, 100.00, 100.00, 20.00
10.00, 7816.00, 2486.00, 100.00, 100.00, 20.00
10.00, 7856.00, 2527.00, 100.00, 100.00, 20.00
10.00, 7896.00, 2568.00, 100.00, 100.00, 20.00
10.00, 7938.00, 2609.00, 100.00, 100.00, 20.00
10.00, 7980.00, 2652.00, 100.00, 100.00, 20.00
10.00, 8019.00, 2693.00, 100.00, 100.00, 20.00
10.00, 8058.00, 2734.00, 100.00, 100.00, 20.00
10.00, 8100.00, 2775.00, 100.00, 100.00, 20.00
10.00, 8140.00, 2816.00, 100.00, 100.00, 20.00
10.00, 8182.00, 2858.00, 100.00, 100.00, 20.00
10.00, 8222.00, 2903.00, 100.00, 100.00, 20.00
10.00, 8262.00, 2946.00, 100.00, 100.00, 20.00
10.00, 8303.00, 2987.00, 100.00, 100.00, 20.00
10.00, 8341.00, 3029.00, 100.00, 100.00, 20.00
10.00, 8383.00, 3071.00, 100.00, 100.00, 20.00
10.00, 8422.00, 3115.00, 100.00, 100.00, 20.00
10.00, 8462.00, 3158.00, 100.00, 100.00, 20.00
10.00, 8501.00, 3201.00, 100.00, 100.00, 20.00
10.00, 8541.00, 3244.00, 100.00, 100.00, 20.00
10.00, 8577.00, 3285.00, 100.00, 100.00, 20.00
10.00, 8617.00, 3327.00, 100.00, 100.00, 20.00
10.00, 8657.00, 3371.00, 100.00, 100.00, 20.00
10.00, 8695.00, 3414.00, 100.00, 100.00, 20.00
10.00, 8734.00, 3456.00, 100.00, 100.00, 20.00
10.00, 8777.00, 3499.00, 100.00, 100.00, 20.00
10.00, 8815.00, 3540.00, 100.00, 100.00, 20.00
10.00, 8853.00, 3583.00, 100.00, 100.00, 20.00
10.00, 8894.00, 3626.00, 100.00, 100.00, 20.00
10.00, 8934.00, 3667.00, 100.00, 100.00, 20.00
10.00, 8972.00, 3708.00, 100.00, 100.00, 20.00
10.00, 9012.00, 3749.00, 100.00, 100.00, 20.00
10.00, 9052.00, 3788.00, 100.00, 100.00, 20.00
10.00, 9092.00, 3829.00, 100.00, 100.00, 20.00
10.00, 9132.00, 3871.00, 100.00, 100.00, 20.00
10.00, 9173.00, 3915.00, 100.00, 100.00, 20.00
10.00, 9212.00, 3955.00, 100.00, 100.00, 20.00
10.00, 9253.00, 3996.00, 100.00, 100.00, 20.00
10.00, 9295.00, 4038.00, 100.00, 100.00, 20.00
10.00, 9334.00, 4078.00, 100.00, 100.00, 20.00
10.00, 9375.00, 4120.00, 100.00, 100.00, 20.00
10.00, 9414.00, 4165.00, 100.00, 100.00, 20.00
10.00, 9455.00, 4207.00, 100.00, 100.00, 20.00
10.00, 9494.00, 4248.00, 100.00, 100.00, 20.00
10.00, 9537.00, 4291.00, 100.00, 100.00, 20.00
10.00, 9575.00, 4332.00, 100.00, 100.00, 20.00
10.00, 9615.00, 4376.00, 100.00, 100.00, 20.00
10.00, 9657.00, 4421.00, 100.00, 100.00, 20.00
10.00, 9695.00, 4462.00, 100.00, 100.00, 20.00
10.00, 9735.00, 4505.00, 100.00, 100.00, 20.00
10.00, 9776.00, 4550.00, 100.00, 100.00, 20.00
10.00, 9815.00, 4591.00, 100.00, 100.00, 20.00
10.00, 9855.00, 4633.00, 100.00, 100.00, 20.00
10.00, 9895.00, 4678.00, 100.00, 100.00, 20.00
10.00, 9935.00, 4720.00, 100.00, 100.00, 20.00
10.00, 9974.00, 4761.00, 100.00, 100.00, 20.00
10.00, 10013.00, 4805.00, 100.00, 100.00, 20.00
10.00, 10054.00, 4848.00, 100.00, 100.00, 20.00
10.00, 10094.00, 4890.00, 100.00, 100.00, 20.00
10.00, 10132.00, 4935.00, 100.00, 100.00, 20.00
10.00, 10172.00, 4976.00, 100.00, 100.00, 20.00
10.00, 10212.00, 5015.00, 100.00, 100.00, 20.00
10.00, 10251.00, 5057.00, 100.00, 100.00, 20.00
10.00, 10292.00, 5099.00, 100.00, 100.00, 20.00
10.00, 10331.00, 5141.00, 100.00, 100.00, 20.00
10.00, 10370.00, 5184.00, 100.00, 100.00, 20.00
10.00, 10409.00, 5226.00, 100.00, 100.00, 20.00
10.00, 10447.00, 5267.00, 100.00, 100.00, 20.00
10.00, 10487.00, 5310.00, 100.00, 100.00, 20.00
10.00, 10526.00, 5351.00, 100.00, 100.00, 20.00
10.00, 10567.00, 5395.00, 100.00, 100.00, 20.00
10.00, 10606.00, 5441.00, 100.00, 100.00, 20.00
10.00, 10645.00, 5484.00, 100.00, 100.00, 20.00
10.00, 10684.00, 5524.00, 100.00, 100.00, 20.00
10.00, 10723.00, 5565.00, 100.00, 100.00, 20.00
10.00, 10761.00, 5609.00, 100.00, 100.00, 20.00
10.00, 10802.00, 5652.00, 100.00, 100.00, 20.00
10.00, 10843.00, 5697.00, 100.00, 100.00, 20.00
10.00, 10881.00, 5738.00, 100.00, 100.00, 20.00
10.00, 10920.00, 5780.00, 100.00, 100.00, 20.00
10.00, 10960.00, 5823.00, 100.00, 100.00, 20.00
10.00, 10998.00, 5866.00, 100.00, 100.00, 20.00
10.00, 11037.00, 5908.00, 100.00, 100.00, 20.00
10.00, 11078.00, 5952.00, 100.00, 100.00, 20.00
10.00, 11117.00, 5992.00, 100.00, 100.00, 20.00
10.00, 11155.00, 6034.00, 100.00, 100.00, 20.00
10.00, 11195.00, 6077.00, 100.00, 100.00, 20.00
10.00, 11234.00, 6119.00, 100.00, 100.00, 20.00
10.00, 11274.00, 6159.00, 100.00, 100.00, 20.00
10.00, 11315.00, 6203.00, 100.00, 100.00, 20.00
10.00, 11355.00, 6245.00, 100.00, 100.00, 20.00
11.00, 11394.00, 6286.00, 100.00, 100.00, 20.00
9.00, 11434.00, 6326.00, 100.00, 100.00, 20.00
11.00, 11474.00, 6366.00, 100.00, 100.00, 20.00
10.00, 11514.00, 6406.00, 100.00, 100.00, 20.00
9.00, 11555.00, 6449.00, 100.00, 100.00, 20.00
10.00, 11597.00, 6491.00, 100.00, 100.00, 20.00
10.00, 11636.00, 6532.00, 100.00, 100.00, 20.00
10.00, 11676.00, 6573.00, 100.00, 100.00, 20.00
10.00, 11717.00, 6613.00, 100.00, 100.00, 20.00
10.00, 11757.00, 6654.00, 100.00, 100.00, 20.00
11.00, 11799.00, 6698.00, 100.00, 100.00, 20.00
10.00, 11842.00, 6742.00, 100.00, 100.00, 20.00
10.00, 11881.00, 6784.00, 100.00, 100.00, 20.00
10.00, 11920.00, 6825.00, 100.00, 100.00, 20.00
10.00, 11961.00, 6866.00, 100.00, 100.00, 20.00
10.00, 12001.00, 6909.00, 100.00, 100.00, 20.00
10.00, 12042.00, 6952.00, 100.00, 100.00, 20.00
10.00, 12085.00, 6996.00, 100.00, 100.00, 20.00
10.00, 12124.00, 7038.00, 100.00, 100.00, 20.00
10.00, 12163.00, 7081.00, 100.00, 100.00, 20.00
10.00, 12205.00, 7122.00, 100.00, 100.00, 20.00
10.00, 12245.00, 7165.00, 100.00, 100.00, 20.00
10.00, 12285.00, 7210.00, 100.00, 100.00, 20.00
10.00, 12325.00, 7254.00, 100.00, 100.00, 20.00
10.00, 12365.00, 7296.00, 100.00, 100.00, 20.00
10.00, 12404.00, 7337.00, 100.00, 100.00, 20.00
10.00, 12443.00, 7379.00, 100.00, 100.00, 20.00
10.00, 12483.00, 7420.00, 100.00, 100.00, 20.00
10.00, 12523.00, 7463.00, 100.00, 100.00, 20.00
10.00, 12563.00, 7505.00, 100.00, 100.00, 20.00
10.00, 12603.00, 7547.00, 100.00, 100.00, 20.00
10.00, 12642.00, 7586.00, 100.00, 100.00, 20.00
10.00, 12680.00, 7626.00, 100.00, 100.00, 20.00
10.00, 12719.00, 7670.00, 100.00, 100.00, 20.00
10.00, 12759.00, 7711.00, 100.00, 100.00, 20.00
10.00, 12799.00, 7754.00, 100.00, 100.00, 20.00
10.00, 12839.00, 7796.00, 100.00, 100.00, 20.00
10.00, 12880.00, 7837.00, 100.00, 100.00, 20.00
10.00, 12919.00, 7876.00, 100.00, 100.00, 20.00
10.00, 12959.00, 7917.00, 100.00, 100.00, 20.00
10.00, 13000.00, 7959.00, 100.00, 100.00, 20.00
10.00, 13040.00, 8003.00, 100.00, 100.00, 20.00
10.00, 13079.00, 8045.00, 100.00, 100.00, 20.00
10.00, 13121.00, 8086.00, 100.00, 100.00, 20.00
10.00, 13161.00, 8128.00, 100.00, 100.00, 20.00
10.00, 13201.00, 8169.00, 100.00, 100.00, 20.00
10.00, 13241.00, 8212.00, 100.00, 100.00, 20.00
10.00, 13281.00, 8258.00, 100.00, 100.00, 20.00
10.00, 13321.00, 8300.00, 100.00, 100.00, 20.00
10.00, 13362.00, 8342.00, 100.00, 100.00, 20.00
10.00, 13403.00, 8385.00, 100.00, 100.00, 20.00
10.00, 13442.00, 8425.00, 100.00, 100.00, 20.00
10.00, 13483.00, 8469.00, 100.00, 100.00, 20.00
10.00, 13523.00, 8512.00, 100.00, 100.00, 20.00
10.00, 13562.00, 8552.00, 100.00, 100.00, 20.00
10.00, 13603.00, 8596.00, 100.00, 100.00, 20.00
10.00, 13644.00, 8639.00, 100.00, 100.00, 20.00
10.00, 13682.00, 8682.00, 100.00, 100.00, 20.00
10.00, 13722.00, 8724.00, 100.00, 100.00, 20.00
10.00, 13764.00, 8766.00, 100.00, 100.00, 20.00
10.00, 13803.00, 8807.00, 100.00, 100.00, 20.00
10.00, 13842.00, 8847.00, 100.00, 100.00, 20.00
10.00, 13882.00, 8889.00, 100.00, 100.00, 20.00
10.00, 13923.00, 8931.00, 100.00, 100.00, 20.00
10.00, 13963.00, 8972.00, 100.00, 100.00, 20.00
10.00, 14005.00, 9015.00, 100.00, 100.00, 20.00
10.00, 14043.00, 9055.00, 100.00, 100.00, 20.00
10.00, 14082.00, 9098.00, 100.00, 100.00, 20.00
10.00, 14122.00, 9140.00, 100.00, 100.00, 20.00
10.00, 14162.00, 9183.00, 100.00, 100.00, 20.00
10.00, 14201.00, 9225.00, 100.00, 100.00, 20.00
10.00, 14241.00, 9268.00, 100.00, 100.00, 20.00
10.00, 14280.00, 9312.00, 100.00, 100.00, 20.00
10.00, 14320.00, 9352.00, 100.00, 100.00, 20.00
10.00, 14360.00, 9396.00, 100.00, 100.00, 20.00
10.00, 14401.00, 9440.00, 100.00, 100.00, 20.00
10.00, 14439.00, 9481.00, 100.00, 100.00, 20.00
10.00, 14480.00, 9526.00, 100.00, 100.00, 20.00
10.00, 14520.00, 9569.00, 100.00, 100.00, 20.00
10.00, 14558.00, 9612.00, 100.00, 100.00, 20.00
10.00, 14598.00, 9655.00, 100.00, 100.00, 20.00
10.00, 14638.00, 9698.00, 100.00, 100.00, 20.00
10.00, 14678.00, 9741.00, 100.00, 100.00, 20.00
10.00, 14717.00, 9784.00, 100.00, 100.00, 20.00
10.00, 14757.00, 9826.00, 100.00, 100.00, 20.00
10.00, 14795.00, 9867.00, 100.00, 100.00, 20.00
10.00, 14832.00, 9911.00, 100.00, 100.00, 20.00
10.00, 14871.00, 9954.00, 100.00, 100.00, 20.00
10.00, 14912.00, 9994.00, 100.00, 100.00, 20.00
10.00, 14951.00, 10038.00, 100.00, 100.00, 20.00
10.00, 14989.00, 10081.00, 100.00, 100.00, 20.00
10.00, 15028.00, 10119.00, 100.00, 100.00, 20.00
10.00, 15068.00, 10162.00, 100.00, 100.00, 20.00
10.00, 15107.00, 10201.00, 100.00, 100.00, 20.00
10.00, 15147.00, 10244.00, 100.00, 100.00, 20.00
10.00, 15186.00, 10286.00, 100.00, 100.00, 20.00
10.00, 15226.00, 10327.00, 100.00, 100.00, 20.00
10.00, 15265.00, 10368.00, 100.00, 100.00, 20.00
10.00, 15305.00, 10410.00, 100.00, 100.00, 20.00
10.00, 15344.00, 10449.00, 100.00, 100.00, 20.00
10.00, 15384.00, 10491.00, 100.00, 100.00, 20.00
10.00, 15426.00, 10534.00, 100.00, 100.00, 20.00
10.00, 15466.00, 10577.00, 100.00, 100.00, 20.00
10.00, 15506.00, 10618.00, 100.00, 100.00, 20.00
10.00, 15547.00, 10660.00, 100.00, 100.00, 20.00
10.00, 15588.00, 10702.00, 100.00, 100.00, 20.00
10.00, 15626.00, 10744.00, 100.00, 100.00, 20.00
10.00, 15668.00, 10787.00, 100.00, 100.00, 20.00
10.00, 15709.00, 10829.00, 100.00, 100.00, 20.00
10.00, 15748.00, 10871.00, 100.00, 100.00, 20.00
10.00, 15788.00, 10913.00, 100.00, 100.00, 20.00
10.00, 15829.00, 10954.00, 100.00, 100.00, 20.00
10.00, 15870.00, 10998.00, 100.00, 100.00, 20.00
10.00, 15911.00, 11041.00, 100.00, 100.00, 20.00
10.00, 15955.00, 11084.00, 100.00, 100.00, 20.00
10.00, 15993.00, 11126.00, 100.00, 100.00, 20.00
10.00, 16033.00, 11169.00, 100.00, 100.00, 20.00
10.00, 16073.00, 11211.00, 100.00, 100.00, 20.00
10.00, 16111.00, 11250.00, 100.00, 100.00, 20.00
10.00, 16152.00, 11294.00, 100.00, 100.00, 20.00
10.00, 16193.00, 11339.00, 100.00, 100.00, 20.00
10.00, 16232.00, 11378.00, 100.00, 100.00, 20.00
10.00, 16271.00, 11416.00, 100.00, 100.00, 20.00
10.00, 16312.00, 11458.00, 100.00, 100.00, 20.00
10.00, 16352.00, 11500.00, 100.00, 100.00, 20.00
10.00, 16392.00, 11542.00, 100.00, 100.00, 20.00
10.00, 16434.00, 11587.00, 100.00, 100.00, 20.00
10.00, 16473.00, 11627.00, 100.00, 100.00, 20.00
10.00, 16512.00, 11667.00, 100.00, 100.00, 20.00
10.00, 16553.00, 11708.00, 100.00, 100.00, 20.00
10.00, 16592.00, 11750.00, 100.00, 100.00, 20.00
10.00, 16631.00, 11792.00, 100.00, 100.00, 20.00
10.00, 16673.00, 11837.00, 100.00, 100.00, 20.00
10.00, 16713.00, 11879.00, 100.00, 100.00, 20.00
10.00, 16751.00, 11918.00, 100.00, 100.00, 20.00
10.00, 16791.00, 11958.00, 100.00, 100.00, 20.00
10.00, 16831.00, 12001.00, 100.00, 100.00, 20.00
10.00, 16871.00, 12043.00, 100.00, 100.00, 20.00
10.00, 16912.00, 12089.00, 100.00, 100.00, 20.00
10.00, 16953.00, 12132.00, 100.00, 100.00, 20.00
10.00, 16993.00, 12171.00, 100.00, 100.00, 20.00
10.00, 17033.00, 12211.00, 100.00, 100.00, 20.00
10.00, 17073.00, 12253.00, 100.00, 100.00, 20.00
10.00, 17112.00, 12295.00, 100.00, 100.00, 20.00
10.00, 17153.00, 12340.00, 100.00, 100.00, 20.00
10.00, 17194.00, 12383.00, 100.00, 100.00, 20.00
10.00, 17233.00, 12424.00, 100.00, 100.00, 20.00
10.00, 17273.00, 12465.00, 100.00, 100.00, 20.00
10.00, 17312.00, 12507.00, 100.00, 100.00, 20.00
10.00, 17353.00, 12548.00, 100.00, 100.00, 20.00
10.00, 17392.00, 12590.00, 100.00, 100.00, 20.00
10.00, 17432.00, 12631.00, 100.00, 100.00, 20.00
10.00, 17472.00, 12671.00, 100.00, 100.00, 20.00
10.00, 17513.00, 12712.00, 100.00, 100.00, 20.00
10.00, 17553.00, 12754.00, 100.00, 100.00, 20.00
10.00, 17592.00, 12794.00, 100.00, 100.00, 20.00
10.00, 17632.00, 12835.00, 100.00, 100.00, 20.00
10.00, 17673.00, 12877.00, 100.00, 100.00, 20.00
10.00, 17715.00, 12918.00, 100.00, 100.00, 20.00
10.00, 17754.00, 12961.00, 100.00, 100.00, 20.00
10.00, 17793.00, 13002.00, 100.00, 100.00, 20.00
10.00, 17834.00, 13044.00, 100.00, 100.00, 20.00
10.00, 17875.00, 13087.00, 100.00, 100.00, 20.00
10.00, 17914.00, 13129.00, 100.00, 100.00, 20.00
10.00, 17954.00, 13170.00, 100.00, 100.00, 20.00
10.00, 17994.00, 13212.00, 100.00, 100.00, 20.00
10.00, 18034.00, 13255.00, 100.00, 100.00, 20.00
10.00, 18075.00, 13297.00, 100.00, 100.00, 20.00
10.00, 18116.00, 13339.00, 100.00, 100.00, 20.00
10.00, 18157.00, 13383.00, 100.00, 100.00, 20.00
10.00, 18194.00, 13426.00, 100.00, 100.00, 20.00
10.00, 18234.00, 13470.00, 100.00, 100.00, 20.00
10.00, 18276.00, 13512.00, 100.00, 100.00, 20.00
10.00, 18314.00, 13553.00, 100.00, 100.00, 20.00
10.00, 18355.00, 13596.00, 100.00, 100.00, 20.00
10.00, 18396.00, 13639.00, 100.00, 100.00, 20.00
10.00, 18435.00, 13681.00, 100.00, 100.00, 20.00
10.00, 18475.00, 13725.00, 100.00, 100.00, 20.00
10.00, 18516.00, 13766.00, 100.00, 100.00, 20.00
10.00, 18555.00, 13807.00, 100.00, 100.00, 20.00
10.00, 18595.00, 13848.00, 100.00, 100.00, 20.00
10.00, 18634.00, 13893.00, 100.00, 100.00, 20.00
10.00, 18673.00, 13933.00, 100.00, 100.00, 20.00
10.00, 18712.00, 13974.00, 100.00, 100.00, 20.00
10.00, 18752.00, 14016.00, 100.00, 100.00, 20.00
10.00, 18790.00, 14057.00, 100.00, 100.00, 20.00
10.00, 18831.00, 14094.00, 100.00, 100.00, 20.00
10.00, 18870.00, 14138.00, 100.00, 100.00, 20.00
10.00, 18908.00, 14179.00, 100.00, 100.00, 20.00
10.00, 18947.00, 14218.00, 100.00, 100.00, 20.00
10.00, 18986.00, 14262.00, 100.00, 100.00, 20.00
10.00, 19026.00, 14301.00, 100.00, 100.00, 20.00
10.00, 19064.00, 14342.00, 100.00, 100.00, 20.00
10.00, 19105.00, 14386.00, 100.00, 100.00, 20.00
10.00, 19145.00, 14428.00, 100.00, 100.00, 20.00
10.00, 19184.00, 14469.00, 100.00, 100.00, 20.00
10.00, 19224.00, 14511.00, 100.00, 100.00, 20.00
10.00, 19265.00, 14552.00, 100.00, 100.00, 20.00
10.00, 19304.00, 14592.00, 100.00, 100.00, 20.00
10.00, 19344.00, 14634.00, 100.00, 100.00, 20.00
10.00, 19385.00, 14676.00, 100.00, 100.00, 20.00
10.00, 19424.00, 14718.00, 100.00, 100.00, 20.00
10.00, 19463.00, 14759.00, 100.00, 100.00, 20.00
10.00, 19505.00, 14802.00, 100.00, 100.00, 20.00
10.00, 19547.00, 14845.00, 100.00, 100.00, 20.00
10.00, 19586.00, 14886.00, 100.00, 100.00, 20.00
10.00, 19627.00, 14929.00, 100.00, 100.00, 20.00
10.00, 19668.00, 14971.00, 100.00, 100.00, 20.00
10.00, 19707.00, 15012.00, 100.00, 100.00, 20.00
10.00, 19748.00, 15053.00, 100.00, 100.00, 20.00
10.00, 19789.00, 15095.00, 100.00, 100.00, 20.00
10.00, 19829.00, 15137.00, 100.00, 100.00, 20.00
10.00, 19868.00, 15180.00, 100.00, 100.00, 20.00
10.00, 19907.00, 15218.00, 100.00, 100.00, 20.00
10.00, 19947.00, 15259.00, 100.00, 100.00, 20.00
10.00, 19987.00, 15302.00, 100.00, 100.00, 20.00
10.00, 20027.00, 15344.00, 100.00, 100.00, 20.00
10.00, 20068.00, 15384.00, 100.00, 100.00, 20.00
10.00, 20107.00, 15429.00, 100.00, 100.00, 20.00
10.00, 20146.00, 15470.00, 100.00, 100.00, 20.00
10.00, 20188.00, 15510.00, 100.00, 100.00, 20.00
10.00, 20227.00, 15551.00, 100.00, 100.00, 20.00
10.00, 20267.00, 15594.00, 100.00, 100.00, 20.00
10.00, 20308.00, 15637.00, 100.00, 100.00, 20.00
10.00, 20349.00, 15680.00, 100.00, 100.00, 20.00
10.00, 20388.00, 15721.00, 100.00, 100.00, 20.00
10.00, 20426.00, 15762.00, 100.00, 100.00, 20.00
10.00, 20469.00, 15806.00, 100.00, 100.00, 20.00
10.00, 20507.00, 15849.00, 100.00, 100.00, 20.00
10.00, 20549.00, 15892.00, 100.00, 100.00, 20.00
10.00, 20591.00, 15935.00, 100.00, 100.00, 20.00
10.00, 20629.00, 15977.00, 100.00, 100.00, 20.00
10.00, 20669.00, 16018.00, 100.00, 100.00, 20.00
10.00, 20709.00, 16059.00, 100.00, 100.00, 20.00
10.00, 20748.00, 16102.00, 100.00, 100.00, 20.00
10.00, 20790.00, 16145.00, 100.00, 100.00, 20.00
10.00, 20832.00, 16188.00, 100.00, 100.00, 20.00
10.00, 20869.00, 16228.00, 100.00, 100.00, 20.00
10.00, 20908.00, 16270.00, 100.00, 100.00, 20.00
10.00, 20948.00, 16313.00, 100.00, 100.00, 20.00
10.00, 20986.00, 16353.00, 100.00, 100.00, 20.00
10.00, 21027.00, 16396.00, 100.00, 100.00, 20.00
10.00, 21071.00, 16440.00, 100.00, 100.00, 20.00
10.00, 21108.00, 16479.00, 100.00, 100.00, 20.00
10.00, 21147.00, 16519.00, 100.00, 100.00, 20.00
10.00, 21187.00, 16560.00, 100.00, 100.00, 20.00
10.00, 21226.00, 16600.00, 100.00, 100.00, 20.00
10.00, 21264.00, 16640.00, 100.00, 100.00, 20.00
10.00, 21306.00, 16685.00, 100.00, 100.00, 20.00
10.00, 21345.00, 16727.00, 100.00, 100.00, 20.00
10.00, 21383.00, 16767.00, 100.00, 100.00, 20.00
10.00, 21423.00, 16809.00, 100.00, 100.00, 20.00
10.00, 21463.00, 16852.00, 100.00, 100.00, 20.00
10.00, 21502.00, 16892.00, 100.00, 100.00, 20.00
10.00, 21544.00, 16936.00, 100.00, 100.00, 20.00
10.00, 21585.00, 16978.00, 100.00, 100.00, 20.00
10.00, 21625.00, 17019.00, 100.00, 100.00, 20.00
10.00, 21664.00, 17062.00, 100.00, 100.00, 20.00
10.00, 21704.00, 17104.00, 100.00, 100.00, 20.00
10.00, 21744.00, 17146.00, 100.00, 100.00, 20.00
10.00, 21785.00, 17192.00, 100.00, 100.00, 20.00
10.00, 21827.00, 17235.00, 100.00, 100.00, 20.00
10.00, 21865.00, 17277.00, 100.00, 100.00, 20.00
10.00, 21906.00, 17319.00, 100.00, 100.00, 20.00
10.00, 21947.00, 17362.00, 100.00, 100.00, 20.00
10.00, 21987.00, 17404.00, 100.00, 100.00, 20.00
10.00, 22026.00, 17446.00, 100.00, 100.00, 20.00
10.00, 22067.00, 17489.00, 100.00, 100.00, 20.00
10.00, 22107.00, 17532.00, 100.00, 100.00, 20.00
10.00, 22148.00, 17574.00, 100.00, 100.00, 20.00
10.00, 22189.00, 17615.00, 100.00, 100.00, 20.00
10.00, 22230.00, 17656.00, 100.00, 100.00, 20.00
10.00, 22270.00, 17701.00, 100.00, 100.00, 20.00
10.00, 22310.00, 17745.00, 100.00, 100.00, 20.00
10.00, 22349.00, 17786.00, 100.00, 100.00, 20.00
10.00, 22389.00, 17825.00, 100.00, 100.00, 20.00
10.00, 22428.00, 17865.00, 100.00, 100.00, 20.00
10.00, 22467.00, 17906.00, 100.00, 100.00, 20.00
10.00, 22507.00, 17947.00, 100.00, 100.00, 20.00
10.00, 22548.00, 17993.00, 100.00, 100.00, 20.00
10.00, 22587.00, 18034.00, 100.00, 100.00, 20.00
10.00, 22626.00, 18074.00, 100.00, 100.00, 20.00
10.00, 22665.00, 18114.00, 100.00, 100.00, 20.00
10.00, 22705.00, 18156.00, 100.00, 100.00, 20.00
10.00, 22745.00, 18198.00, 100.00, 100.00, 20.00
10.00, 22784.00, 18243.00, 100.00, 100.00, 20.00
10.00, 22823.00, 18284.00, 100.00, 100.00, 20.00
10.00, 22863.00, 18326.00, 100.00, 100.00, 20.00
10.00, 22902.00, 18367.00, 100.00, 100.00, 20.00
10.00, 22941.00, 18409.00, 100.00, 100.00, 20.00
10.00, 22981.00, 18449.00, 100.00, 100.00, 20.00
10.00, 23020.00, 18493.00, 100.00, 100.00, 20.00
10.00, 23059.00, 18534.00, 100.00, 100.00, 20.00
10.00, 23099.00, 18576.00, 100.00, 100.00, 20.00
10.00, 23139.00, 18618.00, 100.00, 100.00, 20.00
10.00, 23177.00, 18659.00, 100.00, 100.00, 20.00
10.00, 23218.00, 18701.00, 100.00, 100.00, 20.00
10.00, 23257.00, 18743.00, 100.00, 100.00, 20.00
10.00, 23297.00, 18785.00, 100.00, 100.00, 20.00
10.00, 23337.00, 18826.00, 100.00, 100.00, 20.00
10.00, 23378.00, 18867.00, 100.00, 100.00, 20.00
10.00, 23418.00, 18908.00, 100.00, 100.00, 20.00
10.00, 23457.00, 18950.00, 100.00, 100.00, 20.00
10.00, 23499.00, 18991.00, 100.00, 100.00, 20.00
10.00, 23538.00, 19031.00, 100.00, 100.00, 20.00
10.00, 23578.00, 19071.00, 100.00, 100.00, 20.00
10.00, 23619.00, 19114.00, 100.00, 100.00, 20.00
10.00, 23659.00, 19154.00, 100.00, 100.00, 20.00
10.00, 23698.00, 19195.00, 100.00, 100.00, 20.00
10.00, 23739.00, 19237.00, 100.00, 100.00, 20.00
10.00, 23779.00, 19280.00, 100.00, 100.00, 20.00
10.00, 23817.00, 19320.00, 100.00, 100.00, 20.00
10.00, 23858.00, 19363.00, 100.00, 100.00, 20.00
10.00, 23897.00, 19406.00, 100.00, 100.00, 20.00
10.00, 23936.00, 19446.00, 100.00, 100.00, 20.00
10.00, 23976.00, 19489.00, 100.00, 100.00, 20.00
10.00, 24018.00, 19532.00, 100.00, 100.00, 20.00
10.00, 24058.00, 19572.00, 100.00, 100.00, 20.00
10.00, 24097.00, 19617.00, 100.00, 100.00, 20.00
10.00, 24138.00, 19660.00, 100.00, 100.00, 20.00
10.00, 24179.00, 19702.00, 100.00, 100.00, 20.00
10.00, 24218.00, 19745.00, 100.00, 100.00, 20.00
10.00, 24258.00, 19788.00, 100.00, 100.00, 20.00
10.00, 24297.00, 19828.00, 100.00, 100.00, 20.00
10.00, 24338.00, 19871.00, 100.00, 100.00, 20.00
10.00, 24380.00, 19915.00, 100.00, 100.00, 20.00
10.00, 24420.00, 19957.00, 100.00, 100.00, 20.00
10.00, 24459.00, 19998.00, 100.00, 100.00, 20.00
10.00, 24503.00, 20041.00, 100.00, 100.00, 20.00
10.00, 24541.00, 20083.00, 100.00, 100.00, 20.00
10.00, 24581.00, 20125.00, 100.00, 100.00, 20.00
10.00, 24622.00, 20166.00, 100.00, 100.00, 20.00
10.00, 24664.00, 20207.00, 100.00, 100.00, 20.00
10.00, 24703.00, 20247.00, 100.00, 100.00, 20.00
10.00, 24744.00, 20291.00, 100.00, 100.00, 20.00
10.00, 24784.00, 20329.00, 100.00, 100.00, 20.00
10.00, 24822.00, 20369.00, 100.00, 100.00, 20.00
10.00, 24862.00, 20411.00, 100.00, 100.00, 20.00
10.00, 24903.00, 20452.00, 100.00, 100.00, 20.00
10.00, 24941.00, 20491.00, 100.00, 100.00, 20.00
10.00, 24981.00, 20538.00, 100.00, 100.00, 20.00
10.00, 25019.00, 20580.00, 100.00, 100.00, 20.00
10.00, 25058.00, 20619.00, 100.00, 100.00, 20.00
10.00, 25097.00, 20661.00, 100.00, 100.00, 20.00
10.00, 25138.00, 20704.00, 100.00, 100.00, 20.00
10.00, 25177.00, 20745.00, 100.00, 100.00, 20.00
10.00, 25215.00, 20788.00, 100.00, 100.00, 20.00
10.00, 25254.00, 20831.00, 100.00, 100.00, 20.00
10.00, 25294.00, 20872.00, 100.00, 100.00, 20.00
10.00, 25333.00, 20915.00, 100.00, 100.00, 20.00
10.00, 25372.00, 20958.00, 100.00, 100.00, 20.00
10.00, 25414.00, 21001.00, 100.00, 100.00, 20.00
10.00, 25454.00, 21045.00, 100.00, 100.00, 20.00
10.00, 25493.00, 21088.00, 100.00, 100.00, 20.00
10.00, 25532.00, 21130.00, 100.00, 100.00, 20.00
10.00, 25571.00, 21173.00, 100.00, 100.00, 20.00
10.00, 25612.00, 21215.00, 100.00, 100.00, 20.00
10.00, 25653.00, 21257.00, 100.00, 100.00, 20.00
10.00, 25694.00, 21300.00, 100.00, 100.00, 20.00
10.00, 25734.00, 21344.00, 100.00, 100.00, 20.00
10.00, 25773.00, 21386.00, 100.00, 100.00, 20.00
10.00, 25813.00, 21426.00, 100.00, 100.00, 20.00
10.00, 25852.00, 21469.00, 100.00, 100.00, 20.00
10.00, 25895.00, 21512.00, 100.00, 100.00, 20.00
10.00, 25936.00, 21554.00, 100.00, 100.00, 20.00
10.00, 25974.00, 21595.00, 100.00, 100.00, 20.00
10.00, 26014.00, 21636.00, 100.00, 100.00, 20.00
10.00, 26056.00, 21678.00, 100.00, 100.00, 20.00
10.00, 26095.00, 21719.00, 100.00, 100.00, 20.00
10.00, 26134.00, 21759.00, 100.00, 100.00, 20.00
10.00, 26176.00, 21806.00, 100.00, 100.00, 20.00
10.00, 26216.00, 21849.00, 100.00, 100.00, 20.00
10.00, 26255.00, 21888.00, 100.00, 100.00, 20.00
10.00, 26296.00, 21928.00, 100.00, 100.00, 20.00
10.00, 26335.00, 21971.00, 100.00, 100.00, 20.00
10.00, 26373.00, 22014.00, 100.00, 100.00, 20.00
10.00, 26414.00, 22060.00, 100.00, 100.00, 20.00
10.00, 26454.00, 22102.00, 100.00, 100.00, 20.00
10.00, 26492.00, 22142.00, 100.00, 100.00, 20.00
10.00, 26532.00, 22185.00, 100.00, 100.00, 20.00
10.00, 26571.00, 22226.00, 100.00, 100.00, 20.00
10.00, 26612.00, 22268.00, 100.00, 100.00, 20.00
10.00, 26651.00, 22313.00, 100.00, 100.00, 20.00
10.00, 26692.00, 22355.00, 100.00, 100.00, 20.00
10.00, 26731.00, 22394.00, 100.00, 100.00, 20.00
10.00, 26769.00, 22436.00, 100.00, 100.00, 20.00
10.00, 26809.00, 22479.00, 100.00, 100.00, 20.00
10.00, 26848.00, 22520.00, 100.00, 100.00, 20.00
10.00, 26888.00, 22563.00, 100.00, 100.00, 20.00
10.00, 26929.00, 22606.00, 100.00, 100.00, 20.00
10.00, 26968.00, 22647.00, 100.00, 100.00, 20.00
10.00, 27007.00, 22686.00, 100.00, 100.00, 20.00
10.00, 27047.00, 22728.00, 100.00, 100.00, 20.00
10.00, 27086.00, 22769.00, 100.00, 100.00, 20.00
10.00, 27123.00, 22808.00, 100.00, 100.00, 20.00
10.00, 27165.00, 22849.00, 100.00, 100.00, 20.00
10.00, 27206.00, 22891.00, 100.00, 100.00, 20.00
10.00, 27244.00, 22931.00, 100.00, 100.00, 20.00
10.00, 27284.00, 22971.00, 100.00, 100.00, 20.00
10.00, 27324.00, 23013.00, 100.00, 100.00, 20.00
10.00, 27364.00, 23054.00, 100.00, 100.00, 20.00
10.00, 27405.00, 23095.00, 100.00, 100.00, 20.00
10.00, 27446.00, 23138.00, 100.00, 100.00, 20.00
10.00, 27485.00, 23179.00, 100.00, 100.00, 20.00
10.00, 27525.00, 23219.00, 100.00, 100.00, 20.00
10.00, 27565.00, 23262.00, 100.00, 100.00, 20.00
10.00, 27602.00, 23303.00, 100.00, 100.00, 20.00
10.00, 27642.00, 23346.00, 100.00, 100.00, 20.00
10.00, 27682.00, 23388.00, 100.00, 100.00, 20.00
10.00, 27723.00, 23431.00, 100.00, 100.00, 20.00
10.00, 27762.00, 23474.00, 100.00, 100.00, 20.00
10.00, 27802.00, 23516.00, 100.00, 100.00, 20.00
10.00, 27843.00, 23557.00, 100.00, 100.00, 20.00
10.00, 27884.00, 23602.00, 100.00, 100.00, 20.00
10.00, 27923.00, 23644.00, 100.00, 100.00, 20.00
10.00, 27964.00, 23686.00, 100.00, 100.00, 20.00
10.00, 28005.00, 23729.00, 100.00, 100.00, 20.00
10.00, 28043.00, 23770.00, 100.00, 100.00, 20.00
10.00, 28084.00, 23811.00, 100.00, 100.00, 20.00
10.00, 28126.00, 23855.00, 100.00, 100.00, 20.00
10.00, 28166.00, 23897.00, 100.00, 100.00, 20.00
10.00, 28205.00, 23940.00, 100.00, 100.00, 20.00
10.00, 28249.00, 23982.00, 100.00, 100.00, 20.00
10.00, 28289.00, 24021.00, 100.00, 100.00, 20.00
10.00, 28329.00, 24063.00, 100.00, 100.00, 20.00
10.00, 28370.00, 24105.00, 100.00, 100.00, 20.00
10.00, 28411.00, 24145.00, 100.00, 100.00, 20.00
10.00, 28451.00, 24186.00, 100.00, 100.00, 20.00
10.00, 28493.00, 24227.00, 100.00, 100.00, 20.00
10.00, 28532.00, 24266.00, 100.00, 100.00, 20.00
10.00, 28572.00, 24307.00, 100.00, 100.00, 20.00
10.00, 28613.00, 24349.00, 100.00, 100.00, 20.00
10.00, 28653.00, 24393.00, 100.00, 100.00, 20.00
10.00, 28692.00, 24433.00, 100.00, 100.00, 20.00
10.00, 28734.00, 24474.00, 100.00, 100.00, 20.00
10.00, 28774.00, 24515.00, 100.00, 100.00, 20.00
10.00, 28811.00, 24557.00, 100.00, 100.00, 20.00
10.00, 28853.00, 24600.00, 100.00, 100.00, 20.00
10.00, 28893.00, 24645.00, 100.00, 100.00, 20.00
10.00, 28930.00, 24687.00, 100.00, 100.00, 20.00
10.00, 28970.00, 24727.00, 100.00, 100.00, 20.00
10.00, 29010.00, 24770.00, 100.00, 100.00, 20.00
10.00, 29047.00, 24810.00, 100.00, 100.00, 20.00
10.00, 29087.00, 24855.00, 100.00, 100.00, 20.00
10.00, 29127.00, 24900.00, 100.00, 100.00, 20.00
