16962.00, 1833.00, 68.00, 99.32, 99.32, 3.00
10.00, 1836.00, 70.00, 95.37, -99.10, 3.00
10.00, 1848.00, 72.00, 95.48, -99.10, 3.00
10.00, 1865.00, 69.00, 95.93, -98.98, 3.00
10.00, 1885.00, 58.00, 96.61, -99.10, 3.00
10.00, 1913.00, 39.00, 97.29, -99.10, 3.00
10.00, 1939.00, 15.00, 97.97, -99.21, 3.00
10.00, 1969.00, -10.00, 98.42, -99.32, 3.00
10.00, 1999.00, -39.00, 98.87, -99.44, 3.00
10.00, 2033.00, -69.00, 99.10, -99.55, 3.00
10.00, 2067.00, -101.00, 99.32, -99.66, 3.00
10.00, 2102.00, -133.00, 99.55, -99.66, 3.00
10.00, 2137.00, -168.00, 99.66, -99.77, 3.00
10.00, 2172.00, -205.00, 99.66, -99.77, 3.00
10.00, 2207.00, -241.00, 99.77, -99.77, 3.00
10.00, 2244.00, -277.00, 99.77, -99.89, 3.00
10.00, 2282.00, -315.00, 99.77, -99.89, 3.00
10.00, 2320.00, -353.00, 99.89, -99.89, 3.00
10.00, 2358.00, -390.00, 99.89, -99.89, 3.00
10.00, 2395.00, -430.00, 99.89, -99.89, 3.00
10.00, 2432.00, -471.00, 99.89, -99.89, 3.00
10.00, 2470.00, -511.00, 99.89, -99.89, 3.00
10.00, 2509.00, -550.00, 99.89, -99.89, 3.00
10.00, 2547.00, -588.00, 99.89, -99.89, 3.00
10.00, 2586.00, -631.00, 99.89, -99.89, 3.00
10.00, 2627.00, -671.00, 99.89, -99.89, 3.00
10.00, 2664.00, -713.00, 99.89, -99.89, 3.00
10.00, 2701.00, -756.00, 99.89, -99.89, 3.00
10.00, 2741.00, -797.00, 99.89, -99.77, 3.00
10.00, 2781.00, -836.00, 99.89, -99.77, 3.00
10.00, 2821.00, -875.00, 99.89, -99.77, 3.00
10.00, 2862.00, -917.00, 99.89, -99.66, 3.00
10.00, 2902.00, -959.00, 99.89, -99.55, 3.00
10.00, 2940.00, -1001.00, 99.77, -99.32, 3.00
10.00, 2977.00, -1042.00, 99.77, -98.98, 3.00
10.00, 3018.00, -1082.00, 99.77, -98.53, 3.00
10.00, 3056.00, -1121.00, 99.66, -97.63, 3.00
10.00, 3096.00, -1160.00, 99.55, -96.05, 3.00
10.00, 3134.00, -1202.00, 99.32, -93.33, 3.00
10.00, 3173.00, -1243.00, 99.10, -88.47, 3.00
10.00, 3211.00, -1281.00, 98.64, -79.77, 3.00
10.00, 3249.00, -1320.00, 98.08, -65.31, 3.00
10.00, 3288.00, -1355.00, 97.06, -43.95, 3.00
10.00, 3327.00, -1388.00, 95.48, -15.82, 3.00
10.00, 3365.00, -1418.00, 92.99, 13.45, 3.00
10.00, 3404.00, -1443.00, 89.15, 40.00, 3.00
10.00, 3441.00, -1460.00, 83.05, 59.89, 3.00
10.00, 3477.00, -1469.00, 74.12, 72.43, 3.00
10.00, 3513.00, -1469.00, 62.26, 80.00, 3.00
10.00, 3547.00, -1461.00, 44.97, 84.75, 3.00
10.00, 3580.00, -1448.00, 25.76, 87.57, 3.00
10.00, 3609.00, -1429.00, 4.86, 89.38, 3.00
10.00, 3634.00, -1406.00, -14.46, 90.40, 3.00
10.00, 3654.00, -1381.00, -30.51, 90.96, 3.00
10.00, 3667.00, -1354.00, -42.82, 91.19, 3.00
10.00, 3673.00, -1325.00, -50.40, 91.19, 3.00
10.00, 3673.00, -1295.00, -53.67, 90.96, 3.00
10.00, 3668.00, -1262.00, -54.12, 90.17, 3.00
10.00, 3658.00, -1229.00, -52.77, 89.15, 3.00
10.00, 3644.00, -1196.00, -48.47, 87.34, 3.00
10.00, 3629.00, -1162.00, -41.69, 84.97, 3.00
10.00, 3614.00, -1128.00, -34.01, 81.69, 3.00
10.00, 3598.00, -1093.00, -24.41, 77.06, 3.00
10.00, 3585.00, -1058.00, -15.14, 70.40, 3.00
10.00, 3573.00, -1025.00, -5.42, 61.24, 3.00
10.00, 3562.00, -991.00, 2.26, 49.38, 3.00
10.00, 3554.00, -959.00, 9.38, 34.69, 3.00
10.00, 3548.00, -933.00, 15.14, 16.38, 3.00
10.00, 3546.00, -910.00, 19.55, -0.56, 3.00
10.00, 3546.00, -890.00, 21.47, -16.95, 3.00
10.00, 3548.00, -874.00, 21.47, -31.53, 3.00
10.00, 3552.00, -861.00, 20.90, -43.50, 3.00
10.00, 3558.00, -857.00, 18.31, -52.54, 3.00
10.00, 3564.00, -859.00, 15.14, -59.10, 3.00
10.00, 3570.00, -868.00, 11.30, -62.94, 3.00
10.00, 3575.00, -880.00, 6.78, -64.41, 3.00
10.00, 3579.00, -895.00, 3.62, -64.18, 3.00
10.00, 3583.00, -912.00, 1.02, -63.05, 3.00
10.00, 3585.00, -932.00, -1.47, -60.56, 3.00
10.00, 3588.00, -952.00, -3.50, -56.72, 3.00
10.00, 3589.00, -973.00, -4.75, -51.75, 3.00
10.00, 3589.00, -995.00, -6.10, -45.65, 3.00
10.00, 3589.00, -1015.00, -6.10, -37.63, 3.00
10.00, 3588.00, -1036.00, -6.10, -28.59, 3.00
10.00, 3587.00, -1054.00, -5.42, -18.31, 3.00
10.00, 3586.00, -1070.00, -4.75, -7.91, 3.00
10.00, 3585.00, -1084.00, -4.63, 1.69, 3.00
10.00, 3584.00, -1095.00, -3.95, 10.73, 3.00
10.00, 3583.00, -1101.00, -2.60, 18.98, 3.00
10.00, 3582.00, -1104.00, -2.49, 25.42, 3.00
10.00, 3581.00, -1104.00, -1.02, 29.83, 3.00
10.00, 3581.00, -1102.00, 0.00, 32.32, 3.00
10.00, 3581.00, -1097.00, 0.23, 34.01, 3.00
10.00, 3581.00, -1090.00, 0.68, 34.01, 3.00
10.00, 3581.00, -1083.00, 1.36, 33.11, 3.00
10.00, 3581.00, -1073.00, 2.15, 31.19, 3.00
10.00, 3581.00, -1063.00, 3.28, 29.04, 3.00
10.00, 3581.00, -1052.00, 4.75, 25.42, 3.00
10.00, 3581.00, -1042.00, 6.55, 22.03, 3.00
10.00, 3582.00, -1032.00, 8.70, 18.53, 3.00
10.00, 3583.00, -1023.00, 10.85, 14.80, 3.00
10.00, 3584.00, -1015.00, 13.56, 11.86, 3.00
10.00, 3586.00, -1008.00, 16.84, 9.49, 3.00
10.00, 3588.00, -1002.00, 20.79, 7.57, 3.00
10.00, 3592.00, -997.00, 24.18, 5.99, 3.00
10.00, 3597.00, -991.00, 28.25, 5.08, 3.00
10.00, 3604.00, -987.00, 31.86, 4.41, 3.00
10.00, 3611.00, -985.00, 35.48, 3.84, 3.00
10.00, 3619.00, -983.00, 39.10, 3.73, 3.00
10.00, 3628.00, -982.00, 43.05, 3.62, 3.00
10.00, 3641.00, -981.00, 45.99, 3.39, 3.00
10.00, 3653.00, -980.00, 48.70, 3.28, 3.00
10.00, 3668.00, -979.00, 50.62, 3.16, 3.00
10.00, 3683.00, -979.00, 51.86, 3.05, 3.00
10.00, 3701.00, -978.00, 53.11, 2.60, 3.00
10.00, 3719.00, -978.00, 52.99, 2.49, 3.00
10.00, 3736.00, -978.00, 52.66, 2.03, 3.00
10.00, 3756.00, -977.00, 51.64, 1.47, 3.00
10.00, 3774.00, -977.00, 49.94, 1.24, 3.00
10.00, 3795.00, -977.00, 47.80, 0.68, 3.00
10.00, 3814.00, -977.00, 45.20, 0.11, 3.00
10.00, 3835.00, -977.00, 42.15, -0.34, 3.00
10.00, 3854.00, -976.00, 38.64, -0.68, 3.00
10.00, 3874.00, -976.00, 35.37, -1.24, 3.00
10.00, 3891.00, -976.00, 32.43, -1.92, 3.00
10.00, 3906.00, -976.00, 29.94, -2.49, 3.00
10.00, 3922.00, -976.00, 28.02, -3.05, 3.00
10.00, 3937.00, -977.00, 26.55, -4.07, 3.00
10.00, 3951.00, -977.00, 25.76, -4.63, 3.00
10.00, 3965.00, -977.00, 25.42, -5.20, 3.00
10.00, 3978.00, -977.00, 25.42, -5.76, 3.00
10.00, 3990.00, -978.00, 26.10, -6.21, 3.00
10.00, 4003.00, -979.00, 26.89, -6.78, 3.00
10.00, 4014.00, -980.00, 28.02, -7.68, 3.00
10.00, 4024.00, -981.00, 29.38, -8.81, 3.00
10.00, 4035.00, -982.00, 30.73, -9.60, 3.00
10.00, 4047.00, -984.00, 32.09, -10.28, 3.00
10.00, 4059.00, -986.00, 33.90, -10.96, 3.00
10.00, 4070.00, -988.00, 35.71, -11.98, 3.00
10.00, 4084.00, -991.00, 37.51, -12.99, 3.00
10.00, 4096.00, -994.00, 39.44, -14.24, 3.00
10.00, 4109.00, -998.00, 41.13, -15.37, 3.00
10.00, 4123.00, -1002.00, 42.60, -16.72, 3.00
10.00, 4137.00, -1006.00, 44.41, -18.08, 3.00
10.00, 4151.00, -1011.00, 45.99, -19.21, 3.00
10.00, 4166.00, -1016.00, 47.46, -20.68, 3.00
10.00, 4182.00, -1022.00, 48.93, -21.92, 3.00
10.00, 4201.00, -1029.00, 50.40, -23.05, 3.00
10.00, 4218.00, -1037.00, 52.20, -24.75, 3.00
10.00, 4236.00, -1044.00, 53.33, -26.67, 3.00
10.00, 4254.00, -1052.00, 54.58, -28.02, 3.00
10.00, 4274.00, -1061.00, 55.59, -29.49, 3.00
10.00, 4294.00, -1069.00, 56.84, -30.73, 3.00
10.00, 4314.00, -1079.00, 57.85, -32.20, 3.00
10.00, 4334.00, -1090.00, 58.64, -33.67, 3.00
10.00, 4355.00, -1100.00, 59.32, -35.03, 3.00
10.00, 4377.00, -1111.00, 60.11, -36.16, 3.00
10.00, 4399.00, -1123.00, 61.02, -37.40, 3.00
10.00, 4420.00, -1135.00, 61.81, -38.64, 3.00
10.00, 4442.00, -1148.00, 62.37, -39.77, 3.00
10.00, 4464.00, -1162.00, 62.94, -41.02, 3.00
10.00, 4487.00, -1176.00, 63.73, -41.92, 3.00
10.00, 4511.00, -1191.00, 64.86, -42.94, 3.00
10.00, 4535.00, -1207.00, 66.33, -44.18, 3.00
10.00, 4559.00, -1222.00, 67.91, -45.42, 3.00
10.00, 4583.00, -1239.00, 69.49, -46.21, 3.00
10.00, 4608.00, -1255.00, 70.96, -47.01, 3.00
10.00, 4635.00, -1271.00, 72.99, -47.80, 3.00
10.00, 4662.00, -1288.00, 75.48, -48.70, 3.00
10.00, 4688.00, -1306.00, 77.97, -49.49, 3.00
10.00, 4717.00, -1324.00, 80.23, -50.62, 3.00
10.00, 4745.00, -1342.00, 82.60, -51.53, 3.00
10.00, 4774.00, -1360.00, 84.75, -52.20, 3.00
10.00, 4805.00, -1379.00, 86.89, -53.45, 3.00
10.00, 4836.00, -1398.00, 88.93, -54.46, 3.00
10.00, 4868.00, -1418.00, 90.85, -55.48, 3.00
10.00, 4901.00, -1438.00, 92.32, -57.51, 3.00
10.00, 4935.00, -1460.00, 93.79, -59.21, 3.00
10.00, 4968.00, -1482.00, 95.03, -61.36, 3.00
10.00, 5004.00, -1503.00, 95.82, -64.07, 3.00
10.00, 5039.00, -1525.00, 96.72, -65.88, 3.00
10.00, 5075.00, -1548.00, 97.29, -68.70, 3.00
10.00, 5112.00, -1573.00, 97.74, -71.07, 3.00
10.00, 5151.00, -1597.00, 98.08, -74.01, 3.00
10.00, 5190.00, -1623.00, 98.42, -76.95, 3.00
10.00, 5226.00, -1650.00, 98.64, -79.77, 3.00
10.00, 5263.00, -1678.00, 98.76, -82.49, 3.00
10.00, 5301.00, -1708.00, 98.87, -85.20, 3.00
10.00, 5338.00, -1738.00, 98.98, -87.80, 3.00
10.00, 5376.00, -1769.00, 98.98, -89.94, 3.00
10.00, 5416.00, -1799.00, 98.98, -91.75, 3.00
10.00, 5456.00, -1830.00, 98.98, -93.22, 3.00
10.00, 5493.00, -1862.00, 98.98, -94.58, 3.00
10.00, 5529.00, -1899.00, 98.87, -95.59, 3.00
10.00, 5569.00, -1934.00, 98.76, -96.61, 3.00
10.00, 5607.00, -1971.00, 98.64, -97.29, 3.00
10.00, 5644.00, -2007.00, 98.42, -97.85, 3.00
10.00, 5682.00, -2044.00, 98.31, -98.19, 3.00
10.00, 5722.00, -2079.00, 98.08, -98.53, 3.00
10.00, 5760.00, -2114.00, 97.85, -98.76, 3.00
10.00, 5797.00, -2152.00, 97.63, -98.98, 3.00
10.00, 5836.00, -2194.00, 97.51, -99.10, 3.00
10.00, 5874.00, -2234.00, 97.40, -99.21, 3.00
10.00, 5910.00, -2270.00, 97.29, -99.21, 3.00
10.00, 5949.00, -2307.00, 97.29, -99.32, 3.00
10.00, 5989.00, -2345.00, 97.40, -99.32, 3.00
10.00, 6026.00, -2382.00, 97.51, -99.32, 3.00
10.00, 6064.00, -2421.00, 97.63, -99.21, 3.00
10.00, 6102.00, -2463.00, 97.85, -99.21, 3.00
10.00, 6140.00, -2504.00, 97.97, -99.10, 3.00
10.00, 6178.00, -2542.00, 98.19, -99.10, 3.00
10.00, 6216.00, -2578.00, 98.31, -98.98, 3.00
10.00, 6255.00, -2617.00, 98.42, -98.76, 3.00
10.00, 6292.00, -2655.00, 98.53, -98.64, 3.00
10.00, 6330.00, -2695.00, 98.64, -98.42, 3.00
10.00, 6367.00, -2736.00, 98.64, -98.19, 3.00
10.00, 6405.00, -2775.00, 98.64, -98.08, 3.00
10.00, 6442.00, -2813.00, 98.64, -97.97, 3.00
10.00, 6481.00, -2851.00, 98.64, -97.85, 3.00
10.00, 6520.00, -2890.00, 98.53, -97.74, 3.00
10.00, 6559.00, -2929.00, 98.42, -97.74, 3.00
10.00, 6595.00, -2971.00, 98.31, -97.85, 3.00
10.00, 6633.00, -3011.00, 98.08, -97.97, 3.00
10.00, 6670.00, -3051.00, 97.85, -98.08, 3.00
10.00, 6708.00, -3088.00, 97.51, -98.19, 3.00
10.00, 6747.00, -3126.00, 97.29, -98.31, 3.00
10.00, 6785.00, -3167.00, 96.95, -98.42, 3.00
10.00, 6824.00, -3207.00, 96.61, -98.53, 3.00
10.00, 6861.00, -3246.00, 96.38, -98.64, 3.00
10.00, 6897.00, -3286.00, 96.27, -98.76, 3.00
10.00, 6935.00, -3327.00, 96.05, -98.76, 3.00
10.00, 6973.00, -3365.00, 96.05, -98.76, 3.00
10.00, 7012.00, -3402.00, 96.16, -98.76, 3.00
10.00, 7049.00, -3441.00, 96.27, -98.64, 3.00
10.00, 7087.00, -3483.00, 96.50, -98.53, 3.00
10.00, 7124.00, -3524.00, 96.72, -98.42, 3.00
10.00, 7162.00, -3563.00, 96.95, -98.19, 3.00
10.00, 7200.00, -3601.00, 97.18, -97.97, 3.00
10.00, 7240.00, -3638.00, 97.40, -97.74, 3.00
10.00, 7278.00, -3676.00, 97.63, -97.40, 3.00
10.00, 7316.00, -3716.00, 97.74, -97.06, 3.00
10.00, 7354.00, -3755.00, 97.85, -96.72, 3.00
10.00, 7393.00, -3796.00, 97.97, -96.50, 3.00
10.00, 7431.00, -3835.00, 97.97, -96.27, 3.00
10.00, 7469.00, -3871.00, 97.85, -96.16, 3.00
10.00, 7509.00, -3905.00, 97.85, -96.05, 3.00
10.00, 7548.00, -3944.00, 97.74, -96.05, 3.00
10.00, 7586.00, -3982.00, 97.51, -96.16, 3.00
10.00, 7626.00, -4023.00, 97.29, -96.27, 3.00
10.00, 7666.00, -4062.00, 97.06, -96.61, 3.00
10.00, 7703.00, -4102.00, 96.84, -96.84, 3.00
10.00, 7743.00, -4138.00, 96.50, -97.06, 3.00
10.00, 7783.00, -4176.00, 96.16, -97.18, 3.00
10.00, 7823.00, -4215.00, 95.93, -97.40, 3.00
10.00, 7859.00, -4254.00, 95.71, -97.51, 3.00
10.00, 7898.00, -4294.00, 95.59, -97.63, 3.00
10.00, 7937.00, -4335.00, 95.48, -97.74, 3.00
10.00, 7976.00, -4371.00, 95.59, -97.74, 3.00
10.00, 8016.00, -4408.00, 95.71, -97.63, 3.00
10.00, 8056.00, -4448.00, 96.05, -97.51, 3.00
10.00, 8093.00, -4487.00, 96.27, -97.40, 3.00
10.00, 8131.00, -4528.00, 96.61, -97.29, 3.00
10.00, 8168.00, -4570.00, 96.84, -97.06, 3.00
10.00, 8207.00, -4611.00, 97.18, -96.72, 3.00
10.00, 8244.00, -4646.00, 97.40, -96.50, 3.00
10.00, 8283.00, -4682.00, 97.63, -96.16, 3.00
10.00, 8321.00, -4724.00, 97.74, -95.82, 3.00
10.00, 8359.00, -4765.00, 97.85, -95.59, 3.00
10.00, 8396.00, -4807.00, 97.97, -95.37, 3.00
10.00, 8433.00, -4847.00, 97.97, -95.37, 3.00
10.00, 8472.00, -4885.00, 97.97, -95.37, 3.00
10.00, 8511.00, -4922.00, 97.85, -95.48, 3.00
10.00, 8549.00, -4959.00, 97.85, -95.71, 3.00
10.00, 8587.00, -5000.00, 97.74, -95.93, 3.00
10.00, 8624.00, -5041.00, 97.51, -96.27, 3.00
10.00, 8661.00, -5082.00, 97.29, -96.61, 3.00
10.00, 8697.00, -5122.00, 96.95, -96.95, 3.00
10.00, 8737.00, -5158.00, 96.61, -97.18, 3.00
10.00, 8777.00, -5195.00, 96.38, -97.40, 3.00
10.00, 8816.00, -5235.00, 96.05, -97.63, 3.00
10.00, 8853.00, -5275.00, 95.82, -97.74, 3.00
10.00, 8891.00, -5314.00, 95.59, -97.85, 3.00
10.00, 8930.00, -5354.00, 95.59, -97.97, 3.00
10.00, 8967.00, -5393.00, 95.59, -97.97, 3.00
10.00, 9006.00, -5433.00, 95.71, -97.97, 3.00
10.00, 9045.00, -5470.00, 95.82, -97.85, 3.00
10.00, 9084.00, -5508.00, 96.16, -97.74, 3.00
10.00, 9121.00, -5550.00, 96.38, -97.51, 3.00
10.00, 9160.00, -5589.00, 96.72, -97.40, 3.00
10.00, 9197.00, -5627.00, 97.06, -97.06, 3.00
10.00, 9236.00, -5665.00, 97.29, -96.84, 3.00
10.00, 9276.00, -5704.00, 97.51, -96.50, 3.00
10.00, 9317.00, -5742.00, 97.74, -96.16, 3.00
10.00, 9354.00, -5781.00, 97.97, -95.93, 3.00
10.00, 9391.00, -5821.00, 98.08, -95.71, 3.00
10.00, 9429.00, -5862.00, 98.08, -95.59, 3.00
10.00, 9466.00, -5899.00, 98.08, -95.59, 3.00
10.00, 9506.00, -5934.00, 98.08, -95.71, 3.00
10.00, 9546.00, -5972.00, 97.97, -95.82, 3.00
10.00, 9584.00, -6012.00, 97.97, -96.05, 3.00
10.00, 9621.00, -6052.00, 97.74, -96.38, 3.00
10.00, 9659.00, -6092.00, 97.63, -96.61, 3.00
10.00, 9698.00, -6132.00, 97.40, -96.95, 3.00
10.00, 9734.00, -6168.00, 97.06, -97.29, 3.00
10.00, 9774.00, -6204.00, 96.84, -97.51, 3.00
10.00, 9814.00, -6241.00, 96.50, -97.63, 3.00
10.00, 9853.00, -6283.00, 96.27, -97.85, 3.00
10.00, 9890.00, -6323.00, 95.93, -97.97, 3.00
10.00, 9929.00, -6362.00, 95.82, -98.08, 3.00
10.00, 9967.00, -6402.00, 95.71, -98.08, 3.00
10.00, 10003.00, -6436.00, 95.71, -98.08, 3.00
10.00, 10044.00, -6472.00, 95.82, -97.97, 3.00
10.00, 10084.00, -6512.00, 96.05, -97.85, 3.00
10.00, 10120.00, -6553.00, 96.27, -97.74, 3.00
10.00, 10156.00, -6594.00, 96.61, -97.51, 3.00
10.00, 10194.00, -6634.00, 96.84, -97.29, 3.00
10.00, 10234.00, -6672.00, 97.06, -97.06, 3.00
10.00, 10272.00, -6708.00, 97.40, -96.84, 3.00
10.00, 10313.00, -6746.00, 97.63, -96.50, 3.00
10.00, 10350.00, -6786.00, 97.85, -96.16, 3.00
10.00, 10387.00, -6828.00, 97.97, -95.93, 3.00
10.00, 10424.00, -6868.00, 97.97, -95.82, 3.00
10.00, 10462.00, -6908.00, 98.08, -95.82, 3.00
10.00, 10501.00, -6946.00, 98.08, -95.82, 3.00
10.00, 10540.00, -6984.00, 98.08, -95.93, 3.00
10.00, 10581.00, -7023.00, 97.97, -96.05, 3.00
10.00, 10618.00, -7064.00, 97.85, -96.38, 3.00
10.00, 10654.00, -7106.00, 97.74, -96.61, 3.00
10.00, 10690.00, -7146.00, 97.51, -96.95, 3.00
10.00, 10728.00, -7186.00, 97.18, -97.29, 3.00
10.00, 10764.00, -7222.00, 96.95, -97.51, 3.00
10.00, 10802.00, -7261.00, 96.61, -97.74, 3.00
10.00, 10840.00, -7301.00, 96.27, -97.85, 3.00
10.00, 10877.00, -7342.00, 96.05, -97.97, 3.00
10.00, 10914.00, -7382.00, 95.82, -98.08, 3.00
10.00, 10953.00, -7423.00, 95.59, -98.08, 3.00
10.00, 10991.00, -7462.00, 95.59, -98.08, 3.00
10.00, 11028.00, -7499.00, 95.59, -98.08, 3.00
10.00, 11068.00, -7538.00, 95.71, -97.97, 3.00
10.00, 11105.00, -7578.00, 95.93, -97.85, 3.00
10.00, 11143.00, -7619.00, 96.27, -97.63, 3.00
10.00, 11181.00, -7657.00, 96.50, -97.40, 3.00
10.00, 11218.00, -7695.00, 96.84, -97.18, 3.00
10.00, 11255.00, -7731.00, 97.06, -96.84, 3.00
10.00, 11295.00, -7769.00, 97.40, -96.50, 3.00
10.00, 11336.00, -7808.00, 97.63, -96.16, 3.00
10.00, 11374.00, -7847.00, 97.85, -95.93, 3.00
10.00, 11412.00, -7886.00, 97.97, -95.82, 3.00
10.00, 11451.00, -7926.00, 98.08, -95.71, 3.00
10.00, 11490.00, -7966.00, 98.08, -95.71, 3.00
10.00, 11528.00, -8001.00, 98.08, -95.82, 3.00
10.00, 11567.00, -8037.00, 98.08, -95.93, 3.00
10.00, 11607.00, -8076.00, 97.97, -96.16, 3.00
10.00, 11645.00, -8117.00, 97.85, -96.50, 3.00
10.00, 11682.00, -8156.00, 97.74, -96.84, 3.00
10.00, 11721.00, -8196.00, 97.51, -97.06, 3.00
10.00, 11761.00, -8234.00, 97.29, -97.29, 3.00
10.00, 11800.00, -8271.00, 96.95, -97.51, 3.00
10.00, 11841.00, -8309.00, 96.72, -97.74, 3.00
10.00, 11880.00, -8350.00, 96.50, -97.85, 3.00
10.00, 11917.00, -8392.00, 96.16, -97.97, 3.00
10.00, 11954.00, -8433.00, 95.93, -98.08, 3.00
10.00, 11992.00, -8473.00, 95.82, -98.08, 3.00
10.00, 12031.00, -8509.00, 95.71, -97.97, 3.00
10.00, 12070.00, -8544.00, 95.82, -97.97, 3.00
10.00, 12108.00, -8583.00, 95.93, -97.74, 3.00
10.00, 12147.00, -8626.00, 96.16, -97.63, 3.00
10.00, 12183.00, -8666.00, 96.50, -97.40, 3.00
10.00, 12221.00, -8706.00, 96.72, -97.18, 3.00
10.00, 12259.00, -8744.00, 96.95, -96.84, 3.00
10.00, 12299.00, -8780.00, 97.29, -96.61, 3.00
10.00, 12338.00, -8820.00, 97.51, -96.27, 3.00
10.00, 12376.00, -8861.00, 97.74, -95.93, 3.00
10.00, 12414.00, -8903.00, 97.85, -95.82, 3.00
10.00, 12452.00, -8942.00, 97.97, -95.82, 3.00
10.00, 12488.00, -8979.00, 98.08, -95.71, 3.00
10.00, 12527.00, -9016.00, 98.08, -95.82, 3.00
10.00, 12566.00, -9053.00, 98.08, -95.93, 3.00
10.00, 12606.00, -9092.00, 97.97, -96.16, 3.00
10.00, 12644.00, -9134.00, 97.97, -96.50, 3.00
10.00, 12680.00, -9172.00, 97.85, -96.72, 3.00
10.00, 12718.00, -9213.00, 97.63, -97.06, 3.00
10.00, 12756.00, -9252.00, 97.40, -97.40, 3.00
10.00, 12794.00, -9289.00, 97.06, -97.63, 3.00
10.00, 12833.00, -9328.00, 96.84, -97.74, 3.00
10.00, 12873.00, -9369.00, 96.50, -97.85, 3.00
10.00, 12911.00, -9409.00, 96.27, -97.97, 3.00
10.00, 12948.00, -9447.00, 95.93, -98.08, 3.00
10.00, 12985.00, -9485.00, 95.71, -98.08, 3.00
10.00, 13023.00, -9524.00, 95.59, -97.97, 3.00
10.00, 13064.00, -9563.00, 95.59, -97.97, 3.00
10.00, 13104.00, -9600.00, 95.71, -97.85, 3.00
10.00, 13140.00, -9641.00, 95.93, -97.63, 3.00
10.00, 13176.00, -9681.00, 96.16, -97.40, 3.00
10.00, 13215.00, -9719.00, 96.38, -97.18, 3.00
10.00, 13252.00, -9757.00, 96.72, -96.95, 3.00
10.00, 13289.00, -9795.00, 97.06, -96.61, 3.00
10.00, 13328.00, -9834.00, 97.29, -96.27, 3.00
10.00, 13367.00, -9873.00, 97.51, -96.05, 3.00
10.00, 13406.00, -9914.00, 97.74, -95.82, 3.00
10.00, 13442.00, -9953.00, 97.85, -95.71, 3.00
10.00, 13480.00, -9991.00, 97.97, -95.71, 3.00
10.00, 13518.00, -10028.00, 98.08, -95.71, 3.00
10.00, 13557.00, -10064.00, 98.08, -95.93, 3.00
10.00, 13596.00, -10103.00, 98.08, -96.05, 3.00
10.00, 13636.00, -10142.00, 97.97, -96.38, 3.00
10.00, 13674.00, -10182.00, 97.97, -96.61, 3.00
10.00, 13710.00, -10221.00, 97.74, -96.95, 3.00
10.00, 13751.00, -10258.00, 97.51, -97.29, 3.00
10.00, 13788.00, -10295.00, 97.29, -97.51, 3.00
10.00, 13827.00, -10333.00, 97.06, -97.63, 3.00
10.00, 13866.00, -10373.00, 96.72, -97.85, 3.00
10.00, 13905.00, -10412.00, 96.50, -97.97, 3.00
10.00, 13943.00, -10450.00, 96.16, -97.97, 3.00
10.00, 13981.00, -10491.00, 95.93, -97.97, 3.00
10.00, 14020.00, -10529.00, 95.82, -98.08, 3.00
10.00, 14059.00, -10565.00, 95.71, -97.97, 3.00
10.00, 14096.00, -10603.00, 95.71, -97.85, 3.00
10.00, 14135.00, -10643.00, 95.82, -97.74, 3.00
10.00, 14174.00, -10684.00, 96.05, -97.51, 3.00
10.00, 14211.00, -10725.00, 96.27, -97.29, 3.00
10.00, 14249.00, -10763.00, 96.61, -97.06, 3.00
10.00, 14287.00, -10802.00, 96.84, -96.72, 3.00
10.00, 14328.00, -10839.00, 97.06, -96.50, 3.00
10.00, 14366.00, -10878.00, 97.40, -96.16, 3.00
10.00, 14404.00, -10918.00, 97.63, -95.93, 3.00
10.00, 14442.00, -10960.00, 97.85, -95.82, 3.00
10.00, 14478.00, -11002.00, 97.97, -95.71, 3.00
10.00, 14516.00, -11040.00, 97.97, -95.82, 3.00
10.00, 14554.00, -11077.00, 98.08, -95.93, 3.00
10.00, 14592.00, -11117.00, 98.08, -96.05, 3.00
10.00, 14630.00, -11158.00, 98.08, -96.38, 3.00
10.00, 14668.00, -11198.00, 97.97, -96.72, 3.00
10.00, 14704.00, -11239.00, 97.85, -96.95, 3.00
10.00, 14742.00, -11280.00, 97.63, -97.29, 3.00
10.00, 14780.00, -11317.00, 97.40, -97.51, 3.00
10.00, 14817.00, -11355.00, 97.18, -97.74, 3.00
10.00, 14854.00, -11394.00, 96.95, -97.85, 3.00
10.00, 14892.00, -11434.00, 96.61, -97.97, 3.00
10.00, 14930.00, -11473.00, 96.27, -98.08, 3.00
10.00, 14966.00, -11512.00, 96.05, -98.08, 3.00
10.00, 15005.00, -11550.00, 95.82, -98.08, 3.00
10.00, 15044.00, -11589.00, 95.59, -97.97, 3.00
10.00, 15081.00, -11627.00, 95.59, -97.97, 3.00
10.00, 15119.00, -11665.00, 95.59, -97.74, 3.00
10.00, 15158.00, -11706.00, 95.71, -97.63, 3.00
10.00, 15197.00, -11745.00, 95.93, -97.40, 3.00
10.00, 15233.00, -11785.00, 96.27, -97.06, 3.00
10.00, 15272.00, -11822.00, 96.50, -96.84, 3.00
10.00, 15312.00, -11859.00, 96.84, -96.50, 3.00
10.00, 15348.00, -11898.00, 97.18, -96.16, 3.00
10.00, 15387.00, -11938.00, 97.40, -95.93, 3.00
10.00, 15427.00, -11977.00, 97.63, -95.82, 3.00
10.00, 15465.00, -12016.00, 97.85, -95.71, 3.00
10.00, 15503.00, -12056.00, 97.97, -95.71, 3.00
10.00, 15542.00, -12093.00, 98.08, -95.82, 3.00
10.00, 15581.00, -12131.00, 98.08, -96.05, 3.00
10.00, 15620.00, -12170.00, 98.08, -96.27, 3.00
10.00, 15659.00, -12210.00, 98.08, -96.50, 3.00
10.00, 15698.00, -12251.00, 97.97, -96.84, 3.00
10.00, 15735.00, -12292.00, 97.85, -97.06, 3.00
10.00, 15773.00, -12328.00, 97.74, -97.40, 3.00
10.00, 15811.00, -12366.00, 97.51, -97.63, 3.00
10.00, 15850.00, -12405.00, 97.29, -97.74, 3.00
10.00, 15889.00, -12444.00, 96.95, -97.85, 3.00
10.00, 15927.00, -12483.00, 96.72, -97.97, 3.00
10.00, 15965.00, -12524.00, 96.38, -98.08, 3.00
10.00, 16003.00, -12566.00, 96.16, -98.08, 3.00
10.00, 16042.00, -12602.00, 95.93, -97.97, 3.00
10.00, 16081.00, -12639.00, 95.71, -97.97, 3.00
10.00, 16120.00, -12679.00, 95.71, -97.74, 3.00
10.00, 16158.00, -12719.00, 95.82, -97.63, 3.00
10.00, 16198.00, -12757.00, 95.93, -97.40, 3.00
10.00, 16234.00, -12797.00, 96.16, -97.06, 3.00
10.00, 16272.00, -12835.00, 96.38, -96.84, 3.00
10.00, 16311.00, -12871.00, 96.72, -96.50, 3.00
10.00, 16350.00, -12913.00, 96.95, -96.16, 3.00
10.00, 16388.00, -12951.00, 97.29, -95.93, 3.00
10.00, 16427.00, -12991.00, 97.51, -95.82, 3.00
10.00, 16467.00, -13030.00, 97.74, -95.71, 3.00
10.00, 16505.00, -13069.00, 97.85, -95.71, 3.00
10.00, 16542.00, -13108.00, 97.97, -95.82, 3.00
10.00, 16583.00, -13146.00, 98.08, -95.93, 3.00
10.00, 16620.00, -13187.00, 98.08, -96.16, 3.00
10.00, 16657.00, -13227.00, 98.08, -96.50, 3.00
10.00, 16698.00, -13265.00, 98.08, -96.84, 3.00
10.00, 16736.00, -13305.00, 97.97, -97.06, 3.00
10.00, 16771.00, -13345.00, 97.85, -97.40, 3.00
10.00, 16811.00, -13383.00, 97.63, -97.63, 3.00
10.00, 16850.00, -13422.00, 97.40, -97.74, 3.00
10.00, 16886.00, -13462.00, 97.18, -97.85, 3.00
10.00, 16925.00, -13502.00, 96.84, -97.97, 3.00
10.00, 16965.00, -13541.00, 96.50, -98.08, 3.00
10.00, 17002.00, -13580.00, 96.27, -98.08, 3.00
10.00, 17039.00, -13620.00, 95.93, -98.08, 3.00
10.00, 17079.00, -13659.00, 95.71, -97.97, 3.00
10.00, 17116.00, -13698.00, 95.71, -97.85, 3.00
10.00, 17152.00, -13737.00, 95.71, -97.63, 3.00
10.00, 17191.00, -13776.00, 95.71, -97.40, 3.00
10.00, 17229.00, -13815.00, 95.82, -97.18, 3.00
10.00, 17265.00, -13853.00, 96.16, -96.95, 3.00
10.00, 17304.00, -13891.00, 96.38, -96.61, 3.00
10.00, 17343.00, -13930.00, 96.72, -96.27, 3.00
10.00, 17380.00, -13969.00, 96.95, -96.05, 3.00
10.00, 17418.00, -14009.00, 97.29, -95.82, 3.00
10.00, 17457.00, -14046.00, 97.51, -95.71, 3.00
10.00, 17496.00, -14083.00, 97.74, -95.71, 3.00
10.00, 17535.00, -14120.00, 97.85, -95.71, 3.00
10.00, 17573.00, -14158.00, 97.97, -95.82, 3.00
10.00, 17612.00, -14197.00, 98.08, -96.05, 3.00
10.00, 17650.00, -14235.00, 98.08, -96.38, 3.00
10.00, 17688.00, -14274.00, 98.08, -96.61, 3.00
10.00, 17728.00, -14314.00, 97.97, -96.95, 3.00
10.00, 17766.00, -14351.00, 97.85, -97.18, 3.00
10.00, 17803.00, -14388.00, 97.74, -97.40, 3.00
10.00, 17844.00, -14427.00, 97.51, -97.63, 3.00
10.00, 17882.00, -14467.00, 97.29, -97.74, 3.00
10.00, 17920.00, -14506.00, 97.06, -97.97, 3.00
10.00, 17959.00, -14543.00, 96.72, -97.97, 3.00
10.00, 17998.00, -14583.00, 96.50, -97.97, 3.00
10.00, 18038.00, -14621.00, 96.16, -97.97, 3.00
10.00, 18076.00, -14657.00, 95.93, -97.97, 3.00
10.00, 18115.00, -14696.00, 95.82, -97.85, 3.00
10.00, 18154.00, -14737.00, 95.71, -97.63, 3.00
10.00, 18191.00, -14779.00, 95.82, -97.51, 3.00
10.00, 18230.00, -14815.00, 95.82, -97.29, 3.00
10.00, 18267.00, -14854.00, 96.05, -97.06, 3.00
10.00, 18305.00, -14894.00, 96.27, -96.72, 3.00
10.00, 18344.00, -14932.00, 96.61, -96.38, 3.00
10.00, 18381.00, -14972.00, 96.84, -96.16, 3.00
10.00, 18420.00, -15013.00, 97.18, -95.93, 3.00
10.00, 18458.00, -15054.00, 97.40, -95.82, 3.00
10.00, 18496.00, -15094.00, 97.63, -95.71, 3.00
10.00, 18534.00, -15132.00, 97.74, -95.82, 3.00
10.00, 18571.00, -15169.00, 97.97, -95.93, 3.00
10.00, 18610.00, -15208.00, 97.97, -96.05, 3.00
10.00, 18648.00, -15250.00, 98.08, -96.38, 3.00
10.00, 18685.00, -15291.00, 98.08, -96.72, 3.00
10.00, 18723.00, -15328.00, 98.08, -96.95, 3.00
10.00, 18761.00, -15366.00, 97.97, -97.29, 3.00
10.00, 18799.00, -15403.00, 97.85, -97.51, 3.00
10.00, 18837.00, -15441.00, 97.63, -97.63, 3.00
11.00, 18875.00, -15481.00, 97.51, -97.85, 3.00
10.00, 18912.00, -15520.00, 97.18, -97.97, 3.00
10.00, 18949.00, -15560.00, 96.84, -97.97, 3.00
10.00, 18987.00, -15600.00, 96.50, -98.08, 3.00
10.00, 19025.00, -15638.00, 96.27, -98.08, 3.00
10.00, 19063.00, -15676.00, 95.93, -97.97, 3.00
10.00, 19103.00, -15714.00, 95.71, -97.85, 3.00
10.00, 19141.00, -15754.00, 95.59, -97.74, 3.00
10.00, 19179.00, -15793.00, 95.59, -97.63, 3.00
10.00, 19216.00, -15832.00, 95.59, -97.40, 3.00
10.00, 19256.00, -15871.00, 95.71, -97.06, 3.00
10.00, 19294.00, -15910.00, 96.05, -96.84, 3.00
10.00, 19333.00, -15947.00, 96.27, -96.50, 3.00
10.00, 19372.00, -15986.00, 96.61, -96.16, 3.00
10.00, 19409.00, -16029.00, 96.95, -95.93, 3.00
10.00, 19448.00, -16069.00, 97.18, -95.82, 3.00
10.00, 19487.00, -16106.00, 97.51, -95.71, 3.00
10.00, 19526.00, -16145.00, 97.63, -95.71, 3.00
10.00, 19563.00, -16182.00, 97.85, -95.82, 3.00
10.00, 19603.00, -16219.00, 97.97, -96.05, 3.00
10.00, 19641.00, -16257.00, 98.08, -96.27, 3.00
10.00, 19679.00, -16297.00, 98.08, -96.50, 3.00
10.00, 19716.00, -16339.00, 98.08, -96.84, 3.00
10.00, 19755.00, -16378.00, 98.08, -97.18, 3.00
10.00, 19793.00, -16414.00, 97.97, -97.40, 3.00
10.00, 19830.00, -16452.00, 97.85, -97.63, 3.00
10.00, 19869.00, -16491.00, 97.63, -97.74, 3.00
10.00, 19909.00, -16530.00, 97.51, -97.85, 3.00
10.00, 19947.00, -16570.00, 97.18, -97.97, 3.00
10.00, 19986.00, -16609.00, 96.95, -98.08, 3.00
10.00, 20026.00, -16645.00, 96.61, -98.08, 3.00
10.00, 20064.00, -16682.00, 96.38, -97.97, 3.00
10.00, 20104.00, -16720.00, 96.16, -97.97, 3.00
10.00, 20143.00, -16758.00, 95.93, -97.74, 3.00
10.00, 20181.00, -16797.00, 95.82, -97.63, 3.00
10.00, 20219.00, -16838.00, 95.71, -97.40, 3.00
10.00, 20259.00, -16877.00, 95.82, -97.18, 3.00
10.00, 20298.00, -16914.00, 96.05, -96.84, 3.00
10.00, 20336.00, -16952.00, 96.27, -96.61, 3.00
10.00, 20376.00, -16993.00, 96.50, -96.27, 3.00
10.00, 20416.00, -17033.00, 96.84, -96.05, 3.00
10.00, 20454.00, -17073.00, 97.06, -95.82, 3.00
10.00, 20492.00, -17111.00, 97.40, -95.71, 3.00
10.00, 20531.00, -17150.00, 97.63, -95.71, 3.00
10.00, 20573.00, -17189.00, 97.74, -95.82, 3.00
10.00, 20613.00, -17227.00, 97.97, -95.93, 3.00
10.00, 20651.00, -17266.00, 98.08, -96.16, 3.00
10.00, 20688.00, -17307.00, 98.08, -96.38, 3.00
10.00, 20726.00, -17348.00, 98.08, -96.72, 3.00
10.00, 20763.00, -17387.00, 98.08, -97.06, 3.00
10.00, 20803.00, -17426.00, 97.97, -97.40, 3.00
10.00, 20841.00, -17465.00, 97.85, -97.51, 3.00
10.00, 20880.00, -17503.00, 97.74, -97.74, 3.00
10.00, 20917.00, -17542.00, 97.51, -97.85, 3.00
10.00, 20955.00, -17584.00, 97.29, -97.97, 3.00
10.00, 20991.00, -17624.00, 97.06, -98.08, 3.00
10.00, 21029.00, -17661.00, 96.72, -98.08, 3.00
10.00, 21068.00, -17700.00, 96.38, -98.08, 3.00
10.00, 21105.00, -17739.00, 96.05, -97.97, 3.00
10.00, 21144.00, -17776.00, 95.82, -97.85, 3.00
10.00, 21182.00, -17816.00, 95.71, -97.74, 3.00
10.00, 21220.00, -17856.00, 95.59, -97.51, 3.00
10.00, 21257.00, -17893.00, 95.59, -97.29, 3.00
10.00, 21296.00, -17931.00, 95.71, -96.95, 3.00
10.00, 21334.00, -17969.00, 95.93, -96.72, 3.00
10.00, 21373.00, -18007.00, 96.16, -96.38, 3.00
10.00, 21411.00, -18045.00, 96.50, -96.05, 3.00
10.00, 21450.00, -18086.00, 96.84, -95.82, 3.00
10.00, 21487.00, -18125.00, 97.06, -95.71, 3.00
10.00, 21526.00, -18163.00, 97.29, -95.71, 3.00
10.00, 21565.00, -18199.00, 97.63, -95.71, 3.00
10.00, 21604.00, -18236.00, 97.74, -95.82, 3.00
10.00, 21644.00, -18275.00, 97.85, -95.93, 3.00
10.00, 21681.00, -18314.00, 97.97, -96.27, 3.00
10.00, 21719.00, -18354.00, 98.08, -96.61, 3.00
10.00, 21757.00, -18392.00, 98.08, -96.84, 3.00
10.00, 21798.00, -18432.00, 98.08, -97.18, 3.00
10.00, 21837.00, -18467.00, 97.97, -97.40, 3.00
10.00, 21876.00, -18503.00, 97.85, -97.63, 3.00
10.00, 21914.00, -18542.00, 97.63, -97.74, 3.00
10.00, 21954.00, -18585.00, 97.51, -97.85, 3.00
10.00, 21992.00, -18625.00, 97.18, -97.97, 3.00
10.00, 22029.00, -18663.00, 96.95, -98.08, 3.00
10.00, 22068.00, -18700.00, 96.61, -98.08, 3.00
10.00, 22107.00, -18737.00, 96.27, -97.97, 3.00
10.00, 22147.00, -18774.00, 96.05, -97.85, 3.00
10.00, 22184.00, -18814.00, 95.93, -97.74, 3.00
10.00, 22222.00, -18858.00, 95.71, -97.51, 3.00
10.00, 22260.00, -18899.00, 95.71, -97.40, 3.00
10.00, 22297.00, -18937.00, 95.71, -97.18, 3.00
10.00, 22335.00, -18972.00, 95.82, -96.84, 3.00
10.00, 22375.00, -19012.00, 96.05, -96.50, 3.00
10.00, 22413.00, -19050.00, 96.38, -96.27, 3.00
10.00, 22450.00, -19090.00, 96.72, -95.93, 3.00
10.00, 22488.00, -19131.00, 96.95, -95.82, 3.00
10.00, 22527.00, -19171.00, 97.18, -95.71, 3.00
10.00, 22564.00, -19209.00, 97.51, -95.82, 3.00
10.00, 22603.00, -19245.00, 97.63, -95.82, 3.00
10.00, 22642.00, -19283.00, 97.85, -95.93, 3.00
10.00, 22679.00, -19323.00, 97.97, -96.27, 3.00
10.00, 22717.00, -19365.00, 98.08, -96.50, 3.00
10.00, 22754.00, -19406.00, 98.08, -96.84, 3.00
10.00, 22793.00, -19443.00, 98.08, -97.18, 3.00
10.00, 22830.00, -19481.00, 97.97, -97.40, 3.00
10.00, 22868.00, -19519.00, 97.85, -97.63, 3.00
10.00, 22908.00, -19559.00, 97.74, -97.74, 3.00
10.00, 22948.00, -19596.00, 97.63, -97.97, 3.00
10.00, 22986.00, -19637.00, 97.40, -97.97, 3.00
10.00, 23021.00, -19677.00, 97.06, -98.08, 3.00
10.00, 23058.00, -19718.00, 96.72, -98.08, 3.00
10.00, 23097.00, -19757.00, 96.50, -98.08, 3.00
10.00, 23135.00, -19794.00, 96.16, -97.97, 3.00
10.00, 23173.00, -19834.00, 95.93, -97.85, 3.00
10.00, 23214.00, -19875.00, 95.71, -97.74, 3.00
10.00, 23252.00, -19915.00, 95.59, -97.51, 3.00
10.00, 23289.00, -19954.00, 95.71, -97.29, 3.00
10.00, 23328.00, -19992.00, 95.71, -96.95, 3.00
10.00, 23367.00, -20029.00, 95.93, -96.61, 3.00
10.00, 23406.00, -20067.00, 96.16, -96.38, 3.00
10.00, 23442.00, -20107.00, 96.50, -96.05, 3.00
10.00, 23480.00, -20147.00, 96.72, -95.82, 3.00
10.00, 23518.00, -20189.00, 97.06, -95.71, 3.00
10.00, 23555.00, -20228.00, 97.29, -95.82, 3.00
10.00, 23593.00, -20263.00, 97.51, -95.82, 3.00
10.00, 23633.00, -20299.00, 97.74, -95.93, 3.00
10.00, 23670.00, -20337.00, 97.85, -96.16, 3.00
10.00, 23709.00, -20376.00, 97.97, -96.38, 3.00
10.00, 23748.00, -20416.00, 98.08, -96.72, 3.00
10.00, 23786.00, -20456.00, 98.08, -96.95, 3.00
10.00, 23824.00, -20494.00, 98.08, -97.29, 3.00
10.00, 23863.00, -20529.00, 97.97, -97.51, 3.00
10.00, 23902.00, -20565.00, 97.97, -97.63, 3.00
10.00, 23940.00, -20606.00, 97.74, -97.74, 3.00
10.00, 23978.00, -20645.00, 97.63, -97.85, 3.00
10.00, 24018.00, -20685.00, 97.40, -97.97, 3.00
10.00, 24057.00, -20725.00, 97.06, -97.97, 3.00
10.00, 24095.00, -20762.00, 96.84, -97.97, 3.00
10.00, 24137.00, -20798.00, 96.50, -97.97, 3.00
10.00, 24179.00, -20838.00, 96.27, -97.85, 3.00
10.00, 24216.00, -20877.00, 96.05, -97.63, 3.00
10.00, 24253.00, -20916.00, 95.93, -97.51, 3.00
10.00, 24291.00, -20957.00, 95.82, -97.29, 3.00
10.00, 24331.00, -20997.00, 95.82, -96.95, 3.00
10.00, 24372.00, -21034.00, 95.93, -96.72, 3.00
10.00, 24412.00, -21071.00, 96.16, -96.38, 3.00
10.00, 24451.00, -21113.00, 96.38, -96.05, 3.00
10.00, 24489.00, -21154.00, 96.72, -95.82, 3.00
10.00, 24526.00, -21194.00, 96.95, -95.71, 3.00
10.00, 24565.00, -21234.00, 97.18, -95.71, 3.00
10.00, 24602.00, -21273.00, 97.51, -95.82, 3.00
10.00, 24643.00, -21310.00, 97.63, -95.93, 3.00
10.00, 24684.00, -21349.00, 97.85, -96.16, 3.00
10.00, 24720.00, -21389.00, 97.97, -96.38, 3.00
10.00, 24757.00, -21430.00, 98.08, -96.72, 3.00
10.00, 24794.00, -21471.00, 98.08, -96.95, 3.00
10.00, 24831.00, -21511.00, 98.08, -97.29, 3.00
10.00, 24869.00, -21547.00, 97.97, -97.51, 3.00
10.00, 24908.00, -21585.00, 97.97, -97.74, 3.00
10.00, 24945.00, -21624.00, 97.85, -97.85, 3.00
10.00, 24982.00, -21664.00, 97.63, -97.97, 3.00
10.00, 25020.00, -21704.00, 97.40, -98.08, 3.00
10.00, 25058.00, -21743.00, 97.18, -98.08, 3.00
10.00, 25094.00, -21782.00, 96.84, -98.08, 3.00
10.00, 25135.00, -21820.00, 96.50, -97.97, 3.00
10.00, 25174.00, -21857.00, 96.16, -97.85, 3.00
10.00, 25211.00, -21896.00, 96.05, -97.74, 3.00
10.00, 25248.00, -21937.00, 95.71, -97.51, 3.00
10.00, 25287.00, -21975.00, 95.59, -97.29, 3.00
10.00, 25326.00, -22013.00, 95.59, -97.06, 3.00
10.00, 25362.00, -22051.00, 95.59, -96.72, 3.00
10.00, 25403.00, -22090.00, 95.82, -96.38, 3.00
10.00, 25443.00, -22129.00, 96.05, -96.16, 3.00
10.00, 25480.00, -22167.00, 96.38, -95.93, 3.00
10.00, 25516.00, -22208.00, 96.72, -95.71, 3.00
10.00, 25555.00, -22248.00, 96.95, -95.71, 3.00
10.00, 25593.00, -22285.00, 97.18, -95.71, 3.00
10.00, 25633.00, -22320.00, 97.51, -95.82, 3.00
10.00, 25674.00, -22357.00, 97.63, -95.93, 3.00
10.00, 25713.00, -22397.00, 97.85, -96.16, 3.00
10.00, 25751.00, -22438.00, 97.97, -96.50, 3.00
10.00, 25788.00, -22477.00, 98.08, -96.84, 3.00
10.00, 25826.00, -22517.00, 98.08, -97.18, 3.00
10.00, 25864.00, -22554.00, 98.08, -97.40, 3.00
10.00, 25906.00, -22589.00, 97.97, -97.63, 3.00
10.00, 25945.00, -22627.00, 97.97, -97.74, 3.00
10.00, 25982.00, -22670.00, 97.85, -97.85, 3.00
10.00, 26019.00, -22710.00, 97.63, -97.97, 3.00
10.00, 26058.00, -22750.00, 97.40, -98.08, 3.00
10.00, 26095.00, -22790.00, 97.06, -98.08, 3.00
10.00, 26133.00, -22824.00, 96.84, -98.08, 3.00
10.00, 26173.00, -22860.00, 96.50, -97.85, 3.00
10.00, 26213.00, -22900.00, 96.16, -97.74, 3.00
10.00, 26250.00, -22940.00, 95.93, -97.63, 3.00
10.00, 26289.00, -22981.00, 95.82, -97.40, 3.00
10.00, 26327.00, -23021.00, 95.71, -97.18, 3.00
10.00, 26364.00, -23059.00, 95.71, -96.84, 3.00
10.00, 26403.00, -23094.00, 95.82, -96.61, 3.00
10.00, 26442.00, -23132.00, 95.93, -96.27, 3.00
10.00, 26481.00, -23174.00, 96.27, -95.93, 3.00
10.00, 26517.00, -23215.00, 96.50, -95.82, 3.00
10.00, 26554.00, -23255.00, 96.72, -95.71, 3.00
10.00, 26594.00, -23295.00, 97.06, -95.71, 3.00
10.00, 26630.00, -23331.00, 97.29, -95.82, 3.00
10.00, 26670.00, -23367.00, 97.51, -96.05, 3.00
10.00, 26710.00, -23407.00, 97.74, -96.16, 3.00
10.00, 26748.00, -23448.00, 97.97, -96.50, 3.00
10.00, 26785.00, -23489.00, 97.97, -96.72, 3.00
10.00, 26821.00, -23529.00, 98.08, -97.06, 3.00
10.00, 26859.00, -23568.00, 98.08, -97.40, 3.00
10.00, 26897.00, -23606.00, 98.08, -97.63, 3.00
10.00, 26937.00, -23645.00, 97.97, -97.74, 3.00
10.00, 26976.00, -23685.00, 97.85, -97.85, 3.00
10.00, 27014.00, -23725.00, 97.74, -97.97, 3.00
10.00, 27051.00, -23765.00, 97.51, -98.08, 3.00
10.00, 27088.00, -23805.00, 97.29, -98.08, 3.00
10.00, 27125.00, -23845.00, 96.95, -98.08, 3.00
10.00, 27164.00, -23882.00, 96.72, -97.97, 3.00
10.00, 27204.00, -23921.00, 96.38, -97.85, 3.00
10.00, 27240.00, -23961.00, 96.05, -97.74, 3.00
10.00, 27277.00, -24002.00, 95.82, -97.51, 3.00
10.00, 27314.00, -24042.00, 95.71, -97.29, 3.00
10.00, 27351.00, -24080.00, 95.59, -96.95, 3.00
10.00, 27388.00, -24117.00, 95.59, -96.72, 3.00
10.00, 27427.00, -24156.00, 95.71, -96.38, 3.00
10.00, 27465.00, -24194.00, 95.93, -96.05, 3.00
10.00, 27503.00, -24233.00, 96.16, -95.82, 3.00
10.00, 27540.00, -24272.00, 96.50, -95.71, 3.00
10.00, 27578.00, -24311.00, 96.72, -95.71, 3.00
10.00, 27615.00, -24349.00, 97.06, -95.71, 3.00
10.00, 27653.00, -24384.00, 97.29, -95.93, 3.00
10.00, 27692.00, -24421.00, 97.51, -96.05, 3.00
10.00, 27732.00, -24460.00, 97.74, -96.27, 3.00
10.00, 27769.00, -24501.00, 97.97, -96.61, 3.00
10.00, 27806.00, -24539.00, 97.97, -96.95, 3.00
10.00, 27846.00, -24580.00, 98.08, -97.18, 3.00
10.00, 27884.00, -24617.00, 98.08, -97.51, 3.00
10.00, 27922.00, -24654.00, 98.08, -97.63, 3.00
10.00, 27964.00, -24692.00, 97.97, -97.85, 3.00
10.00, 28002.00, -24731.00, 97.97, -97.85, 3.00
10.00, 28039.00, -24772.00, 97.74, -97.97, 3.00
10.00, 28078.00, -24813.00, 97.51, -98.08, 3.00
10.00, 28117.00, -24852.00, 97.29, -97.97, 3.00
10.00, 28156.00, -24889.00, 97.06, -97.97, 3.00
10.00, 28195.00, -24926.00, 96.72, -97.85, 3.00
10.00, 28236.00, -24964.00, 96.50, -97.63, 3.00
10.00, 28276.00, -25006.00, 96.27, -97.51, 3.00
10.00, 28312.00, -25046.00, 96.05, -97.29, 3.00
10.00, 28349.00, -25087.00, 95.82, -97.06, 3.00
10.00, 28388.00, -25127.00, 95.71, -96.72, 3.00
10.00, 28427.00, -25162.00, 95.82, -96.50, 3.00
10.00, 28468.00, -25201.00, 95.93, -96.16, 3.00
10.00, 28506.00, -25242.00, 96.16, -95.93, 3.00
10.00, 28544.00, -25283.00, 96.38, -95.71, 3.00
10.00, 28580.00, -25323.00, 96.72, -95.71, 3.00
10.00, 28617.00, -25363.00, 96.95, -95.82, 3.00
10.00, 28657.00, -25400.00, 97.18, -95.93, 3.00
10.00, 28695.00, -25437.00, 97.51, -96.16, 3.00
10.00, 28733.00, -25475.00, 97.63, -96.38, 3.00
10.00, 28772.00, -25516.00, 97.85, -96.61, 3.00
10.00, 28808.00, -25556.00, 97.97, -96.95, 3.00
10.00, 28846.00, -25595.00, 98.08, -97.18, 3.00
10.00, 28883.00, -25634.00, 98.08, -97.51, 3.00
10.00, 28922.00, -25671.00, 98.08, -97.63, 3.00
10.00, 28960.00, -25709.00, 98.08, -97.85, 3.00
10.00, 29000.00, -25749.00, 97.97, -97.97, 3.00
10.00, 29036.00, -25790.00, 97.85, -97.97, 3.00
10.00, 29071.00, -25828.00, 97.63, -98.08, 3.00
10.00, 29110.00, -25868.00, 97.40, -98.08, 3.00
10.00, 29148.00, -25907.00, 97.18, -97.97, 3.00
10.00, 29186.00, -25944.00, 96.84, -97.85, 3.00
10.00, 29226.00, -25982.00, 96.50, -97.74, 3.00
10.00, 29264.00, -26022.00, 96.27, -97.51, 3.00
10.00, 29302.00, -26064.00, 96.05, -97.29, 3.00
10.00, 29339.00, -26100.00, 95.82, -97.06, 3.00
10.00, 29377.00, -26138.00, 95.59, -96.84, 3.00
10.00, 29416.00, -26176.00, 95.59, -96.50, 3.00
10.00, 29456.00, -26215.00, 95.71, -96.16, 3.00
10.00, 29495.00, -26253.00, 95.82, -95.93, 3.00
10.00, 29532.00, -26293.00, 96.16, -95.71, 3.00
10.00, 29570.00, -26333.00, 96.38, -95.59, 3.00
10.00, 29607.00, -26371.00, 96.72, -95.71, 3.00
10.00, 29645.00, -26408.00, 96.95, -95.82, 3.00
10.00, 29684.00, -26445.00, 97.29, -95.93, 3.00
10.00, 29723.00, -26484.00, 97.51, -96.16, 3.00
10.00, 29763.00, -26524.00, 97.74, -96.50, 3.00
10.00, 29800.00, -26564.00, 97.85, -96.84, 3.00
10.00, 29836.00, -26603.00, 97.97, -97.06, 3.00
10.00, 29874.00, -26640.00, 98.08, -97.40, 3.00
