25438.00, 634.00, 3269.00, 99.89, 99.89, 4.00
10.00, 637.00, 3271.00, -99.89, 98.87, 4.00
10.00, 640.00, 3282.00, -99.89, 98.87, 4.00
10.00, 634.00, 3301.00, -99.89, 98.64, 4.00
10.00, 621.00, 3325.00, -99.89, 98.19, 4.00
10.00, 600.00, 3353.00, -99.89, 97.51, 4.00
10.00, 575.00, 3383.00, -99.89, 96.27, 4.00
10.00, 545.00, 3412.00, -99.89, 94.01, 4.00
10.00, 514.00, 3445.00, -99.89, 90.40, 4.00
10.00, 482.00, 3479.00, -99.89, 84.18, 4.00
10.00, 449.00, 3516.00, -99.89, 74.24, 4.00
10.00, 414.00, 3551.00, -99.89, 56.38, 4.00
10.00, 377.00, 3584.00, -99.89, 30.73, 4.00
10.00, 341.00, 3615.00, -99.89, 2.37, 4.00
10.00, 304.00, 3641.00, -99.89, -23.84, 4.00
10.00, 265.00, 3660.00, -99.89, -44.97, 4.00
10.00, 229.00, 3672.00, -99.89, -57.51, 4.00
10.00, 191.00, 3678.00, -99.89, -64.29, 4.00
10.00, 151.00, 3676.00, -99.89, -67.91, 4.00
10.00, 111.00, 3668.00, -99.89, -68.02, 4.00
10.00, 69.00, 3653.00, -99.89, -63.73, 4.00
10.00, 29.00, 3635.00, -99.89, -55.93, 4.00
10.00, -11.00, 3617.00, -99.89, -43.28, 4.00
10.00, -52.00, 3599.00, -99.89, -28.36, 4.00
10.00, -93.00, 3583.00, -99.89, -11.53, 4.00
10.00, -136.00, 3568.00, -99.77, 4.75, 4.00
10.00, -180.00, 3556.00, -99.55, 20.56, 4.00
10.00, -221.00, 3546.00, -99.32, 34.46, 4.00
10.00, -265.00, 3543.00, -98.64, 46.21, 4.00
10.00, -305.00, 3544.00, -97.40, 53.67, 4.00
10.00, -345.00, 3551.00, -95.03, 58.53, 4.00
10.00, -387.00, 3563.00, -90.73, 60.68, 4.00
10.00, -430.00, 3577.00, -82.26, 61.24, 4.00
10.00, -473.00, 3593.00, -65.88, 61.69, 4.00
10.00, -511.00, 3610.00, -40.34, 62.26, 4.00
10.00, -548.00, 3631.00, -8.02, 62.37, 4.00
10.00, -579.00, 3651.00, 23.50, 62.94, 4.00
10.00, -605.00, 3672.00, 48.14, 63.39, 4.00
10.00, -622.00, 3694.00, 63.95, 64.52, 4.00
10.00, -630.00, 3717.00, 72.66, 65.76, 4.00
10.00, -630.00, 3739.00, 76.84, 67.12, 4.00
10.00, -623.00, 3763.00, 77.18, 68.25, 4.00
10.00, -610.00, 3787.00, 75.71, 69.38, 4.00
10.00, -593.00, 3814.00, 70.96, 69.83, 4.00
10.00, -574.00, 3839.00, 63.50, 69.72, 4.00
10.00, -552.00, 3866.00, 52.66, 68.36, 4.00
10.00, -531.00, 3893.00, 38.31, 66.67, 4.00
10.00, -510.00, 3918.00, 21.02, 63.84, 4.00
10.00, -490.00, 3944.00, 3.05, 60.79, 4.00
10.00, -475.00, 3970.00, -14.12, 55.71, 4.00
10.00, -462.00, 3996.00, -28.14, 49.94, 4.00
10.00, -456.00, 4023.00, -37.40, 41.58, 4.00
10.00, -454.00, 4048.00, -43.95, 30.96, 4.00
10.00, -456.00, 4070.00, -45.99, 19.32, 4.00
10.00, -462.00, 4089.00, -45.31, 7.80, 4.00
10.00, -473.00, 4105.00, -41.81, -3.62, 4.00
10.00, -484.00, 4117.00, -34.35, -14.24, 4.00
10.00, -498.00, 4124.00, -24.86, -23.28, 4.00
10.00, -508.00, 4127.00, -15.82, -29.04, 4.00
10.00, -519.00, 4127.00, -4.63, -32.43, 4.00
10.00, -527.00, 4126.00, 3.95, -33.56, 4.00
10.00, -535.00, 4123.00, 11.75, -34.69, 4.00
10.00, -538.00, 4116.00, 18.53, -34.01, 4.00
10.00, -539.00, 4108.00, 22.71, -31.41, 4.00
10.00, -539.00, 4099.00, 23.50, -27.12, 4.00
10.00, -536.00, 4090.00, 23.50, -21.81, 4.00
10.00, -531.00, 4081.00, 21.81, -15.93, 4.00
10.00, -525.00, 4073.00, 18.42, -9.49, 4.00
10.00, -519.00, 4066.00, 12.43, -2.60, 4.00
10.00, -513.00, 4061.00, 7.23, 2.60, 4.00
10.00, -509.00, 4057.00, 1.92, 8.14, 4.00
10.00, -505.00, 4056.00, -1.47, 12.54, 4.00
10.00, -503.00, 4055.00, -5.20, 15.71, 4.00
10.00, -501.00, 4056.00, -8.02, 18.31, 4.00
10.00, -502.00, 4058.00, -9.27, 19.44, 4.00
10.00, -502.00, 4060.00, -9.83, 20.56, 4.00
10.00, -503.00, 4063.00, -10.51, 20.90, 4.00
10.00, -505.00, 4067.00, -11.53, 20.45, 4.00
10.00, -507.00, 4072.00, -11.07, 19.10, 4.00
10.00, -510.00, 4078.00, -11.07, 16.95, 4.00
10.00, -513.00, 4084.00, -10.62, 14.46, 4.00
10.00, -516.00, 4089.00, -10.85, 11.07, 4.00
10.00, -519.00, 4093.00, -11.64, 7.34, 4.00
10.00, -521.00, 4097.00, -13.33, 4.63, 4.00
10.00, -525.00, 4100.00, -15.93, 1.69, 4.00
10.00, -530.00, 4102.00, -19.44, -0.56, 4.00
10.00, -534.00, 4103.00, -22.49, -2.49, 4.00
10.00, -539.00, 4104.00, -27.46, -4.29, 4.00
10.00, -544.00, 4104.00, -33.45, -5.65, 4.00
10.00, -551.00, 4104.00, -38.87, -6.33, 4.00
10.00, -561.00, 4104.00, -44.63, -6.89, 4.00
10.00, -572.00, 4104.00, -50.40, -7.34, 4.00
10.00, -585.00, 4103.00, -55.14, -7.80, 4.00
10.00, -600.00, 4103.00, -59.89, -7.68, 4.00
10.00, -617.00, 4101.00, -63.50, -7.91, 4.00
10.00, -636.00, 4100.00, -67.01, -7.57, 4.00
10.00, -655.00, 4099.00, -69.38, -7.23, 4.00
10.00, -676.00, 4097.00, -71.86, -6.33, 4.00
10.00, -700.00, 4096.00, -73.56, -5.88, 4.00
10.00, -725.00, 4094.00, -74.46, -4.97, 4.00
10.00, -750.00, 4093.00, -74.92, -4.52, 4.00
10.00, -777.00, 4092.00, -74.69, -3.73, 4.00
10.00, -804.00, 4091.00, -73.33, -3.39, 4.00
10.00, -831.00, 4091.00, -71.41, -3.05, 4.00
10.00, -859.00, 4091.00, -68.70, -2.94, 4.00
10.00, -889.00, 4090.00, -64.07, -2.82, 4.00
10.00, -917.00, 4090.00, -57.85, -2.60, 4.00
10.00, -943.00, 4089.00, -50.17, -2.49, 4.00
10.00, -969.00, 4088.00, -41.36, -2.49, 4.00
10.00, -994.00, 4088.00, -29.83, -2.49, 4.00
10.00, -1017.00, 4088.00, -17.29, -2.37, 4.00
10.00, -1037.00, 4088.00, -4.07, -2.26, 4.00
10.00, -1053.00, 4088.00, 8.81, -2.15, 4.00
10.00, -1065.00, 4088.00, 19.89, -2.03, 4.00
10.00, -1072.00, 4087.00, 28.59, -1.92, 4.00
10.00, -1073.00, 4087.00, 34.35, -2.15, 4.00
10.00, -1073.00, 4086.00, 37.29, -1.92, 4.00
10.00, -1070.00, 4087.00, 38.53, -2.15, 4.00
10.00, -1064.00, 4087.00, 38.98, -1.69, 4.00
10.00, -1056.00, 4087.00, 36.72, -1.47, 4.00
10.00, -1046.00, 4086.00, 32.88, -1.36, 4.00
10.00, -1036.00, 4086.00, 29.04, -1.69, 4.00
10.00, -1025.00, 4086.00, 24.29, -1.47, 4.00
10.00, -1015.00, 4086.00, 19.10, -1.36, 4.00
10.00, -1005.00, 4086.00, 14.01, -1.13, 4.00
10.00, -996.00, 4087.00, 9.72, -1.02, 4.00
10.00, -990.00, 4086.00, 6.33, -0.90, 4.00
10.00, -984.00, 4086.00, 3.95, -0.68, 4.00
10.00, -979.00, 4086.00, 2.37, -0.56, 4.00
10.00, -976.00, 4086.00, 1.36, -0.45, 4.00
10.00, -974.00, 4087.00, 1.02, 0.00, 4.00
10.00, -973.00, 4086.00, 0.79, -0.23, 4.00
10.00, -972.00, 4086.00, 0.68, -0.11, 4.00
10.00, -972.00, 4086.00, 0.68, 0.00, 4.00
10.00, -972.00, 4086.00, 0.56, 0.00, 4.00
10.00, -972.00, 4086.00, 0.45, 0.11, 4.00
10.00, -972.00, 4087.00, 0.23, 0.23, 4.00
10.00, -972.00, 4086.00, 0.00, 0.34, 4.00
10.00, -972.00, 4087.00, -0.34, 0.45, 4.00
10.00, -972.00, 4086.00, -0.79, 1.13, 4.00
10.00, -972.00, 4086.00, -1.36, 0.68, 4.00
10.00, -972.00, 4087.00, -1.92, 1.24, 4.00
10.00, -972.00, 4087.00, -2.49, 0.79, 4.00
10.00, -972.00, 4087.00, -3.16, 1.36, 4.00
10.00, -972.00, 4087.00, -3.84, 1.36, 4.00
10.00, -973.00, 4087.00, -4.52, 1.47, 4.00
10.00, -973.00, 4087.00, -5.65, 1.47, 4.00
10.00, -973.00, 4087.00, -6.33, 1.47, 4.00
10.00, -974.00, 4087.00, -7.01, 1.58, 4.00
10.00, -974.00, 4087.00, -8.14, 1.58, 4.00
10.00, -975.00, 4087.00, -8.81, 1.58, 4.00
10.00, -976.00, 4087.00, -9.94, 1.69, 4.00
10.00, -977.00, 4087.00, -10.62, 1.69, 4.00
10.00, -979.00, 4087.00, -12.09, 1.69, 4.00
10.00, -981.00, 4087.00, -13.11, 1.69, 4.00
10.00, -983.00, 4087.00, -14.46, 1.81, 4.00
10.00, -986.00, 4087.00, -15.82, 1.81, 4.00
10.00, -989.00, 4087.00, -17.51, 1.81, 4.00
10.00, -993.00, 4087.00, -19.10, 1.81, 4.00
10.00, -997.00, 4087.00, -21.02, 1.92, 4.00
10.00, -1002.00, 4087.00, -22.82, 1.92, 4.00
10.00, -1008.00, 4087.00, -24.86, 1.92, 4.00
10.00, -1014.00, 4087.00, -26.78, 1.92, 4.00
10.00, -1021.00, 4087.00, -29.38, 1.92, 4.00
10.00, -1028.00, 4087.00, -31.19, 2.03, 4.00
10.00, -1037.00, 4087.00, -33.33, 2.03, 4.00
10.00, -1046.00, 4087.00, -36.05, 2.03, 4.00
10.00, -1056.00, 4087.00, -37.97, 2.03, 4.00
10.00, -1067.00, 4087.00, -40.56, 2.03, 4.00
10.00, -1078.00, 4087.00, -43.16, 2.03, 4.00
10.00, -1091.00, 4087.00, -45.42, 2.03, 4.00
10.00, -1105.00, 4087.00, -48.02, 2.15, 4.00
10.00, -1120.00, 4087.00, -50.73, 2.15, 4.00
10.00, -1136.00, 4087.00, -52.88, 2.15, 4.00
10.00, -1152.00, 4088.00, -55.03, 2.15, 4.00
10.00, -1170.00, 4088.00, -57.18, 2.15, 4.00
10.00, -1189.00, 4087.00, -60.00, 2.15, 4.00
10.00, -1208.00, 4087.00, -61.92, 2.15, 4.00
10.00, -1230.00, 4087.00, -63.84, 2.15, 4.00
10.00, -1251.00, 4087.00, -65.99, 2.15, 4.00
10.00, -1274.00, 4088.00, -68.14, 2.71, 4.00
10.00, -1297.00, 4087.00, -69.83, 2.15, 4.00
10.00, -1322.00, 4088.00, -71.86, 2.15, 4.00
10.00, -1346.00, 4088.00, -73.45, 2.71, 4.00
10.00, -1374.00, 4088.00, -75.25, 2.71, 4.00
10.00, -1401.00, 4088.00, -77.18, 2.71, 4.00
10.00, -1429.00, 4088.00, -79.21, 2.60, 4.00
10.00, -1458.00, 4088.00, -81.58, 2.60, 4.00
10.00, -1488.00, 4088.00, -83.62, 2.60, 4.00
10.00, -1519.00, 4088.00, -85.31, 2.49, 4.00
10.00, -1550.00, 4088.00, -87.23, 2.49, 4.00
10.00, -1582.00, 4088.00, -89.38, 2.49, 4.00
10.00, -1614.00, 4088.00, -91.07, 2.49, 4.00
10.00, -1648.00, 4088.00, -92.66, 2.94, 4.00
10.00, -1684.00, 4089.00, -94.12, 2.94, 4.00
10.00, -1719.00, 4088.00, -95.48, 2.26, 4.00
10.00, -1755.00, 4088.00, -96.50, 2.26, 4.00
10.00, -1791.00, 4088.00, -97.40, 2.26, 4.00
10.00, -1827.00, 4089.00, -98.08, 2.26, 4.00
10.00, -1865.00, 4090.00, -98.53, 2.26, 4.00
10.00, -1904.00, 4090.00, -98.87, 2.71, 4.00
10.00, -1943.00, 4089.00, -99.21, 3.16, 4.00
10.00, -1982.00, 4089.00, -99.44, 3.16, 4.00
10.00, -2022.00, 4088.00, -99.55, 2.49, 4.00
10.00, -2060.00, 4088.00, -99.66, 1.92, 4.00
10.00, -2099.00, 4088.00, -99.77, 1.92, 4.00
10.00, -2138.00, 4090.00, -99.77, 1.92, 4.00
10.00, -2178.00, 4090.00, -99.77, 2.94, 4.00
10.00, -2219.00, 4090.00, -99.77, 2.82, 4.00
10.00, -2258.00, 4088.00, -99.89, 2.71, 4.00
10.00, -2298.00, 4088.00, -99.89, 2.15, 4.00
10.00, -2338.00, 4088.00, -99.89, 1.58, 4.00
10.00, -2376.00, 4089.00, -99.89, 1.58, 4.00
10.00, -2419.00, 4091.00, -99.89, 2.15, 4.00
10.00, -2463.00, 4091.00, -99.89, 2.60, 4.00
10.00, -2506.00, 4090.00, -99.77, 2.49, 4.00
10.00, -2547.00, 4088.00, -99.77, 2.49, 4.00
10.00, -2587.00, 4087.00, -99.77, 1.24, 4.00
10.00, -2627.00, 4088.00, -99.77, 0.79, 4.00
10.00, -2669.00, 4089.00, -99.66, 1.36, 4.00
10.00, -2713.00, 4090.00, -99.66, 1.92, 4.00
10.00, -2755.00, 4090.00, -99.66, 2.49, 4.00
10.00, -2797.00, 4088.00, -99.55, 2.37, 4.00
10.00, -2839.00, 4087.00, -99.55, 1.81, 4.00
10.00, -2880.00, 4087.00, -99.55, 0.68, 4.00
10.00, -2920.00, 4089.00, -99.44, 0.68, 4.00
10.00, -2962.00, 4090.00, -99.44, 1.92, 4.00
10.00, -3006.00, 4090.00, -99.44, 2.37, 4.00
10.00, -3046.00, 4090.00, -99.55, 2.37, 4.00
10.00, -3087.00, 4087.00, -99.55, 2.26, 4.00
10.00, -3126.00, 4087.00, -99.55, 1.13, 4.00
10.00, -3167.00, 4088.00, -99.66, 0.56, 4.00
10.00, -3208.00, 4089.00, -99.66, 1.24, 4.00
10.00, -3248.00, 4089.00, -99.66, 1.81, 4.00
10.00, -3290.00, 4089.00, -99.66, 1.69, 4.00
10.00, -3330.00, 4088.00, -99.66, 1.69, 4.00
10.00, -3370.00, 4088.00, -99.66, 1.13, 4.00
10.00, -3409.00, 4089.00, -99.66, 1.13, 4.00
10.00, -3450.00, 4089.00, -99.66, 1.24, 4.00
10.00, -3490.00, 4089.00, -99.66, 1.81, 4.00
10.00, -3530.00, 4089.00, -99.55, 1.81, 4.00
10.00, -3570.00, 4087.00, -99.55, 1.69, 4.00
10.00, -3609.00, 4087.00, -99.44, 1.13, 4.00
10.00, -3646.00, 4088.00, -99.32, 0.68, 4.00
10.00, -3686.00, 4090.00, -99.21, 1.24, 4.00
10.00, -3727.00, 4090.00, -99.10, 2.37, 4.00
10.00, -3766.00, 4090.00, -98.98, 2.82, 4.00
10.00, -3806.00, 4088.00, -98.87, 2.15, 4.00
10.00, -3846.00, 4087.00, -98.76, 1.58, 4.00
10.00, -3885.00, 4087.00, -98.76, 0.45, 4.00
10.00, -3923.00, 4089.00, -98.76, 0.56, 4.00
10.00, -3965.00, 4090.00, -98.76, 1.69, 4.00
10.00, -4009.00, 4090.00, -98.87, 2.26, 4.00
10.00, -4050.00, 4089.00, -98.98, 2.15, 4.00
10.00, -4089.00, 4087.00, -99.10, 1.58, 4.00
10.00, -4129.00, 4087.00, -99.10, 0.45, 4.00
10.00, -4169.00, 4089.00, -99.21, 0.56, 4.00
10.00, -4210.00, 4091.00, -99.32, 1.13, 4.00
10.00, -4252.00, 4090.00, -99.32, 2.26, 4.00
10.00, -4296.00, 4090.00, -99.32, 2.15, 4.00
10.00, -4336.00, 4088.00, -99.44, 2.15, 4.00
10.00, -4377.00, 4087.00, -99.44, 1.58, 4.00
10.00, -4417.00, 4088.00, -99.44, 0.45, 4.00
10.00, -4458.00, 4090.00, -99.32, 1.02, 4.00
10.00, -4499.00, 4090.00, -99.32, 2.15, 4.00
10.00, -4541.00, 4090.00, -99.21, 2.15, 4.00
10.00, -4583.00, 4089.00, -99.21, 2.03, 4.00
10.00, -4622.00, 4087.00, -99.10, 1.47, 4.00
10.00, -4663.00, 4088.00, -98.98, 0.34, 4.00
10.00, -4703.00, 4089.00, -98.87, 0.45, 4.00
10.00, -4743.00, 4090.00, -98.76, 1.58, 4.00
10.00, -4784.00, 4090.00, -98.64, 2.15, 4.00
10.00, -4824.00, 4089.00, -98.64, 2.03, 4.00
10.00, -4864.00, 4088.00, -98.53, 1.47, 4.00
10.00, -4903.00, 4088.00, -98.64, 0.90, 4.00
10.00, -4942.00, 4089.00, -98.64, 0.90, 4.00
10.00, -4983.00, 4090.00, -98.76, 1.47, 4.00
10.00, -5024.00, 4089.00, -98.87, 2.03, 4.00
10.00, -5065.00, 4089.00, -98.98, 2.03, 4.00
10.00, -5104.00, 4089.00, -99.10, 1.36, 4.00
10.00, -5144.00, 4089.00, -99.21, 1.36, 4.00
10.00, -5183.00, 4089.00, -99.32, 0.79, 4.00
10.00, -5223.00, 4090.00, -99.32, 1.36, 4.00
10.00, -5264.00, 4090.00, -99.44, 1.92, 4.00
10.00, -5306.00, 4090.00, -99.44, 1.92, 4.00
10.00, -5347.00, 4089.00, -99.44, 1.81, 4.00
10.00, -5387.00, 4087.00, -99.44, 1.24, 4.00
10.00, -5427.00, 4088.00, -99.44, 0.11, 4.00
10.00, -5467.00, 4090.00, -99.44, 0.23, 4.00
10.00, -5508.00, 4090.00, -99.44, 1.47, 4.00
10.00, -5550.00, 4090.00, -99.44, 2.49, 4.00
10.00, -5589.00, 4090.00, -99.32, 2.37, 4.00
10.00, -5628.00, 4088.00, -99.21, 1.69, 4.00
10.00, -5667.00, 4088.00, -99.10, 0.56, 4.00
10.00, -5707.00, 4089.00, -98.98, 0.68, 4.00
10.00, -5746.00, 4091.00, -98.98, 1.24, 4.00
10.00, -5787.00, 4091.00, -98.87, 2.37, 4.00
10.00, -5829.00, 4090.00, -98.76, 2.26, 4.00
10.00, -5868.00, 4089.00, -98.76, 2.15, 4.00
10.00, -5907.00, 4088.00, -98.76, 1.02, 4.00
10.00, -5945.00, 4089.00, -98.76, 0.45, 4.00
10.00, -5985.00, 4091.00, -98.76, 0.45, 4.00
10.00, -6025.00, 4091.00, -98.87, 1.58, 4.00
10.00, -6064.00, 4090.00, -98.98, 2.15, 4.00
10.00, -6104.00, 4089.00, -99.10, 2.03, 4.00
10.00, -6144.00, 4088.00, -99.21, 1.36, 4.00
10.00, -6182.00, 4089.00, -99.32, 0.79, 4.00
10.00, -6220.00, 4090.00, -99.32, 0.34, 4.00
10.00, -6262.00, 4091.00, -99.44, 1.47, 4.00
10.00, -6303.00, 4091.00, -99.44, 1.92, 4.00
10.00, -6344.00, 4090.00, -99.55, 1.92, 4.00
10.00, -6385.00, 4088.00, -99.55, 1.24, 4.00
10.00, -6423.00, 4088.00, -99.55, 0.68, 4.00
10.00, -6462.00, 4089.00, -99.55, 0.11, 4.00
10.00, -6502.00, 4090.00, -99.55, 0.23, 4.00
10.00, -6545.00, 4091.00, -99.44, 1.36, 4.00
10.00, -6588.00, 4090.00, -99.44, 1.92, 4.00
10.00, -6629.00, 4089.00, -99.32, 1.81, 4.00
10.00, -6669.00, 4088.00, -99.32, 0.68, 4.00
10.00, -6708.00, 4089.00, -99.21, 0.11, 4.00
10.00, -6748.00, 4090.00, -99.10, 0.23, 4.00
10.00, -6791.00, 4090.00, -98.98, 1.36, 4.00
10.00, -6833.00, 4090.00, -98.87, 1.36, 4.00
10.00, -6873.00, 4089.00, -98.87, 1.24, 4.00
10.00, -6915.00, 4088.00, -98.76, 1.24, 4.00
10.00, -6955.00, 4088.00, -98.87, 0.11, 4.00
10.00, -6994.00, 4090.00, -98.87, 0.23, 4.00
10.00, -7033.00, 4091.00, -98.87, 0.79, 4.00
10.00, -7076.00, 4091.00, -98.98, 1.92, 4.00
10.00, -7118.00, 4090.00, -99.10, 1.81, 4.00
10.00, -7158.00, 4089.00, -99.21, 1.81, 4.00
10.00, -7197.00, 4088.00, -99.32, 0.56, 4.00
10.00, -7235.00, 4089.00, -99.32, 0.11, 4.00
10.00, -7275.00, 4091.00, -99.44, 0.68, 4.00
10.00, -7316.00, 4092.00, -99.44, 1.81, 4.00
10.00, -7356.00, 4091.00, -99.55, 2.26, 4.00
10.00, -7396.00, 4089.00, -99.55, 1.58, 4.00
10.00, -7435.00, 4088.00, -99.55, 1.02, 4.00
10.00, -7472.00, 4089.00, -99.55, 0.00, 4.00
10.00, -7511.00, 4091.00, -99.55, 0.45, 4.00
10.00, -7552.00, 4091.00, -99.44, 1.13, 4.00
10.00, -7592.00, 4091.00, -99.44, 1.58, 4.00
10.00, -7632.00, 4090.00, -99.32, 1.58, 4.00
10.00, -7673.00, 4088.00, -99.32, 0.90, 4.00
10.00, -7712.00, 4088.00, -99.21, 0.34, 4.00
10.00, -7750.00, 4090.00, -99.10, 0.00, 4.00
10.00, -7791.00, 4092.00, -98.98, 0.45, 4.00
10.00, -7833.00, 4092.00, -98.87, 1.58, 4.00
10.00, -7872.00, 4091.00, -98.76, 2.03, 4.00
10.00, -7913.00, 4089.00, -98.76, 1.36, 4.00
10.00, -7953.00, 4088.00, -98.76, 0.79, 4.00
10.00, -7991.00, 4089.00, -98.76, -0.23, 4.00
10.00, -8030.00, 4091.00, -98.76, 0.34, 4.00
10.00, -8073.00, 4091.00, -98.87, 1.47, 4.00
10.00, -8116.00, 4091.00, -98.98, 1.36, 4.00
10.00, -8156.00, 4090.00, -99.10, 1.36, 4.00
10.00, -8196.00, 4088.00, -99.21, 0.79, 4.00
10.00, -8237.00, 4088.00, -99.32, -0.23, 4.00
10.00, -8277.00, 4091.00, -99.44, -0.11, 4.00
10.00, -8318.00, 4092.00, -99.44, 0.90, 4.00
10.00, -8361.00, 4092.00, -99.44, 1.92, 4.00
10.00, -8402.00, 4091.00, -99.55, 1.81, 4.00
10.00, -8442.00, 4090.00, -99.55, 1.24, 4.00
10.00, -8481.00, 4089.00, -99.55, 0.56, 4.00
10.00, -8520.00, 4090.00, -99.55, 0.11, 4.00
10.00, -8560.00, 4092.00, -99.44, 0.68, 4.00
10.00, -8601.00, 4092.00, -99.44, 1.69, 4.00
10.00, -8642.00, 4091.00, -99.44, 1.69, 4.00
10.00, -8683.00, 4090.00, -99.32, 1.58, 4.00
10.00, -8724.00, 4089.00, -99.21, 0.90, 4.00
10.00, -8762.00, 4090.00, -99.10, -0.11, 4.00
10.00, -8802.00, 4091.00, -98.98, 0.00, 4.00
10.00, -8843.00, 4092.00, -98.87, 1.02, 4.00
10.00, -8885.00, 4092.00, -98.87, 1.47, 4.00
10.00, -8926.00, 4091.00, -98.76, 1.36, 4.00
10.00, -8966.00, 4089.00, -98.76, 0.79, 4.00
10.00, -9005.00, 4089.00, -98.76, 0.23, 4.00
10.00, -9044.00, 4091.00, -98.87, -0.23, 4.00
10.00, -9086.00, 4092.00, -98.87, 0.23, 4.00
10.00, -9128.00, 4091.00, -98.98, 1.36, 4.00
10.00, -9170.00, 4091.00, -99.10, 1.24, 4.00
10.00, -9211.00, 4089.00, -99.21, 0.68, 4.00
10.00, -9251.00, 4089.00, -99.32, 0.11, 4.00
10.00, -9290.00, 4090.00, -99.32, -0.34, 4.00
10.00, -9330.00, 4093.00, -99.44, 0.11, 4.00
10.00, -9372.00, 4094.00, -99.44, 1.24, 4.00
10.00, -9413.00, 4093.00, -99.55, 2.26, 4.00
10.00, -9454.00, 4089.00, -99.55, 2.15, 4.00
10.00, -9494.00, 4088.00, -99.55, -0.11, 4.00
10.00, -9533.00, 4089.00, -99.55, -1.13, 4.00
10.00, -9573.00, 4091.00, -99.44, -1.02, 4.00
10.00, -9614.00, 4092.00, -99.44, 0.00, 4.00
10.00, -9655.00, 4092.00, -99.44, 0.56, 4.00
10.00, -9695.00, 4091.00, -99.32, 1.13, 4.00
10.00, -9734.00, 4089.00, -99.21, 1.02, 4.00
10.00, -9773.00, 4089.00, -99.10, 0.00, 4.00
10.00, -9811.00, 4091.00, -98.98, -0.56, 4.00
10.00, -9850.00, 4092.00, -98.87, 0.00, 4.00
10.00, -9890.00, 4092.00, -98.87, 1.13, 4.00
10.00, -9930.00, 4091.00, -98.76, 0.45, 4.00
10.00, -9969.00, 4091.00, -98.76, 0.45, 4.00
10.00, -10007.00, 4090.00, -98.76, 0.45, 4.00
10.00, -10046.00, 4091.00, -98.76, 0.00, 4.00
10.00, -10086.00, 4092.00, -98.76, 0.00, 4.00
10.00, -10127.00, 4092.00, -98.87, 1.02, 4.00
10.00, -10168.00, 4092.00, -98.98, 0.90, 4.00
10.00, -10209.00, 4091.00, -99.10, 0.90, 4.00
10.00, -10248.00, 4090.00, -99.21, 0.23, 4.00
10.00, -10287.00, 4090.00, -99.32, -0.23, 4.00
10.00, -10326.00, 4092.00, -99.32, -0.11, 4.00
10.00, -10367.00, 4092.00, -99.44, 0.34, 4.00
10.00, -10410.00, 4092.00, -99.44, 0.79, 4.00
10.00, -10451.00, 4091.00, -99.55, 0.79, 4.00
10.00, -10492.00, 4090.00, -99.55, 0.23, 4.00
10.00, -10531.00, 4090.00, -99.55, -0.23, 4.00
10.00, -10570.00, 4091.00, -99.55, -0.23, 4.00
10.00, -10613.00, 4092.00, -99.44, 0.23, 4.00
10.00, -10655.00, 4092.00, -99.44, 0.79, 4.00
10.00, -10696.00, 4091.00, -99.44, 0.68, 4.00
10.00, -10737.00, 4089.00, -99.32, 0.68, 4.00
10.00, -10777.00, 4089.00, -99.21, -0.90, 4.00
10.00, -10816.00, 4090.00, -99.10, -0.79, 4.00
10.00, -10857.00, 4092.00, -98.98, -0.23, 4.00
10.00, -10899.00, 4092.00, -98.87, 0.79, 4.00
10.00, -10940.00, 4092.00, -98.87, 0.79, 4.00
10.00, -10981.00, 4091.00, -98.76, 0.68, 4.00
10.00, -11021.00, 4089.00, -98.76, 0.11, 4.00
10.00, -11060.00, 4090.00, -98.76, -0.34, 4.00
10.00, -11100.00, 4092.00, -98.87, -0.34, 4.00
10.00, -11139.00, 4092.00, -98.98, 0.11, 4.00
10.00, -11181.00, 4092.00, -98.98, 0.68, 4.00
10.00, -11222.00, 4091.00, -99.10, 0.68, 4.00
10.00, -11261.00, 4090.00, -99.21, 0.56, 4.00
10.00, -11298.00, 4090.00, -99.32, -0.45, 4.00
10.00, -11337.00, 4091.00, -99.32, -0.45, 4.00
10.00, -11378.00, 4093.00, -99.44, 0.11, 4.00
10.00, -11419.00, 4093.00, -99.44, 0.56, 4.00
10.00, -11460.00, 4092.00, -99.55, 1.13, 4.00
10.00, -11501.00, 4090.00, -99.55, 1.02, 4.00
10.00, -11540.00, 4089.00, -99.55, -0.56, 4.00
10.00, -11578.00, 4090.00, -99.55, -1.13, 4.00
10.00, -11618.00, 4092.00, -99.44, -1.02, 4.00
10.00, -11661.00, 4092.00, -99.44, 0.56, 4.00
10.00, -11701.00, 4092.00, -99.44, 0.56, 4.00
10.00, -11743.00, 4091.00, -99.32, 0.45, 4.00
10.00, -11784.00, 4089.00, -99.21, 0.00, 4.00
10.00, -11821.00, 4089.00, -99.10, -1.02, 4.00
10.00, -11861.00, 4091.00, -98.98, -1.02, 4.00
10.00, -11902.00, 4092.00, -98.87, -0.34, 4.00
10.00, -11943.00, 4092.00, -98.87, 0.68, 4.00
10.00, -11983.00, 4091.00, -98.76, 0.56, 4.00
10.00, -12025.00, 4089.00, -98.76, 0.56, 4.00
10.00, -12064.00, 4089.00, -98.76, -1.02, 4.00
10.00, -12102.00, 4091.00, -98.76, -0.90, 4.00
10.00, -12143.00, 4092.00, -98.87, -0.34, 4.00
10.00, -12185.00, 4092.00, -98.98, 0.68, 4.00
10.00, -12226.00, 4091.00, -99.10, 0.68, 4.00
10.00, -12265.00, 4090.00, -99.21, 0.56, 4.00
10.00, -12306.00, 4089.00, -99.21, -0.45, 4.00
10.00, -12345.00, 4090.00, -99.32, -0.90, 4.00
10.00, -12383.00, 4092.00, -99.44, -0.79, 4.00
10.00, -12425.00, 4092.00, -99.44, 0.23, 4.00
10.00, -12466.00, 4092.00, -99.44, 0.79, 4.00
10.00, -12506.00, 4090.00, -99.55, 0.68, 4.00
10.00, -12546.00, 4089.00, -99.55, 0.11, 4.00
10.00, -12585.00, 4089.00, -99.55, -0.90, 4.00
10.00, -12624.00, 4091.00, -99.55, -0.79, 4.00
10.00, -12665.00, 4092.00, -99.44, -0.11, 4.00
10.00, -12706.00, 4092.00, -99.44, 0.79, 4.00
10.00, -12748.00, 4091.00, -99.32, 0.79, 4.00
10.00, -12790.00, 4089.00, -99.32, 0.68, 4.00
10.00, -12830.00, 4088.00, -99.21, -0.90, 4.00
10.00, -12870.00, 4090.00, -99.10, -1.36, 4.00
10.00, -12910.00, 4091.00, -98.98, -0.68, 4.00
10.00, -12952.00, 4092.00, -98.87, 0.45, 4.00
10.00, -12995.00, 4092.00, -98.87, 0.90, 4.00
10.00, -13036.00, 4090.00, -98.76, 0.90, 4.00
10.00, -13076.00, 4088.00, -98.76, 0.23, 4.00
10.00, -13116.00, 4088.00, -98.87, -1.24, 4.00
10.00, -13157.00, 4091.00, -98.87, -1.13, 4.00
10.00, -13199.00, 4092.00, -98.98, 0.45, 4.00
10.00, -13239.00, 4091.00, -99.10, 1.02, 4.00
10.00, -13281.00, 4090.00, -99.21, 0.90, 4.00
10.00, -13322.00, 4088.00, -99.21, 0.34, 4.00
10.00, -13361.00, 4088.00, -99.32, -1.24, 4.00
10.00, -13401.00, 4090.00, -99.44, -1.02, 4.00
10.00, -13442.00, 4091.00, -99.44, -0.45, 4.00
10.00, -13484.00, 4091.00, -99.44, 0.68, 4.00
10.00, -13523.00, 4090.00, -99.55, 0.56, 4.00
10.00, -13563.00, 4088.00, -99.55, 0.56, 4.00
10.00, -13603.00, 4088.00, -99.55, -0.45, 4.00
10.00, -13641.00, 4090.00, -99.55, -0.90, 4.00
10.00, -13679.00, 4091.00, -99.44, -0.23, 4.00
10.00, -13719.00, 4091.00, -99.44, 0.79, 4.00
10.00, -13759.00, 4091.00, -99.32, 0.79, 4.00
10.00, -13798.00, 4091.00, -99.32, 0.68, 4.00
10.00, -13837.00, 4089.00, -99.21, 0.68, 4.00
10.00, -13875.00, 4090.00, -99.10, 0.11, 4.00
10.00, -13914.00, 4092.00, -98.98, 0.11, 4.00
10.00, -13955.00, 4092.00, -98.87, 1.24, 4.00
10.00, -13996.00, 4092.00, -98.76, 1.69, 4.00
10.00, -14036.00, 4091.00, -98.76, 1.02, 4.00
10.00, -14075.00, 4089.00, -98.64, 0.45, 4.00
10.00, -14114.00, 4089.00, -98.76, 0.00, 4.00
10.00, -14152.00, 4091.00, -98.76, -0.56, 4.00
10.00, -14193.00, 4092.00, -98.87, 0.45, 4.00
10.00, -14234.00, 4092.00, -98.98, 1.02, 4.00
10.00, -14276.00, 4092.00, -99.10, 0.90, 4.00
10.00, -14317.00, 4090.00, -99.21, 0.90, 4.00
10.00, -14356.00, 4090.00, -99.32, 0.23, 4.00
10.00, -14397.00, 4090.00, -99.32, -0.11, 4.00
10.00, -14438.00, 4092.00, -99.44, -0.11, 4.00
10.00, -14478.00, 4092.00, -99.44, 0.90, 4.00
10.00, -14520.00, 4092.00, -99.55, 0.79, 4.00
10.00, -14561.00, 4090.00, -99.55, 0.79, 4.00
10.00, -14600.00, 4090.00, -99.55, 0.11, 4.00
10.00, -14639.00, 4090.00, -99.55, -0.34, 4.00
10.00, -14679.00, 4092.00, -99.55, -0.23, 4.00
10.00, -14721.00, 4092.00, -99.44, 0.23, 4.00
10.00, -14763.00, 4092.00, -99.44, 0.79, 4.00
10.00, -14804.00, 4091.00, -99.32, 0.68, 4.00
10.00, -14844.00, 4089.00, -99.32, 0.11, 4.00
10.00, -14883.00, 4089.00, -99.21, -0.90, 4.00
10.00, -14921.00, 4091.00, -99.10, -0.79, 4.00
10.00, -14962.00, 4092.00, -98.98, 0.23, 4.00
10.00, -15002.00, 4092.00, -98.87, 0.79, 4.00
10.00, -15043.00, 4092.00, -98.76, 0.68, 4.00
10.00, -15084.00, 4090.00, -98.76, 0.68, 4.00
10.00, -15123.00, 4089.00, -98.76, 0.11, 4.00
10.00, -15161.00, 4090.00, -98.76, -0.90, 4.00
10.00, -15200.00, 4092.00, -98.87, -0.34, 4.00
10.00, -15242.00, 4092.00, -98.98, 0.68, 4.00
10.00, -15284.00, 4092.00, -98.98, 0.68, 4.00
10.00, -15325.00, 4091.00, -99.21, 0.56, 4.00
10.00, -15366.00, 4089.00, -99.21, 0.56, 4.00
10.00, -15404.00, 4089.00, -99.32, -0.45, 4.00
10.00, -15443.00, 4092.00, -99.44, -1.02, 4.00
10.00, -15484.00, 4093.00, -99.44, 0.11, 4.00
10.00, -15527.00, 4093.00, -99.44, 1.13, 4.00
10.00, -15568.00, 4092.00, -99.55, 1.02, 4.00
10.00, -15607.00, 4090.00, -99.55, 0.45, 4.00
10.00, -15647.00, 4089.00, -99.55, 0.00, 4.00
10.00, -15686.00, 4091.00, -99.55, -1.13, 4.00
10.00, -15726.00, 4092.00, -99.44, -0.45, 4.00
10.00, -15768.00, 4093.00, -99.44, 0.56, 4.00
10.00, -15809.00, 4092.00, -99.32, 1.02, 4.00
10.00, -15850.00, 4090.00, -99.32, 0.34, 4.00
11.00, -15891.00, 4089.00, -99.21, -0.68, 4.00
10.00, -15929.00, 4090.00, -99.10, -1.13, 4.00
10.00, -15969.00, 4092.00, -98.98, -1.02, 4.00
10.00, -16010.00, 4092.00, -98.87, 0.00, 4.00
10.00, -16049.00, 4092.00, -98.76, 0.56, 4.00
10.00, -16090.00, 4090.00, -98.76, 0.56, 4.00
10.00, -16129.00, 4088.00, -98.76, 0.00, 4.00
10.00, -16167.00, 4088.00, -98.76, -1.58, 4.00
10.00, -16204.00, 4091.00, -98.76, -1.47, 4.00
10.00, -16245.00, 4092.00, -98.87, -0.23, 4.00
10.00, -16286.00, 4092.00, -98.98, 0.79, 4.00
10.00, -16326.00, 4091.00, -99.10, 0.68, 4.00
10.00, -16365.00, 4089.00, -99.21, 0.68, 4.00
10.00, -16405.00, 4088.00, -99.32, -0.34, 4.00
10.00, -16444.00, 4091.00, -99.32, -1.36, 4.00
10.00, -16485.00, 4093.00, -99.44, -0.23, 4.00
10.00, -16526.00, 4093.00, -99.44, 0.79, 4.00
10.00, -16568.00, 4092.00, -99.55, 1.36, 4.00
10.00, -16609.00, 4091.00, -99.55, 0.68, 4.00
10.00, -16649.00, 4089.00, -99.55, 0.00, 4.00
10.00, -16687.00, 4090.00, -99.55, -0.90, 4.00
10.00, -16727.00, 4092.00, -99.55, -0.34, 4.00
10.00, -16769.00, 4092.00, -99.44, 0.23, 4.00
10.00, -16813.00, 4092.00, -99.44, 0.68, 4.00
10.00, -16857.00, 4091.00, -99.32, 0.68, 4.00
10.00, -16897.00, 4089.00, -99.32, 0.56, 4.00
10.00, -16937.00, 4089.00, -99.21, -0.45, 4.00
10.00, -16978.00, 4091.00, -99.10, -0.90, 4.00
10.00, -17019.00, 4092.00, -98.98, -0.34, 4.00
10.00, -17061.00, 4092.00, -98.87, 0.68, 4.00
10.00, -17102.00, 4092.00, -98.87, 0.68, 4.00
10.00, -17144.00, 4090.00, -98.76, 0.56, 4.00
10.00, -17183.00, 4090.00, -98.87, 0.00, 4.00
10.00, -17224.00, 4090.00, -98.87, -0.45, 4.00
10.00, -17265.00, 4092.00, -98.87, -0.34, 4.00
10.00, -17307.00, 4092.00, -98.98, 0.11, 4.00
10.00, -17348.00, 4091.00, -99.10, 0.68, 4.00
10.00, -17388.00, 4090.00, -99.21, 0.00, 4.00
10.00, -17428.00, 4089.00, -99.32, -0.45, 4.00
10.00, -17466.00, 4090.00, -99.32, -0.90, 4.00
10.00, -17504.00, 4091.00, -99.44, -0.79, 4.00
10.00, -17544.00, 4091.00, -99.44, 0.23, 4.00
10.00, -17584.00, 4091.00, -99.44, 0.23, 4.00
10.00, -17624.00, 4091.00, -99.55, 0.79, 4.00
10.00, -17664.00, 4089.00, -99.55, 0.11, 4.00
10.00, -17704.00, 4089.00, -99.55, -0.34, 4.00
10.00, -17743.00, 4091.00, -99.44, -0.79, 4.00
10.00, -17783.00, 4092.00, -99.44, 0.23, 4.00
10.00, -17825.00, 4092.00, -99.44, 0.79, 4.00
10.00, -17865.00, 4092.00, -99.32, 0.68, 4.00
10.00, -17906.00, 4090.00, -99.21, 0.68, 4.00
10.00, -17944.00, 4090.00, -99.21, 0.11, 4.00
10.00, -17982.00, 4090.00, -99.10, -0.34, 4.00
10.00, -18021.00, 4092.00, -98.98, -0.34, 4.00
10.00, -18064.00, 4092.00, -98.87, 0.11, 4.00
10.00, -18105.00, 4092.00, -98.76, 0.68, 4.00
10.00, -18146.00, 4091.00, -98.76, 0.68, 4.00
10.00, -18187.00, 4089.00, -98.76, 0.00, 4.00
10.00, -18226.00, 4090.00, -98.76, -0.45, 4.00
10.00, -18266.00, 4091.00, -98.87, -0.90, 4.00
10.00, -18307.00, 4092.00, -98.87, 0.11, 4.00
10.00, -18348.00, 4092.00, -98.98, 0.68, 4.00
10.00, -18390.00, 4091.00, -99.10, 0.68, 4.00
10.00, -18430.00, 4090.00, -99.21, 0.00, 4.00
10.00, -18470.00, 4090.00, -99.32, -0.45, 4.00
10.00, -18510.00, 4091.00, -99.44, -0.34, 4.00
10.00, -18551.00, 4092.00, -99.44, 0.11, 4.00
10.00, -18591.00, 4092.00, -99.44, 0.68, 4.00
10.00, -18633.00, 4091.00, -99.55, 0.56, 4.00
10.00, -18674.00, 4090.00, -99.55, 0.00, 4.00
10.00, -18712.00, 4090.00, -99.55, -0.45, 4.00
10.00, -18750.00, 4091.00, -99.55, -0.90, 4.00
10.00, -18789.00, 4092.00, -99.44, -0.34, 4.00
10.00, -18832.00, 4092.00, -99.44, 0.68, 4.00
10.00, -18874.00, 4092.00, -99.32, 0.68, 4.00
10.00, -18915.00, 4091.00, -99.32, 0.56, 4.00
10.00, -18953.00, 4089.00, -99.21, 0.00, 4.00
10.00, -18991.00, 4090.00, -99.10, -0.45, 4.00
10.00, -19031.00, 4091.00, -98.98, -0.34, 4.00
10.00, -19073.00, 4092.00, -98.87, 0.11, 4.00
10.00, -19115.00, 4092.00, -98.76, 0.56, 4.00
10.00, -19155.00, 4092.00, -98.76, 0.56, 4.00
10.00, -19198.00, 4090.00, -98.76, 0.56, 4.00
10.00, -19238.00, 4090.00, -98.76, -0.56, 4.00
10.00, -19276.00, 4091.00, -98.87, -0.45, 4.00
10.00, -19317.00, 4092.00, -98.87, 0.00, 4.00
10.00, -19359.00, 4092.00, -98.98, 0.56, 4.00
10.00, -19402.00, 4092.00, -99.10, 0.45, 4.00
10.00, -19442.00, 4090.00, -99.21, 0.45, 4.00
10.00, -19482.00, 4089.00, -99.32, 0.00, 4.00
10.00, -19521.00, 4090.00, -99.32, -1.13, 4.00
10.00, -19561.00, 4092.00, -99.44, -0.45, 4.00
10.00, -19604.00, 4093.00, -99.44, 0.56, 4.00
10.00, -19646.00, 4092.00, -99.55, 1.02, 4.00
10.00, -19687.00, 4091.00, -99.55, 0.90, 4.00
10.00, -19726.00, 4089.00, -99.55, -0.11, 4.00
10.00, -19765.00, 4090.00, -99.55, -0.68, 4.00
10.00, -19805.00, 4092.00, -99.44, -1.13, 4.00
10.00, -19846.00, 4093.00, -99.44, 0.00, 4.00
10.00, -19887.00, 4092.00, -99.44, 1.02, 4.00
10.00, -19927.00, 4091.00, -99.32, 0.34, 4.00
10.00, -19967.00, 4088.00, -99.21, -0.11, 4.00
10.00, -20004.00, 4088.00, -99.10, -1.24, 4.00
10.00, -20043.00, 4090.00, -98.98, -1.58, 4.00
10.00, -20082.00, 4092.00, -98.87, -0.45, 4.00
10.00, -20123.00, 4092.00, -98.76, 0.56, 4.00
10.00, -20162.00, 4092.00, -98.76, 0.56, 4.00
