45565.00, 2033.00, 545.00, 99.89, 99.89, 5.00
10.00, 2037.00, 549.00, 99.89, -99.89, 5.00
10.00, 2050.00, 553.00, 99.89, -99.89, 5.00
10.00, 2068.00, 547.00, 99.89, -99.89, 5.00
10.00, 2090.00, 533.00, 99.89, -99.89, 5.00
10.00, 2118.00, 513.00, 99.89, -99.89, 5.00
10.00, 2146.00, 489.00, 99.89, -99.89, 5.00
10.00, 2177.00, 462.00, 99.89, -99.89, 5.00
10.00, 2210.00, 431.00, 99.89, -99.89, 5.00
10.00, 2243.00, 398.00, 99.89, -99.89, 5.00
10.00, 2278.00, 362.00, 99.89, -99.89, 5.00
10.00, 2314.00, 328.00, 99.89, -99.89, 5.00
10.00, 2349.00, 293.00, 99.89, -99.89, 5.00
10.00, 2386.00, 256.00, 99.89, -99.89, 5.00
10.00, 2424.00, 219.00, 99.89, -99.89, 5.00
10.00, 2461.00, 182.00, 99.89, -99.89, 5.00
10.00, 2499.00, 144.00, 99.89, -99.89, 5.00
10.00, 2536.00, 106.00, 99.89, -99.89, 5.00
10.00, 2573.00, 65.00, 99.89, -99.89, 5.00
10.00, 2612.00, 26.00, 99.89, -99.89, 5.00
10.00, 2649.00, -13.00, 99.89, -99.89, 5.00
10.00, 2688.00, -52.00, 99.89, -99.89, 5.00
10.00, 2728.00, -91.00, 99.89, -99.89, 5.00
10.00, 2767.00, -133.00, 99.89, -99.89, 5.00
10.00, 2804.00, -173.00, 99.89, -99.89, 5.00
10.00, 2844.00, -212.00, 99.89, -99.77, 5.00
10.00, 2885.00, -253.00, 99.89, -99.66, 5.00
10.00, 2924.00, -292.00, 99.89, -99.32, 5.00
10.00, 2963.00, -329.00, 99.89, -98.42, 5.00
10.00, 3003.00, -367.00, 99.89, -96.72, 5.00
10.00, 3042.00, -408.00, 99.89, -92.99, 5.00
10.00, 3081.00, -447.00, 99.89, -84.41, 5.00
10.00, 3121.00, -486.00, 99.89, -66.10, 5.00
10.00, 3161.00, -522.00, 99.89, -37.51, 5.00
10.00, 3198.00, -557.00, 99.89, 1.69, 5.00
10.00, 3238.00, -586.00, 99.89, 38.64, 5.00
10.00, 3277.00, -610.00, 99.77, 62.49, 5.00
10.00, 3316.00, -625.00, 99.66, 76.61, 5.00
10.00, 3353.00, -628.00, 99.32, 83.16, 5.00
10.00, 3392.00, -623.00, 98.64, 85.08, 5.00
10.00, 3430.00, -612.00, 96.95, 84.41, 5.00
10.00, 3466.00, -595.00, 93.56, 80.68, 5.00
10.00, 3505.00, -574.00, 86.67, 74.35, 5.00
10.00, 3543.00, -552.00, 72.32, 62.49, 5.00
10.00, 3579.00, -526.00, 46.55, 46.67, 5.00
10.00, 3614.00, -502.00, 10.28, 22.03, 5.00
10.00, 3647.00, -479.00, -26.89, -3.62, 5.00
10.00, 3672.00, -461.00, -56.72, -27.80, 5.00
10.00, 3686.00, -450.00, -73.79, -46.44, 5.00
10.00, 3692.00, -445.00, -81.02, -56.72, 5.00
10.00, 3689.00, -446.00, -83.39, -61.58, 5.00
10.00, 3679.00, -452.00, -83.39, -61.58, 5.00
10.00, 3662.00, -464.00, -80.23, -58.19, 5.00
10.00, 3642.00, -478.00, -74.24, -49.72, 5.00
10.00, 3618.00, -496.00, -62.26, -38.42, 5.00
10.00, 3595.00, -511.00, -44.75, -21.69, 5.00
10.00, 3574.00, -524.00, -22.82, -4.63, 5.00
10.00, 3553.00, -536.00, 0.56, 10.40, 5.00
10.00, 3535.00, -545.00, 22.94, 23.05, 5.00
10.00, 3523.00, -551.00, 40.45, 31.98, 5.00
10.00, 3518.00, -554.00, 52.32, 39.55, 5.00
10.00, 3518.00, -552.00, 58.31, 43.16, 5.00
10.00, 3524.00, -546.00, 58.31, 42.26, 5.00
10.00, 3533.00, -535.00, 56.16, 37.74, 5.00
10.00, 3547.00, -525.00, 48.25, 28.02, 5.00
10.00, 3561.00, -515.00, 37.63, 17.85, 5.00
10.00, 3578.00, -504.00, 23.95, 6.10, 5.00
10.00, 3592.00, -495.00, 5.99, -5.76, 5.00
10.00, 3605.00, -488.00, -9.04, -15.37, 5.00
10.00, 3614.00, -486.00, -23.84, -22.71, 5.00
10.00, 3618.00, -486.00, -33.79, -25.76, 5.00
10.00, 3618.00, -488.00, -38.42, -26.78, 5.00
10.00, 3615.00, -492.00, -39.44, -25.88, 5.00
10.00, 3610.00, -498.00, -37.51, -21.69, 5.00
10.00, 3602.00, -503.00, -32.77, -15.48, 5.00
10.00, 3592.00, -510.00, -25.88, -10.17, 5.00
10.00, 3583.00, -516.00, -15.48, -3.73, 5.00
10.00, 3573.00, -520.00, -5.88, 2.49, 5.00
10.00, 3564.00, -523.00, 4.86, 7.80, 5.00
10.00, 3558.00, -524.00, 14.58, 10.85, 5.00
10.00, 3556.00, -524.00, 20.90, 12.66, 5.00
10.00, 3556.00, -524.00, 24.97, 12.32, 5.00
10.00, 3558.00, -522.00, 24.97, 11.75, 5.00
10.00, 3561.00, -520.00, 23.95, 9.83, 5.00
10.00, 3567.00, -518.00, 19.89, 6.67, 5.00
10.00, 3573.00, -516.00, 14.58, 3.05, 5.00
10.00, 3579.00, -514.00, 8.14, -1.81, 5.00
10.00, 3585.00, -514.00, 1.69, -5.31, 5.00
10.00, 3589.00, -513.00, -4.75, -9.38, 5.00
10.00, 3591.00, -513.00, -9.04, -14.12, 5.00
10.00, 3592.00, -514.00, -12.32, -18.76, 5.00
10.00, 3592.00, -516.00, -13.33, -24.18, 5.00
10.00, 3591.00, -519.00, -13.33, -28.70, 5.00
10.00, 3590.00, -523.00, -12.32, -33.45, 5.00
10.00, 3587.00, -529.00, -11.19, -38.31, 5.00
10.00, 3584.00, -537.00, -9.04, -42.71, 5.00
10.00, 3581.00, -547.00, -5.88, -47.46, 5.00
10.00, 3579.00, -559.00, -2.60, -51.19, 5.00
10.00, 3577.00, -573.00, 0.56, -55.14, 5.00
10.00, 3575.00, -588.00, 2.71, -58.31, 5.00
10.00, 3575.00, -606.00, 4.97, -62.15, 5.00
10.00, 3575.00, -625.00, 4.97, -65.08, 5.00
10.00, 3575.00, -644.00, 4.97, -67.91, 5.00
10.00, 3576.00, -664.00, 4.97, -70.06, 5.00
10.00, 3576.00, -687.00, 5.08, -72.43, 5.00
10.00, 3577.00, -711.00, 4.07, -73.90, 5.00
10.00, 3577.00, -737.00, 3.16, -74.46, 5.00
10.00, 3577.00, -763.00, 3.39, -74.35, 5.00
10.00, 3578.00, -790.00, 3.73, -73.11, 5.00
10.00, 3578.00, -817.00, 3.05, -71.53, 5.00
10.00, 3578.00, -845.00, 3.73, -68.81, 5.00
10.00, 3578.00, -874.00, 4.52, -64.29, 5.00
10.00, 3578.00, -903.00, 5.76, -57.63, 5.00
10.00, 3579.00, -931.00, 7.23, -48.59, 5.00
10.00, 3579.00, -957.00, 9.15, -38.08, 5.00
10.00, 3579.00, -981.00, 10.62, -23.95, 5.00
10.00, 3580.00, -1004.00, 13.90, -10.06, 5.00
10.00, 3582.00, -1024.00, 16.72, 5.76, 5.00
10.00, 3584.00, -1039.00, 19.55, 19.66, 5.00
10.00, 3587.00, -1050.00, 23.39, 30.96, 5.00
10.00, 3591.00, -1055.00, 28.25, 40.23, 5.00
10.00, 3596.00, -1055.00, 32.43, 44.75, 5.00
10.00, 3603.00, -1052.00, 36.95, 46.10, 5.00
10.00, 3611.00, -1045.00, 41.69, 46.10, 5.00
10.00, 3620.00, -1034.00, 45.99, 42.15, 5.00
10.00, 3633.00, -1021.00, 50.62, 35.48, 5.00
10.00, 3646.00, -1008.00, 54.80, 26.55, 5.00
10.00, 3661.00, -995.00, 57.85, 15.03, 5.00
10.00, 3678.00, -982.00, 61.58, 3.28, 5.00
10.00, 3697.00, -973.00, 64.07, -8.70, 5.00
10.00, 3717.00, -966.00, 66.44, -18.42, 5.00
10.00, 3737.00, -962.00, 68.02, -25.65, 5.00
10.00, 3760.00, -962.00, 69.49, -30.96, 5.00
10.00, 3784.00, -964.00, 69.38, -33.45, 5.00
10.00, 3809.00, -969.00, 69.04, -34.24, 5.00
10.00, 3836.00, -976.00, 67.23, -32.43, 5.00
10.00, 3862.00, -984.00, 64.18, -29.94, 5.00
10.00, 3889.00, -996.00, 60.11, -26.44, 5.00
10.00, 3914.00, -1006.00, 53.67, -21.69, 5.00
10.00, 3939.00, -1015.00, 47.12, -17.29, 5.00
10.00, 3964.00, -1025.00, 39.77, -14.12, 5.00
10.00, 3987.00, -1034.00, 30.28, -11.19, 5.00
10.00, 4011.00, -1041.00, 21.58, -9.27, 5.00
10.00, 4030.00, -1048.00, 12.09, -8.02, 5.00
10.00, 4049.00, -1053.00, 4.41, -7.46, 5.00
10.00, 4063.00, -1057.00, -1.24, -7.23, 5.00
10.00, 4073.00, -1061.00, -5.54, -7.12, 5.00
10.00, 4081.00, -1063.00, -7.68, -7.34, 5.00
10.00, 4085.00, -1066.00, -8.59, -7.34, 5.00
10.00, 4087.00, -1068.00, -8.70, -7.23, 5.00
10.00, 4088.00, -1070.00, -8.47, -7.12, 5.00
10.00, 4087.00, -1072.00, -8.14, -7.01, 5.00
10.00, 4087.00, -1073.00, -7.68, -6.78, 5.00
10.00, 4087.00, -1075.00, -7.46, -6.55, 5.00
10.00, 4087.00, -1076.00, -7.23, -5.88, 5.00
10.00, 4086.00, -1077.00, -6.89, -5.20, 5.00
10.00, 4084.00, -1077.00, -6.78, -4.41, 5.00
10.00, 4082.00, -1078.00, -6.78, -3.62, 5.00
10.00, 4079.00, -1078.00, -7.12, -2.26, 5.00
10.00, 4078.00, -1079.00, -7.46, -1.47, 5.00
10.00, 4076.00, -1079.00, -8.25, -0.68, 5.00
10.00, 4075.00, -1079.00, -8.02, 0.68, 5.00
10.00, 4074.00, -1079.00, -8.36, 2.03, 5.00
10.00, 4072.00, -1079.00, -8.14, 3.39, 5.00
10.00, 4070.00, -1079.00, -8.47, 4.75, 5.00
10.00, 4068.00, -1079.00, -8.59, 6.10, 5.00
10.00, 4066.00, -1078.00, -8.81, 7.46, 5.00
10.00, 4064.00, -1078.00, -8.93, 8.70, 5.00
10.00, 4062.00, -1077.00, -9.04, 10.51, 5.00
10.00, 4060.00, -1075.00, -8.47, 12.20, 5.00
10.00, 4058.00, -1073.00, -9.04, 13.90, 5.00
10.00, 4056.00, -1071.00, -9.04, 16.05, 5.00
10.00, 4053.00, -1067.00, -8.93, 18.64, 5.00
10.00, 4051.00, -1063.00, -8.70, 21.13, 5.00
10.00, 4047.00, -1059.00, -8.47, 23.95, 5.00
10.00, 4045.00, -1054.00, -8.81, 26.55, 5.00
10.00, 4043.00, -1046.00, -9.04, 29.49, 5.00
10.00, 4041.00, -1039.00, -8.59, 33.22, 5.00
10.00, 4039.00, -1030.00, -8.70, 36.61, 5.00
10.00, 4036.00, -1020.00, -8.02, 40.68, 5.00
10.00, 4034.00, -1008.00, -7.46, 44.75, 5.00
10.00, 4031.00, -996.00, -7.34, 48.70, 5.00
10.00, 4029.00, -981.00, -6.67, 52.66, 5.00
10.00, 4027.00, -965.00, -6.44, 56.72, 5.00
10.00, 4024.00, -948.00, -5.65, 60.68, 5.00
10.00, 4023.00, -931.00, -4.75, 64.52, 5.00
10.00, 4021.00, -910.00, -3.84, 68.14, 5.00
10.00, 4020.00, -889.00, -2.26, 71.64, 5.00
10.00, 4018.00, -866.00, -1.36, 74.69, 5.00
10.00, 4017.00, -841.00, -0.45, 77.29, 5.00
10.00, 4016.00, -817.00, 1.02, 79.89, 5.00
10.00, 4016.00, -789.00, 3.16, 82.37, 5.00
10.00, 4016.00, -760.00, 4.63, 84.52, 5.00
10.00, 4017.00, -729.00, 6.78, 86.21, 5.00
10.00, 4017.00, -698.00, 9.38, 88.02, 5.00
10.00, 4017.00, -667.00, 11.30, 89.72, 5.00
10.00, 4019.00, -636.00, 12.99, 91.07, 5.00
10.00, 4020.00, -603.00, 15.37, 92.20, 5.00
10.00, 4023.00, -567.00, 18.19, 93.33, 5.00
10.00, 4026.00, -530.00, 20.90, 94.46, 5.00
10.00, 4031.00, -494.00, 23.95, 95.59, 5.00
10.00, 4038.00, -457.00, 28.14, 96.38, 5.00
10.00, 4045.00, -422.00, 32.99, 97.29, 5.00
10.00, 4052.00, -385.00, 36.84, 97.85, 5.00
10.00, 4061.00, -349.00, 41.24, 98.42, 5.00
10.00, 4072.00, -314.00, 45.20, 98.76, 5.00
10.00, 4085.00, -275.00, 49.72, 99.10, 5.00
10.00, 4099.00, -237.00, 54.46, 99.32, 5.00
10.00, 4116.00, -196.00, 59.32, 99.55, 5.00
10.00, 4132.00, -158.00, 64.52, 99.66, 5.00
10.00, 4150.00, -123.00, 68.36, 99.77, 5.00
10.00, 4171.00, -82.00, 71.86, 99.77, 5.00
10.00, 4191.00, -43.00, 75.71, 99.89, 5.00
10.00, 4216.00, -4.00, 78.53, 99.89, 5.00
10.00, 4242.00, 39.00, 81.36, 99.89, 5.00
10.00, 4271.00, 82.00, 84.07, 99.89, 5.00
10.00, 4298.00, 122.00, 86.67, 99.89, 5.00
10.00, 4328.00, 161.00, 88.36, 99.89, 5.00
10.00, 4357.00, 202.00, 89.83, 99.89, 5.00
10.00, 4389.00, 244.00, 91.07, 99.89, 5.00
10.00, 4422.00, 287.00, 92.09, 99.89, 5.00
10.00, 4453.00, 330.00, 93.33, 99.89, 5.00
10.00, 4486.00, 372.00, 94.24, 99.89, 5.00
10.00, 4520.00, 414.00, 94.80, 99.89, 5.00
10.00, 4555.00, 457.00, 95.48, 99.89, 5.00
10.00, 4589.00, 499.00, 96.16, 99.89, 5.00
10.00, 4625.00, 542.00, 96.72, 99.89, 5.00
10.00, 4663.00, 586.00, 97.29, 99.89, 5.00
10.00, 4698.00, 627.00, 97.97, 99.89, 5.00
10.00, 4734.00, 669.00, 98.31, 99.89, 5.00
10.00, 4771.00, 711.00, 98.76, 99.89, 5.00
10.00, 4808.00, 754.00, 98.98, 99.89, 5.00
10.00, 4846.00, 796.00, 99.32, 99.89, 5.00
10.00, 4884.00, 840.00, 99.44, 99.89, 5.00
10.00, 4922.00, 882.00, 99.66, 99.89, 5.00
10.00, 4960.00, 922.00, 99.66, 99.89, 5.00
10.00, 4996.00, 964.00, 99.77, 99.89, 5.00
10.00, 5034.00, 1005.00, 99.89, 99.89, 5.00
10.00, 5073.00, 1046.00, 99.89, 99.89, 5.00
10.00, 5111.00, 1090.00, 99.89, 99.89, 5.00
10.00, 5152.00, 1132.00, 99.89, 99.89, 5.00
10.00, 5192.00, 1174.00, 99.89, 99.89, 5.00
10.00, 5231.00, 1216.00, 99.89, 99.89, 5.00
10.00, 5270.00, 1256.00, 99.89, 99.89, 5.00
10.00, 5309.00, 1298.00, 99.89, 99.89, 5.00
10.00, 5349.00, 1345.00, 99.89, 99.89, 5.00
10.00, 5389.00, 1391.00, 99.89, 99.89, 5.00
10.00, 5430.00, 1433.00, 99.89, 99.89, 5.00
10.00, 5471.00, 1473.00, 99.89, 99.89, 5.00
10.00, 5507.00, 1514.00, 99.89, 99.89, 5.00
10.00, 5549.00, 1558.00, 99.89, 99.77, 5.00
10.00, 5588.00, 1602.00, 99.89, 99.77, 5.00
10.00, 5628.00, 1645.00, 99.89, 99.77, 5.00
10.00, 5669.00, 1687.00, 99.89, 99.77, 5.00
10.00, 5710.00, 1730.00, 99.89, 99.66, 5.00
10.00, 5748.00, 1772.00, 99.89, 99.66, 5.00
10.00, 5789.00, 1814.00, 99.89, 99.66, 5.00
10.00, 5829.00, 1858.00, 99.89, 99.66, 5.00
10.00, 5868.00, 1899.00, 99.89, 99.66, 5.00
10.00, 5906.00, 1940.00, 99.89, 99.66, 5.00
10.00, 5947.00, 1983.00, 99.89, 99.66, 5.00
10.00, 5987.00, 2024.00, 99.77, 99.66, 5.00
10.00, 6025.00, 2062.00, 99.77, 99.66, 5.00
10.00, 6065.00, 2106.00, 99.77, 99.77, 5.00
10.00, 6104.00, 2146.00, 99.89, 99.77, 5.00
10.00, 6143.00, 2186.00, 99.89, 99.77, 5.00
10.00, 6184.00, 2227.00, 99.89, 99.77, 5.00
10.00, 6225.00, 2266.00, 99.89, 99.77, 5.00
10.00, 6263.00, 2306.00, 99.89, 99.77, 5.00
10.00, 6301.00, 2349.00, 99.89, 99.77, 5.00
10.00, 6341.00, 2390.00, 99.89, 99.77, 5.00
10.00, 6379.00, 2430.00, 99.89, 99.77, 5.00
10.00, 6419.00, 2472.00, 99.89, 99.77, 5.00
10.00, 6458.00, 2514.00, 99.89, 99.77, 5.00
10.00, 6498.00, 2555.00, 99.89, 99.66, 5.00
10.00, 6538.00, 2597.00, 99.89, 99.66, 5.00
10.00, 6577.00, 2640.00, 99.89, 99.66, 5.00
10.00, 6615.00, 2680.00, 99.89, 99.55, 5.00
10.00, 6654.00, 2721.00, 99.77, 99.55, 5.00
10.00, 6695.00, 2761.00, 99.77, 99.55, 5.00
10.00, 6735.00, 2805.00, 99.77, 99.55, 5.00
10.00, 6774.00, 2848.00, 99.77, 99.55, 5.00
10.00, 6816.00, 2890.00, 99.66, 99.55, 5.00
10.00, 6855.00, 2931.00, 99.66, 99.55, 5.00
10.00, 6895.00, 2972.00, 99.66, 99.66, 5.00
10.00, 6933.00, 3013.00, 99.66, 99.66, 5.00
10.00, 6975.00, 3054.00, 99.55, 99.66, 5.00
10.00, 7014.00, 3096.00, 99.66, 99.77, 5.00
10.00, 7053.00, 3141.00, 99.66, 99.77, 5.00
10.00, 7089.00, 3180.00, 99.66, 99.77, 5.00
10.00, 7128.00, 3219.00, 99.66, 99.77, 5.00
10.00, 7166.00, 3264.00, 99.77, 99.77, 5.00
10.00, 7204.00, 3306.00, 99.77, 99.89, 5.00
10.00, 7245.00, 3348.00, 99.77, 99.89, 5.00
10.00, 7284.00, 3391.00, 99.77, 99.89, 5.00
10.00, 7323.00, 3432.00, 99.77, 99.89, 5.00
10.00, 7363.00, 3471.00, 99.77, 99.77, 5.00
10.00, 7402.00, 3512.00, 99.77, 99.77, 5.00
10.00, 7441.00, 3553.00, 99.77, 99.77, 5.00
10.00, 7481.00, 3597.00, 99.77, 99.77, 5.00
10.00, 7522.00, 3641.00, 99.77, 99.77, 5.00
10.00, 7560.00, 3682.00, 99.77, 99.66, 5.00
10.00, 7599.00, 3721.00, 99.77, 99.66, 5.00
10.00, 7641.00, 3761.00, 99.77, 99.66, 5.00
10.00, 7681.00, 3801.00, 99.77, 99.66, 5.00
10.00, 7721.00, 3843.00, 99.66, 99.55, 5.00
10.00, 7766.00, 3889.00, 99.66, 99.66, 5.00
10.00, 7806.00, 3931.00, 99.66, 99.66, 5.00
10.00, 7844.00, 3969.00, 99.55, 99.66, 5.00
10.00, 7882.00, 4009.00, 99.55, 99.66, 5.00
10.00, 7921.00, 4049.00, 99.55, 99.66, 5.00
10.00, 7960.00, 4090.00, 99.55, 99.77, 5.00
10.00, 8003.00, 4135.00, 99.55, 99.77, 5.00
10.00, 8044.00, 4179.00, 99.66, 99.77, 5.00
10.00, 8080.00, 4220.00, 99.66, 99.77, 5.00
10.00, 8120.00, 4261.00, 99.66, 99.89, 5.00
10.00, 8159.00, 4302.00, 99.77, 99.89, 5.00
10.00, 8197.00, 4343.00, 99.77, 99.89, 5.00
10.00, 8238.00, 4387.00, 99.77, 99.89, 5.00
10.00, 8280.00, 4431.00, 99.77, 99.89, 5.00
10.00, 8318.00, 4471.00, 99.77, 99.89, 5.00
10.00, 8357.00, 4514.00, 99.89, 99.89, 5.00
10.00, 8394.00, 4557.00, 99.89, 99.77, 5.00
10.00, 8432.00, 4597.00, 99.89, 99.77, 5.00
10.00, 8472.00, 4640.00, 99.89, 99.77, 5.00
10.00, 8514.00, 4683.00, 99.89, 99.77, 5.00
10.00, 8551.00, 4724.00, 99.89, 99.66, 5.00
10.00, 8590.00, 4766.00, 99.77, 99.66, 5.00
10.00, 8630.00, 4806.00, 99.77, 99.66, 5.00
10.00, 8670.00, 4848.00, 99.77, 99.66, 5.00
10.00, 8707.00, 4888.00, 99.77, 99.66, 5.00
10.00, 8750.00, 4932.00, 99.77, 99.66, 5.00
10.00, 8790.00, 4973.00, 99.66, 99.66, 5.00
10.00, 8827.00, 5011.00, 99.66, 99.66, 5.00
10.00, 8866.00, 5052.00, 99.66, 99.66, 5.00
10.00, 8906.00, 5093.00, 99.66, 99.77, 5.00
10.00, 8946.00, 5135.00, 99.55, 99.77, 5.00
10.00, 8986.00, 5179.00, 99.66, 99.77, 5.00
10.00, 9026.00, 5224.00, 99.66, 99.77, 5.00
10.00, 9065.00, 5264.00, 99.66, 99.77, 5.00
10.00, 9105.00, 5305.00, 99.66, 99.89, 5.00
10.00, 9143.00, 5347.00, 99.66, 99.89, 5.00
10.00, 9182.00, 5389.00, 99.77, 99.89, 5.00
10.00, 9223.00, 5436.00, 99.77, 99.89, 5.00
10.00, 9263.00, 5480.00, 99.77, 99.89, 5.00
10.00, 9304.00, 5522.00, 99.77, 99.89, 5.00
10.00, 9343.00, 5563.00, 99.89, 99.77, 5.00
10.00, 9382.00, 5604.00, 99.89, 99.77, 5.00
10.00, 9422.00, 5647.00, 99.89, 99.77, 5.00
10.00, 9462.00, 5693.00, 99.89, 99.77, 5.00
10.00, 9503.00, 5736.00, 99.89, 99.77, 5.00
10.00, 9546.00, 5778.00, 99.89, 99.66, 5.00
10.00, 9585.00, 5820.00, 99.89, 99.66, 5.00
10.00, 9623.00, 5861.00, 99.89, 99.66, 5.00
10.00, 9664.00, 5902.00, 99.77, 99.66, 5.00
10.00, 9704.00, 5945.00, 99.77, 99.66, 5.00
10.00, 9744.00, 5987.00, 99.77, 99.66, 5.00
10.00, 9785.00, 6026.00, 99.77, 99.66, 5.00
10.00, 9826.00, 6066.00, 99.66, 99.66, 5.00
10.00, 9864.00, 6104.00, 99.66, 99.66, 5.00
10.00, 9907.00, 6145.00, 99.66, 99.77, 5.00
10.00, 9946.00, 6187.00, 99.66, 99.77, 5.00
10.00, 9985.00, 6229.00, 99.66, 99.77, 5.00
10.00, 10025.00, 6270.00, 99.66, 99.77, 5.00
10.00, 10065.00, 6310.00, 99.66, 99.77, 5.00
10.00, 10103.00, 6350.00, 99.66, 99.89, 5.00
10.00, 10140.00, 6390.00, 99.66, 99.89, 5.00
10.00, 10180.00, 6432.00, 99.77, 99.89, 5.00
10.00, 10221.00, 6474.00, 99.77, 99.89, 5.00
10.00, 10259.00, 6515.00, 99.77, 99.77, 5.00
10.00, 10300.00, 6556.00, 99.77, 99.77, 5.00
10.00, 10340.00, 6599.00, 99.77, 99.77, 5.00
10.00, 10377.00, 6642.00, 99.89, 99.77, 5.00
10.00, 10417.00, 6684.00, 99.89, 99.77, 5.00
10.00, 10456.00, 6727.00, 99.89, 99.77, 5.00
10.00, 10496.00, 6769.00, 99.89, 99.66, 5.00
10.00, 10536.00, 6810.00, 99.89, 99.66, 5.00
10.00, 10577.00, 6852.00, 99.89, 99.66, 5.00
10.00, 10615.00, 6895.00, 99.89, 99.66, 5.00
10.00, 10655.00, 6938.00, 99.77, 99.66, 5.00
10.00, 10697.00, 6979.00, 99.77, 99.66, 5.00
10.00, 10735.00, 7019.00, 99.77, 99.66, 5.00
10.00, 10774.00, 7062.00, 99.77, 99.66, 5.00
10.00, 10815.00, 7105.00, 99.77, 99.66, 5.00
10.00, 10854.00, 7145.00, 99.66, 99.77, 5.00
10.00, 10893.00, 7186.00, 99.66, 99.77, 5.00
10.00, 10932.00, 7230.00, 99.66, 99.77, 5.00
10.00, 10971.00, 7269.00, 99.66, 99.77, 5.00
10.00, 11010.00, 7307.00, 99.55, 99.77, 5.00
10.00, 11051.00, 7350.00, 99.66, 99.89, 5.00
10.00, 11088.00, 7392.00, 99.66, 99.89, 5.00
10.00, 11128.00, 7432.00, 99.66, 99.89, 5.00
10.00, 11167.00, 7475.00, 99.66, 99.89, 5.00
10.00, 11206.00, 7516.00, 99.77, 99.89, 5.00
10.00, 11244.00, 7556.00, 99.77, 99.77, 5.00
10.00, 11283.00, 7599.00, 99.77, 99.77, 5.00
10.00, 11323.00, 7642.00, 99.77, 99.77, 5.00
10.00, 11362.00, 7684.00, 99.77, 99.77, 5.00
10.00, 11402.00, 7728.00, 99.89, 99.77, 5.00
10.00, 11442.00, 7772.00, 99.89, 99.77, 5.00
10.00, 11482.00, 7811.00, 99.89, 99.66, 5.00
10.00, 11523.00, 7851.00, 99.89, 99.66, 5.00
10.00, 11563.00, 7894.00, 99.89, 99.66, 5.00
10.00, 11604.00, 7936.00, 99.89, 99.66, 5.00
10.00, 11644.00, 7980.00, 99.89, 99.66, 5.00
10.00, 11684.00, 8024.00, 99.77, 99.66, 5.00
10.00, 11723.00, 8064.00, 99.77, 99.66, 5.00
10.00, 11765.00, 8105.00, 99.77, 99.66, 5.00
10.00, 11806.00, 8146.00, 99.77, 99.77, 5.00
10.00, 11847.00, 8188.00, 99.77, 99.77, 5.00
10.00, 11890.00, 8232.00, 99.66, 99.77, 5.00
10.00, 11929.00, 8274.00, 99.66, 99.77, 5.00
10.00, 11968.00, 8315.00, 99.66, 99.77, 5.00
10.00, 12008.00, 8356.00, 99.66, 99.89, 5.00
10.00, 12048.00, 8398.00, 99.66, 99.89, 5.00
10.00, 12090.00, 8440.00, 99.66, 99.89, 5.00
10.00, 12132.00, 8481.00, 99.66, 99.89, 5.00
10.00, 12169.00, 8526.00, 99.66, 99.89, 5.00
10.00, 12206.00, 8566.00, 99.66, 99.89, 5.00
10.00, 12246.00, 8608.00, 99.77, 99.77, 5.00
10.00, 12286.00, 8649.00, 99.77, 99.77, 5.00
10.00, 12324.00, 8690.00, 99.77, 99.77, 5.00
10.00, 12366.00, 8732.00, 99.77, 99.77, 5.00
10.00, 12406.00, 8775.00, 99.89, 99.77, 5.00
10.00, 12443.00, 8817.00, 99.89, 99.66, 5.00
10.00, 12484.00, 8858.00, 99.89, 99.66, 5.00
10.00, 12523.00, 8899.00, 99.89, 99.66, 5.00
10.00, 12562.00, 8942.00, 99.89, 99.66, 5.00
10.00, 12604.00, 8984.00, 99.89, 99.66, 5.00
10.00, 12644.00, 9031.00, 99.89, 99.66, 5.00
10.00, 12682.00, 9071.00, 99.89, 99.66, 5.00
10.00, 12721.00, 9110.00, 99.77, 99.66, 5.00
10.00, 12762.00, 9152.00, 99.77, 99.66, 5.00
10.00, 12800.00, 9194.00, 99.77, 99.77, 5.00
10.00, 12843.00, 9236.00, 99.77, 99.77, 5.00
10.00, 12885.00, 9281.00, 99.66, 99.77, 5.00
10.00, 12923.00, 9323.00, 99.66, 99.77, 5.00
10.00, 12962.00, 9366.00, 99.66, 99.77, 5.00
10.00, 13003.00, 9407.00, 99.66, 99.89, 5.00
10.00, 13043.00, 9448.00, 99.66, 99.89, 5.00
10.00, 13083.00, 9494.00, 99.66, 99.89, 5.00
10.00, 13127.00, 9540.00, 99.66, 99.89, 5.00
10.00, 13166.00, 9581.00, 99.66, 99.89, 5.00
10.00, 13204.00, 9623.00, 99.66, 99.89, 5.00
10.00, 13242.00, 9664.00, 99.77, 99.77, 5.00
10.00, 13281.00, 9705.00, 99.77, 99.77, 5.00
10.00, 13322.00, 9747.00, 99.77, 99.77, 5.00
10.00, 13364.00, 9794.00, 99.77, 99.77, 5.00
10.00, 13405.00, 9837.00, 99.77, 99.66, 5.00
10.00, 13444.00, 9875.00, 99.89, 99.66, 5.00
10.00, 13482.00, 9914.00, 99.89, 99.66, 5.00
10.00, 13522.00, 9956.00, 99.89, 99.66, 5.00
10.00, 13562.00, 9995.00, 99.89, 99.66, 5.00
10.00, 13605.00, 10040.00, 99.89, 99.66, 5.00
10.00, 13645.00, 10083.00, 99.89, 99.66, 5.00
10.00, 13684.00, 10120.00, 99.89, 99.66, 5.00
10.00, 13724.00, 10159.00, 99.77, 99.66, 5.00
10.00, 13766.00, 10198.00, 99.77, 99.66, 5.00
10.00, 13806.00, 10241.00, 99.77, 99.77, 5.00
10.00, 13846.00, 10284.00, 99.77, 99.77, 5.00
10.00, 13889.00, 10327.00, 99.77, 99.77, 5.00
10.00, 13929.00, 10366.00, 99.66, 99.77, 5.00
10.00, 13969.00, 10407.00, 99.66, 99.77, 5.00
10.00, 14008.00, 10449.00, 99.66, 99.89, 5.00
10.00, 14049.00, 10490.00, 99.66, 99.89, 5.00
10.00, 14088.00, 10532.00, 99.66, 99.89, 5.00
10.00, 14129.00, 10575.00, 99.66, 99.89, 5.00
10.00, 14169.00, 10618.00, 99.66, 99.77, 5.00
10.00, 14208.00, 10659.00, 99.66, 99.77, 5.00
10.00, 14246.00, 10701.00, 99.66, 99.77, 5.00
10.00, 14284.00, 10745.00, 99.77, 99.77, 5.00
10.00, 14326.00, 10786.00, 99.77, 99.77, 5.00
10.00, 14366.00, 10828.00, 99.77, 99.66, 5.00
10.00, 14406.00, 10873.00, 99.77, 99.66, 5.00
10.00, 14446.00, 10915.00, 99.77, 99.66, 5.00
10.00, 14484.00, 10956.00, 99.89, 99.66, 5.00
10.00, 14524.00, 11000.00, 99.89, 99.66, 5.00
10.00, 14564.00, 11042.00, 99.89, 99.66, 5.00
10.00, 14605.00, 11082.00, 99.89, 99.66, 5.00
10.00, 14644.00, 11123.00, 99.89, 99.66, 5.00
10.00, 14683.00, 11165.00, 99.89, 99.66, 5.00
10.00, 14723.00, 11207.00, 99.89, 99.66, 5.00
10.00, 14763.00, 11247.00, 99.77, 99.77, 5.00
10.00, 14802.00, 11287.00, 99.77, 99.77, 5.00
10.00, 14842.00, 11331.00, 99.77, 99.77, 5.00
10.00, 14882.00, 11373.00, 99.77, 99.77, 5.00
10.00, 14923.00, 11415.00, 99.66, 99.77, 5.00
10.00, 14962.00, 11458.00, 99.66, 99.89, 5.00
10.00, 15003.00, 11501.00, 99.66, 99.89, 5.00
10.00, 15043.00, 11544.00, 99.66, 99.89, 5.00
10.00, 15083.00, 11587.00, 99.66, 99.89, 5.00
10.00, 15122.00, 11630.00, 99.66, 99.89, 5.00
10.00, 15163.00, 11673.00, 99.66, 99.77, 5.00
10.00, 15202.00, 11717.00, 99.66, 99.77, 5.00
10.00, 15243.00, 11761.00, 99.66, 99.77, 5.00
10.00, 15283.00, 11804.00, 99.66, 99.77, 5.00
10.00, 15323.00, 11848.00, 99.77, 99.77, 5.00
10.00, 15364.00, 11893.00, 99.77, 99.66, 5.00
10.00, 15405.00, 11936.00, 99.77, 99.66, 5.00
10.00, 15447.00, 11978.00, 99.77, 99.66, 5.00
10.00, 15486.00, 12021.00, 99.89, 99.66, 5.00
10.00, 15527.00, 12063.00, 99.89, 99.66, 5.00
10.00, 15569.00, 12106.00, 99.89, 99.66, 5.00
10.00, 15610.00, 12148.00, 99.89, 99.66, 5.00
10.00, 15651.00, 12190.00, 99.89, 99.66, 5.00
10.00, 15692.00, 12231.00, 99.89, 99.66, 5.00
10.00, 15733.00, 12273.00, 99.89, 99.77, 5.00
10.00, 15774.00, 12316.00, 99.89, 99.77, 5.00
10.00, 15815.00, 12358.00, 99.77, 99.77, 5.00
10.00, 15858.00, 12399.00, 99.77, 99.77, 5.00
10.00, 15898.00, 12442.00, 99.77, 99.77, 5.00
10.00, 15939.00, 12484.00, 99.77, 99.89, 5.00
10.00, 15980.00, 12525.00, 99.66, 99.89, 5.00
10.00, 16019.00, 12567.00, 99.66, 99.89, 5.00
10.00, 16059.00, 12610.00, 99.66, 99.89, 5.00
10.00, 16100.00, 12652.00, 99.66, 99.89, 5.00
10.00, 16141.00, 12695.00, 99.66, 99.77, 5.00
10.00, 16181.00, 12739.00, 99.66, 99.77, 5.00
10.00, 16221.00, 12783.00, 99.66, 99.77, 5.00
10.00, 16262.00, 12827.00, 99.66, 99.77, 5.00
10.00, 16303.00, 12870.00, 99.66, 99.77, 5.00
10.00, 16343.00, 12913.00, 99.77, 99.66, 5.00
10.00, 16384.00, 12957.00, 99.77, 99.66, 5.00
10.00, 16424.00, 13000.00, 99.77, 99.66, 5.00
10.00, 16464.00, 13044.00, 99.77, 99.66, 5.00
10.00, 16505.00, 13088.00, 99.77, 99.66, 5.00
10.00, 16546.00, 13131.00, 99.89, 99.66, 5.00
10.00, 16587.00, 13174.00, 99.89, 99.66, 5.00
10.00, 16628.00, 13216.00, 99.89, 99.66, 5.00
10.00, 16669.00, 13261.00, 99.89, 99.66, 5.00
10.00, 16710.00, 13304.00, 99.89, 99.77, 5.00
10.00, 16749.00, 13347.00, 99.89, 99.77, 5.00
10.00, 16790.00, 13389.00, 99.77, 99.77, 5.00
10.00, 16831.00, 13433.00, 99.77, 99.77, 5.00
10.00, 16871.00, 13476.00, 99.77, 99.77, 5.00
10.00, 16912.00, 13519.00, 99.77, 99.89, 5.00
10.00, 16954.00, 13561.00, 99.77, 99.89, 5.00
10.00, 16994.00, 13606.00, 99.66, 99.89, 5.00
10.00, 17035.00, 13647.00, 99.66, 99.89, 5.00
10.00, 17075.00, 13689.00, 99.66, 99.77, 5.00
10.00, 17116.00, 13732.00, 99.66, 99.77, 5.00
10.00, 17156.00, 13775.00, 99.66, 99.77, 5.00
10.00, 17196.00, 13819.00, 99.66, 99.77, 5.00
10.00, 17235.00, 13863.00, 99.66, 99.77, 5.00
10.00, 17274.00, 13904.00, 99.66, 99.66, 5.00
10.00, 17314.00, 13948.00, 99.66, 99.66, 5.00
10.00, 17353.00, 13991.00, 99.77, 99.66, 5.00
10.00, 17389.00, 14032.00, 99.77, 99.66, 5.00
10.00, 17432.00, 14075.00, 99.77, 99.66, 5.00
10.00, 17471.00, 14118.00, 99.77, 99.66, 5.00
10.00, 17512.00, 14158.00, 99.77, 99.66, 5.00
10.00, 17553.00, 14200.00, 99.89, 99.66, 5.00
10.00, 17592.00, 14244.00, 99.89, 99.66, 5.00
10.00, 17632.00, 14286.00, 99.89, 99.66, 5.00
10.00, 17673.00, 14328.00, 99.89, 99.77, 5.00
10.00, 17715.00, 14367.00, 99.89, 99.77, 5.00
10.00, 17754.00, 14407.00, 99.89, 99.77, 5.00
10.00, 17795.00, 14453.00, 99.77, 99.77, 5.00
10.00, 17836.00, 14493.00, 99.77, 99.77, 5.00
10.00, 17877.00, 14535.00, 99.77, 99.77, 5.00
10.00, 17918.00, 14576.00, 99.77, 99.89, 5.00
10.00, 17959.00, 14614.00, 99.77, 99.89, 5.00
10.00, 18001.00, 14657.00, 99.66, 99.77, 5.00
10.00, 18038.00, 14698.00, 99.66, 99.77, 5.00
10.00, 18080.00, 14741.00, 99.66, 99.77, 5.00
10.00, 18120.00, 14779.00, 99.66, 99.77, 5.00
10.00, 18160.00, 14821.00, 99.66, 99.77, 5.00
10.00, 18196.00, 14860.00, 99.66, 99.77, 5.00
10.00, 18237.00, 14900.00, 99.66, 99.66, 5.00
10.00, 18276.00, 14939.00, 99.66, 99.66, 5.00
10.00, 18313.00, 14979.00, 99.66, 99.66, 5.00
10.00, 18352.00, 15020.00, 99.66, 99.55, 5.00
10.00, 18388.00, 15057.00, 99.77, 99.55, 5.00
10.00, 18428.00, 15098.00, 99.77, 99.55, 5.00
10.00, 18468.00, 15140.00, 99.77, 99.55, 5.00
10.00, 18508.00, 15182.00, 99.77, 99.55, 5.00
10.00, 18544.00, 15222.00, 99.77, 99.66, 5.00
10.00, 18581.00, 15261.00, 99.89, 99.66, 5.00
10.00, 18621.00, 15301.00, 99.89, 99.66, 5.00
10.00, 18658.00, 15341.00, 99.89, 99.77, 5.00
10.00, 18698.00, 15383.00, 99.89, 99.77, 5.00
10.00, 18738.00, 15428.00, 99.89, 99.77, 5.00
10.00, 18777.00, 15469.00, 99.89, 99.77, 5.00
10.00, 18815.00, 15508.00, 99.77, 99.89, 5.00
10.00, 18853.00, 15549.00, 99.77, 99.89, 5.00
10.00, 18893.00, 15591.00, 99.77, 99.89, 5.00
10.00, 18930.00, 15633.00, 99.77, 99.89, 5.00
10.00, 18971.00, 15680.00, 99.77, 99.89, 5.00
10.00, 19011.00, 15724.00, 99.66, 99.89, 5.00
10.00, 19050.00, 15765.00, 99.66, 99.89, 5.00
10.00, 19089.00, 15806.00, 99.66, 99.77, 5.00
10.00, 19128.00, 15847.00, 99.55, 99.77, 5.00
10.00, 19167.00, 15889.00, 99.55, 99.77, 5.00
10.00, 19207.00, 15933.00, 99.55, 99.77, 5.00
10.00, 19247.00, 15977.00, 99.66, 99.66, 5.00
10.00, 19287.00, 16018.00, 99.66, 99.66, 5.00
10.00, 19325.00, 16057.00, 99.66, 99.66, 5.00
10.00, 19363.00, 16098.00, 99.66, 99.66, 5.00
10.00, 19402.00, 16139.00, 99.77, 99.66, 5.00
10.00, 19441.00, 16183.00, 99.77, 99.66, 5.00
10.00, 19481.00, 16223.00, 99.77, 99.66, 5.00
10.00, 19522.00, 16262.00, 99.77, 99.66, 5.00
10.00, 19562.00, 16302.00, 99.89, 99.66, 5.00
10.00, 19601.00, 16341.00, 99.89, 99.77, 5.00
10.00, 19641.00, 16381.00, 99.89, 99.77, 5.00
10.00, 19682.00, 16424.00, 99.89, 99.77, 5.00
10.00, 19721.00, 16467.00, 99.89, 99.77, 5.00
10.00, 19760.00, 16508.00, 99.89, 99.77, 5.00
10.00, 19801.00, 16548.00, 99.89, 99.89, 5.00
10.00, 19840.00, 16590.00, 99.89, 99.89, 5.00
10.00, 19878.00, 16631.00, 99.77, 99.89, 5.00
10.00, 19919.00, 16674.00, 99.77, 99.89, 5.00
10.00, 19960.00, 16718.00, 99.77, 99.89, 5.00
10.00, 19999.00, 16759.00, 99.77, 99.89, 5.00
10.00, 20041.00, 16802.00, 99.77, 99.77, 5.00
10.00, 20082.00, 16846.00, 99.66, 99.77, 5.00
10.00, 20121.00, 16887.00, 99.66, 99.77, 5.00
10.00, 20161.00, 16932.00, 99.66, 99.77, 5.00
10.00, 20201.00, 16976.00, 99.66, 99.77, 5.00
10.00, 20240.00, 17016.00, 99.66, 99.66, 5.00
10.00, 20282.00, 17059.00, 99.66, 99.66, 5.00
10.00, 20323.00, 17103.00, 99.66, 99.66, 5.00
10.00, 20358.00, 17145.00, 99.66, 99.66, 5.00
10.00, 20401.00, 17190.00, 99.77, 99.66, 5.00
10.00, 20441.00, 17231.00, 99.77, 99.66, 5.00
10.00, 20480.00, 17272.00, 99.77, 99.66, 5.00
10.00, 20519.00, 17313.00, 99.77, 99.66, 5.00
10.00, 20562.00, 17355.00, 99.77, 99.77, 5.00
10.00, 20601.00, 17396.00, 99.89, 99.77, 5.00
10.00, 20641.00, 17438.00, 99.89, 99.77, 5.00
10.00, 20682.00, 17479.00, 99.89, 99.77, 5.00
10.00, 20720.00, 17518.00, 99.89, 99.77, 5.00
10.00, 20760.00, 17561.00, 99.89, 99.77, 5.00
10.00, 20802.00, 17603.00, 99.89, 99.89, 5.00
10.00, 20841.00, 17643.00, 99.89, 99.89, 5.00
10.00, 20880.00, 17686.00, 99.89, 99.89, 5.00
10.00, 20921.00, 17732.00, 99.77, 99.89, 5.00
10.00, 20960.00, 17773.00, 99.77, 99.89, 5.00
10.00, 20999.00, 17812.00, 99.77, 99.77, 5.00
10.00, 21042.00, 17856.00, 99.77, 99.77, 5.00
10.00, 21081.00, 17899.00, 99.66, 99.77, 5.00
10.00, 21119.00, 17940.00, 99.66, 99.77, 5.00
10.00, 21159.00, 17986.00, 99.66, 99.77, 5.00
10.00, 21198.00, 18027.00, 99.66, 99.66, 5.00
10.00, 21236.00, 18069.00, 99.66, 99.66, 5.00
10.00, 21275.00, 18114.00, 99.66, 99.66, 5.00
10.00, 21315.00, 18156.00, 99.66, 99.66, 5.00
10.00, 21355.00, 18196.00, 99.66, 99.66, 5.00
10.00, 21394.00, 18241.00, 99.66, 99.66, 5.00
10.00, 21433.00, 18281.00, 99.77, 99.66, 5.00
10.00, 21471.00, 18322.00, 99.77, 99.66, 5.00
10.00, 21511.00, 18364.00, 99.77, 99.66, 5.00
10.00, 21550.00, 18406.00, 99.77, 99.77, 5.00
10.00, 21591.00, 18445.00, 99.77, 99.77, 5.00
10.00, 21631.00, 18488.00, 99.89, 99.77, 5.00
10.00, 21670.00, 18531.00, 99.89, 99.77, 5.00
10.00, 21709.00, 18572.00, 99.89, 99.77, 5.00
11.00, 21749.00, 18614.00, 99.89, 99.89, 5.00
10.00, 21790.00, 18654.00, 99.89, 99.89, 5.00
10.00, 21832.00, 18696.00, 99.89, 99.89, 5.00
10.00, 21870.00, 18735.00, 99.89, 99.89, 5.00
10.00, 21911.00, 18777.00, 99.77, 99.77, 5.00
10.00, 21951.00, 18818.00, 99.77, 99.77, 5.00
10.00, 21991.00, 18857.00, 99.77, 99.77, 5.00
10.00, 22030.00, 18899.00, 99.77, 99.77, 5.00
10.00, 22071.00, 18941.00, 99.66, 99.77, 5.00
10.00, 22114.00, 18984.00, 99.66, 99.77, 5.00
10.00, 22152.00, 19027.00, 99.66, 99.66, 5.00
10.00, 22191.00, 19068.00, 99.66, 99.66, 5.00
10.00, 22231.00, 19109.00, 99.66, 99.66, 5.00
10.00, 22270.00, 19151.00, 99.66, 99.55, 5.00
10.00, 22309.00, 19193.00, 99.66, 99.55, 5.00
10.00, 22349.00, 19235.00, 99.66, 99.55, 5.00
10.00, 22388.00, 19277.00, 99.66, 99.66, 5.00
10.00, 22424.00, 19319.00, 99.66, 99.66, 5.00
10.00, 22463.00, 19359.00, 99.77, 99.66, 5.00
10.00, 22504.00, 19400.00, 99.77, 99.77, 5.00
10.00, 22541.00, 19442.00, 99.77, 99.77, 5.00
10.00, 22583.00, 19487.00, 99.77, 99.77, 5.00
10.00, 22623.00, 19531.00, 99.77, 99.77, 5.00
10.00, 22660.00, 19572.00, 99.89, 99.77, 5.00
10.00, 22699.00, 19612.00, 99.89, 99.89, 5.00
10.00, 22738.00, 19654.00, 99.89, 99.89, 5.00
10.00, 22777.00, 19695.00, 99.89, 99.89, 5.00
10.00, 22816.00, 19738.00, 99.89, 99.89, 5.00
10.00, 22858.00, 19784.00, 99.89, 99.89, 5.00
10.00, 22896.00, 19825.00, 99.89, 99.89, 5.00
10.00, 22935.00, 19865.00, 99.77, 99.77, 5.00
10.00, 22974.00, 19906.00, 99.77, 99.77, 5.00
10.00, 23013.00, 19949.00, 99.77, 99.77, 5.00
10.00, 23052.00, 19992.00, 99.77, 99.77, 5.00
10.00, 23094.00, 20036.00, 99.66, 99.77, 5.00
10.00, 23134.00, 20077.00, 99.66, 99.66, 5.00
10.00, 23171.00, 20115.00, 99.66, 99.66, 5.00
10.00, 23210.00, 20154.00, 99.66, 99.66, 5.00
10.00, 23249.00, 20195.00, 99.66, 99.66, 5.00
10.00, 23288.00, 20236.00, 99.55, 99.55, 5.00
10.00, 23329.00, 20281.00, 99.66, 99.66, 5.00
10.00, 23370.00, 20324.00, 99.66, 99.66, 5.00
10.00, 23408.00, 20362.00, 99.66, 99.66, 5.00
10.00, 23447.00, 20401.00, 99.66, 99.66, 5.00
10.00, 23486.00, 20442.00, 99.77, 99.77, 5.00
10.00, 23524.00, 20483.00, 99.77, 99.77, 5.00
10.00, 23564.00, 20527.00, 99.77, 99.77, 5.00
10.00, 23603.00, 20571.00, 99.77, 99.77, 5.00
10.00, 23643.00, 20612.00, 99.77, 99.77, 5.00
10.00, 23681.00, 20653.00, 99.89, 99.89, 5.00
10.00, 23720.00, 20694.00, 99.89, 99.89, 5.00
10.00, 23761.00, 20736.00, 99.89, 99.89, 5.00
10.00, 23800.00, 20780.00, 99.89, 99.89, 5.00
10.00, 23841.00, 20823.00, 99.89, 99.89, 5.00
10.00, 23881.00, 20865.00, 99.89, 99.89, 5.00
10.00, 23921.00, 20908.00, 99.89, 99.77, 5.00
10.00, 23960.00, 20951.00, 99.77, 99.77, 5.00
10.00, 24000.00, 20994.00, 99.77, 99.77, 5.00
10.00, 24040.00, 21036.00, 99.77, 99.77, 5.00
10.00, 24082.00, 21079.00, 99.77, 99.66, 5.00
10.00, 24121.00, 21121.00, 99.77, 99.66, 5.00
10.00, 24163.00, 21162.00, 99.66, 99.66, 5.00
10.00, 24203.00, 21204.00, 99.66, 99.66, 5.00
10.00, 24243.00, 21246.00, 99.66, 99.66, 5.00
10.00, 24284.00, 21287.00, 99.66, 99.66, 5.00
10.00, 24325.00, 21328.00, 99.66, 99.66, 5.00
10.00, 24364.00, 21368.00, 99.66, 99.66, 5.00
10.00, 24405.00, 21410.00, 99.66, 99.66, 5.00
10.00, 24444.00, 21450.00, 99.66, 99.77, 5.00
10.00, 24484.00, 21491.00, 99.77, 99.77, 5.00
10.00, 24525.00, 21534.00, 99.77, 99.77, 5.00
10.00, 24566.00, 21576.00, 99.77, 99.77, 5.00
10.00, 24603.00, 21617.00, 99.77, 99.77, 5.00
10.00, 24645.00, 21659.00, 99.77, 99.89, 5.00
10.00, 24686.00, 21702.00, 99.89, 99.89, 5.00
10.00, 24723.00, 21743.00, 99.89, 99.89, 5.00
10.00, 24764.00, 21786.00, 99.89, 99.89, 5.00
10.00, 24805.00, 21832.00, 99.89, 99.89, 5.00
10.00, 24842.00, 21875.00, 99.89, 99.89, 5.00
10.00, 24883.00, 21917.00, 99.89, 99.77, 5.00
10.00, 24923.00, 21960.00, 99.89, 99.77, 5.00
10.00, 24960.00, 22003.00, 99.89, 99.77, 5.00
10.00, 24999.00, 22046.00, 99.77, 99.77, 5.00
10.00, 25039.00, 22090.00, 99.77, 99.77, 5.00
10.00, 25077.00, 22132.00, 99.77, 99.66, 5.00
10.00, 25117.00, 22175.00, 99.77, 99.66, 5.00
10.00, 25159.00, 22218.00, 99.66, 99.66, 5.00
10.00, 25199.00, 22258.00, 99.66, 99.66, 5.00
10.00, 25237.00, 22301.00, 99.66, 99.66, 5.00
10.00, 25277.00, 22344.00, 99.66, 99.66, 5.00
10.00, 25316.00, 22385.00, 99.55, 99.66, 5.00
10.00, 25355.00, 22427.00, 99.55, 99.66, 5.00
10.00, 25394.00, 22468.00, 99.66, 99.66, 5.00
10.00, 25434.00, 22508.00, 99.66, 99.77, 5.00
10.00, 25473.00, 22547.00, 99.66, 99.77, 5.00
10.00, 25513.00, 22589.00, 99.66, 99.77, 5.00
10.00, 25551.00, 22629.00, 99.77, 99.77, 5.00
10.00, 25590.00, 22669.00, 99.77, 99.77, 5.00
10.00, 25631.00, 22710.00, 99.77, 99.89, 5.00
10.00, 25671.00, 22751.00, 99.77, 99.89, 5.00
10.00, 25710.00, 22792.00, 99.89, 99.89, 5.00
10.00, 25751.00, 22834.00, 99.89, 99.89, 5.00
10.00, 25790.00, 22876.00, 99.89, 99.77, 5.00
10.00, 25829.00, 22917.00, 99.89, 99.77, 5.00
10.00, 25870.00, 22958.00, 99.89, 99.77, 5.00
10.00, 25912.00, 23002.00, 99.89, 99.77, 5.00
10.00, 25951.00, 23043.00, 99.89, 99.77, 5.00
10.00, 25990.00, 23086.00, 99.89, 99.77, 5.00
10.00, 26031.00, 23129.00, 99.77, 99.66, 5.00
10.00, 26070.00, 23170.00, 99.77, 99.66, 5.00
10.00, 26110.00, 23212.00, 99.77, 99.66, 5.00
10.00, 26151.00, 23255.00, 99.77, 99.66, 5.00
10.00, 26191.00, 23298.00, 99.66, 99.66, 5.00
10.00, 26231.00, 23341.00, 99.66, 99.66, 5.00
10.00, 26270.00, 23383.00, 99.66, 99.66, 5.00
10.00, 26310.00, 23425.00, 99.66, 99.66, 5.00
10.00, 26348.00, 23467.00, 99.66, 99.66, 5.00
10.00, 26386.00, 23507.00, 99.66, 99.77, 5.00
10.00, 26427.00, 23550.00, 99.66, 99.77, 5.00
10.00, 26467.00, 23595.00, 99.66, 99.77, 5.00
10.00, 26504.00, 23636.00, 99.66, 99.77, 5.00
10.00, 26542.00, 23676.00, 99.77, 99.77, 5.00
10.00, 26581.00, 23717.00, 99.77, 99.89, 5.00
10.00, 26620.00, 23759.00, 99.77, 99.89, 5.00
10.00, 26658.00, 23802.00, 99.77, 99.89, 5.00
10.00, 26700.00, 23845.00, 99.77, 99.89, 5.00
10.00, 26739.00, 23886.00, 99.89, 99.89, 5.00
10.00, 26776.00, 23926.00, 99.89, 99.89, 5.00
10.00, 26816.00, 23966.00, 99.89, 99.77, 5.00
10.00, 26855.00, 24007.00, 99.89, 99.77, 5.00
10.00, 26895.00, 24050.00, 99.89, 99.77, 5.00
10.00, 26934.00, 24094.00, 99.89, 99.77, 5.00
10.00, 26977.00, 24140.00, 99.89, 99.66, 5.00
10.00, 27015.00, 24181.00, 99.77, 99.66, 5.00
10.00, 27053.00, 24217.00, 99.77, 99.66, 5.00
10.00, 27091.00, 24260.00, 99.77, 99.66, 5.00
10.00, 27130.00, 24301.00, 99.77, 99.55, 5.00
10.00, 27170.00, 24342.00, 99.77, 99.66, 5.00
10.00, 27213.00, 24388.00, 99.66, 99.66, 5.00
10.00, 27250.00, 24428.00, 99.66, 99.66, 5.00
10.00, 27291.00, 24467.00, 99.66, 99.66, 5.00
10.00, 27330.00, 24508.00, 99.66, 99.66, 5.00
10.00, 27368.00, 24549.00, 99.66, 99.77, 5.00
10.00, 27408.00, 24592.00, 99.66, 99.77, 5.00
10.00, 27447.00, 24637.00, 99.66, 99.77, 5.00
10.00, 27485.00, 24679.00, 99.66, 99.77, 5.00
10.00, 27524.00, 24719.00, 99.66, 99.89, 5.00
10.00, 27563.00, 24761.00, 99.66, 99.89, 5.00
10.00, 27600.00, 24801.00, 99.77, 99.89, 5.00
10.00, 27639.00, 24844.00, 99.77, 99.89, 5.00
10.00, 27680.00, 24887.00, 99.77, 99.89, 5.00
10.00, 27721.00, 24928.00, 99.77, 99.89, 5.00
10.00, 27760.00, 24970.00, 99.89, 99.77, 5.00
10.00, 27800.00, 25012.00, 99.89, 99.77, 5.00
10.00, 27840.00, 25055.00, 99.89, 99.77, 5.00
10.00, 27879.00, 25095.00, 99.89, 99.77, 5.00
10.00, 27919.00, 25136.00, 99.89, 99.77, 5.00
10.00, 27960.00, 25179.00, 99.89, 99.66, 5.00
10.00, 28001.00, 25220.00, 99.89, 99.66, 5.00
10.00, 28040.00, 25260.00, 99.89, 99.66, 5.00
10.00, 28081.00, 25302.00, 99.77, 99.66, 5.00
10.00, 28123.00, 25344.00, 99.77, 99.66, 5.00
10.00, 28164.00, 25387.00, 99.77, 99.66, 5.00
10.00, 28205.00, 25429.00, 99.77, 99.66, 5.00
10.00, 28248.00, 25469.00, 99.66, 99.66, 5.00
10.00, 28288.00, 25510.00, 99.66, 99.66, 5.00
10.00, 28328.00, 25551.00, 99.66, 99.77, 5.00
10.00, 28367.00, 25592.00, 99.66, 99.77, 5.00
10.00, 28408.00, 25635.00, 99.66, 99.77, 5.00
10.00, 28449.00, 25680.00, 99.66, 99.77, 5.00
10.00, 28489.00, 25722.00, 99.66, 99.77, 5.00
10.00, 28530.00, 25765.00, 99.66, 99.89, 5.00
10.00, 28568.00, 25807.00, 99.66, 99.89, 5.00
10.00, 28608.00, 25849.00, 99.77, 99.89, 5.00
10.00, 28648.00, 25894.00, 99.77, 99.89, 5.00
10.00, 28688.00, 25938.00, 99.77, 99.89, 5.00
10.00, 28727.00, 25980.00, 99.77, 99.89, 5.00
10.00, 28767.00, 26022.00, 99.89, 99.77, 5.00
10.00, 28805.00, 26062.00, 99.89, 99.77, 5.00
10.00, 28846.00, 26106.00, 99.89, 99.77, 5.00
10.00, 28885.00, 26151.00, 99.89, 99.77, 5.00
10.00, 28924.00, 26194.00, 99.89, 99.77, 5.00
10.00, 28964.00, 26236.00, 99.89, 99.66, 5.00
10.00, 29006.00, 26279.00, 99.89, 99.66, 5.00
10.00, 29043.00, 26319.00, 99.89, 99.66, 5.00
10.00, 29082.00, 26360.00, 99.77, 99.66, 5.00
10.00, 29122.00, 26401.00, 99.77, 99.66, 5.00
10.00, 29161.00, 26442.00, 99.77, 99.66, 5.00
10.00, 29200.00, 26483.00, 99.77, 99.66, 5.00
10.00, 29243.00, 26522.00, 99.66, 99.66, 5.00
10.00, 29283.00, 26561.00, 99.66, 99.77, 5.00
10.00, 29321.00, 26603.00, 99.66, 99.77, 5.00
10.00, 29361.00, 26644.00, 99.66, 99.77, 5.00
10.00, 29401.00, 26687.00, 99.55, 99.77, 5.00
10.00, 29440.00, 26728.00, 99.66, 99.77, 5.00
10.00, 29480.00, 26769.00, 99.66, 99.77, 5.00
10.00, 29520.00, 26811.00, 99.66, 99.89, 5.00
10.00, 29558.00, 26851.00, 99.66, 99.89, 5.00
10.00, 29599.00, 26892.00, 99.66, 99.89, 5.00
10.00, 29639.00, 26935.00, 99.77, 99.89, 5.00
10.00, 29677.00, 26978.00, 99.77, 99.77, 5.00
10.00, 29717.00, 27018.00, 99.77, 99.77, 5.00
10.00, 29759.00, 27061.00, 99.77, 99.77, 5.00
10.00, 29798.00, 27104.00, 99.89, 99.77, 5.00
10.00, 29837.00, 27147.00, 99.89, 99.77, 5.00
10.00, 29877.00, 27189.00, 99.89, 99.77, 5.00
10.00, 29917.00, 27231.00, 99.89, 99.66, 5.00
10.00, 29956.00, 27273.00, 99.89, 99.66, 5.00
10.00, 29997.00, 27314.00, 99.89, 99.66, 5.00
10.00, 30037.00, 27356.00, 99.89, 99.66, 5.00
10.00, 30075.00, 27400.00, 99.89, 99.66, 5.00
10.00, 30116.00, 27442.00, 99.77, 99.66, 5.00
10.00, 30157.00, 27482.00, 99.77, 99.66, 5.00
10.00, 30197.00, 27522.00, 99.77, 99.66, 5.00
10.00, 30236.00, 27564.00, 99.77, 99.66, 5.00
10.00, 30277.00, 27606.00, 99.66, 99.77, 5.00
10.00, 30317.00, 27645.00, 99.66, 99.77, 5.00
10.00, 30358.00, 27688.00, 99.66, 99.77, 5.00
10.00, 30397.00, 27730.00, 99.66, 99.77, 5.00
10.00, 30437.00, 27768.00, 99.66, 99.77, 5.00
10.00, 30475.00, 27807.00, 99.66, 99.89, 5.00
10.00, 30515.00, 27851.00, 99.66, 99.89, 5.00
10.00, 30554.00, 27893.00, 99.66, 99.89, 5.00
10.00, 30593.00, 27933.00, 99.66, 99.89, 5.00
10.00, 30632.00, 27977.00, 99.77, 99.89, 5.00
10.00, 30670.00, 28018.00, 99.77, 99.77, 5.00
10.00, 30711.00, 28059.00, 99.77, 99.77, 5.00
10.00, 30750.00, 28103.00, 99.77, 99.77, 5.00
10.00, 30790.00, 28146.00, 99.77, 99.77, 5.00
10.00, 30830.00, 28188.00, 99.89, 99.77, 5.00
10.00, 30869.00, 28232.00, 99.89, 99.66, 5.00
10.00, 30908.00, 28273.00, 99.89, 99.66, 5.00
10.00, 30947.00, 28313.00, 99.89, 99.66, 5.00
10.00, 30989.00, 28355.00, 99.89, 99.66, 5.00
10.00, 31028.00, 28398.00, 99.89, 99.66, 5.00
10.00, 31069.00, 28439.00, 99.89, 99.66, 5.00
10.00, 31110.00, 28482.00, 99.77, 99.66, 5.00
10.00, 31148.00, 28523.00, 99.77, 99.66, 5.00
10.00, 31186.00, 28563.00, 99.77, 99.66, 5.00
10.00, 31225.00, 28604.00, 99.77, 99.77, 5.00
10.00, 31264.00, 28645.00, 99.77, 99.77, 5.00
10.00, 31305.00, 28687.00, 99.66, 99.77, 5.00
10.00, 31344.00, 28731.00, 99.66, 99.77, 5.00
10.00, 31383.00, 28771.00, 99.66, 99.77, 5.00
10.00, 31422.00, 28811.00, 99.66, 99.89, 5.00
10.00, 31462.00, 28852.00, 99.55, 99.89, 5.00
10.00, 31500.00, 28893.00, 99.66, 99.89, 5.00
10.00, 31540.00, 28933.00, 99.66, 99.89, 5.00
10.00, 31580.00, 28975.00, 99.66, 99.89, 5.00
10.00, 31618.00, 29017.00, 99.66, 99.89, 5.00
10.00, 31657.00, 29057.00, 99.77, 99.77, 5.00
10.00, 31696.00, 29098.00, 99.77, 99.77, 5.00
10.00, 31733.00, 29141.00, 99.77, 99.77, 5.00
10.00, 31773.00, 29182.00, 99.77, 99.77, 5.00
10.00, 31816.00, 29224.00, 99.77, 99.77, 5.00
10.00, 31855.00, 29266.00, 99.89, 99.66, 5.00
10.00, 31894.00, 29307.00, 99.89, 99.66, 5.00
10.00, 31935.00, 29349.00, 99.89, 99.66, 5.00
10.00, 31976.00, 29390.00, 99.89, 99.66, 5.00
10.00, 32015.00, 29431.00, 99.89, 99.66, 5.00
10.00, 32057.00, 29476.00, 99.89, 99.66, 5.00
10.00, 32099.00, 29519.00, 99.89, 99.66, 5.00
10.00, 32137.00, 29559.00, 99.89, 99.66, 5.00
10.00, 32178.00, 29601.00, 99.77, 99.66, 5.00
10.00, 32219.00, 29644.00, 99.77, 99.77, 5.00
10.00, 32259.00, 29685.00, 99.77, 99.77, 5.00
10.00, 32300.00, 29727.00, 99.77, 99.77, 5.00
10.00, 32343.00, 29771.00, 99.66, 99.77, 5.00
10.00, 32382.00, 29812.00, 99.66, 99.77, 5.00
10.00, 32422.00, 29855.00, 99.66, 99.89, 5.00
10.00, 32461.00, 29895.00, 99.66, 99.89, 5.00
10.00, 32501.00, 29937.00, 99.66, 99.89, 5.00
10.00, 32540.00, 29982.00, 99.66, 99.89, 5.00
10.00, 32582.00, 30027.00, 99.66, 99.89, 5.00
10.00, 32621.00, 30068.00, 99.66, 99.89, 5.00
10.00, 32658.00, 30108.00, 99.66, 99.77, 5.00
10.00, 32698.00, 30148.00, 99.77, 99.77, 5.00
10.00, 32737.00, 30188.00, 99.77, 99.77, 5.00
10.00, 32777.00, 30230.00, 99.77, 99.77, 5.00
10.00, 32819.00, 30277.00, 99.77, 99.66, 5.00
10.00, 32857.00, 30317.00, 99.77, 99.66, 5.00
10.00, 32897.00, 30355.00, 99.89, 99.66, 5.00
10.00, 32938.00, 30395.00, 99.89, 99.66, 5.00
10.00, 32976.00, 30438.00, 99.89, 99.66, 5.00
10.00, 33014.00, 30477.00, 99.89, 99.66, 5.00
10.00, 33057.00, 30522.00, 99.89, 99.66, 5.00
10.00, 33098.00, 30563.00, 99.89, 99.66, 5.00
10.00, 33136.00, 30601.00, 99.89, 99.66, 5.00
10.00, 33175.00, 30642.00, 99.77, 99.66, 5.00
10.00, 33215.00, 30681.00, 99.77, 99.77, 5.00
10.00, 33254.00, 30722.00, 99.77, 99.77, 5.00
10.00, 33294.00, 30765.00, 99.77, 99.77, 5.00
10.00, 33337.00, 30807.00, 99.66, 99.77, 5.00
10.00, 33376.00, 30847.00, 99.66, 99.77, 5.00
10.00, 33416.00, 30889.00, 99.66, 99.89, 5.00
10.00, 33456.00, 30931.00, 99.66, 99.89, 5.00
10.00, 33495.00, 30972.00, 99.66, 99.89, 5.00
10.00, 33535.00, 31013.00, 99.66, 99.89, 5.00
10.00, 33576.00, 31056.00, 99.66, 99.89, 5.00
10.00, 33616.00, 31097.00, 99.66, 99.77, 5.00
10.00, 33653.00, 31138.00, 99.66, 99.77, 5.00
10.00, 33693.00, 31180.00, 99.66, 99.77, 5.00
10.00, 33732.00, 31223.00, 99.77, 99.77, 5.00
10.00, 33769.00, 31264.00, 99.77, 99.77, 5.00
10.00, 33809.00, 31305.00, 99.77, 99.66, 5.00
10.00, 33850.00, 31347.00, 99.77, 99.66, 5.00
10.00, 33889.00, 31388.00, 99.77, 99.66, 5.00
10.00, 33929.00, 31429.00, 99.89, 99.66, 5.00
10.00, 33967.00, 31469.00, 99.89, 99.55, 5.00
10.00, 34008.00, 31510.00, 99.89, 99.66, 5.00
10.00, 34048.00, 31552.00, 99.89, 99.66, 5.00
10.00, 34089.00, 31592.00, 99.89, 99.66, 5.00
10.00, 34130.00, 31631.00, 99.89, 99.66, 5.00
10.00, 34168.00, 31671.00, 99.77, 99.66, 5.00
10.00, 34208.00, 31712.00, 99.77, 99.77, 5.00
10.00, 34248.00, 31752.00, 99.77, 99.77, 5.00
10.00, 34288.00, 31795.00, 99.77, 99.77, 5.00
10.00, 34327.00, 31836.00, 99.77, 99.77, 5.00
10.00, 34368.00, 31878.00, 99.66, 99.89, 5.00
10.00, 34409.00, 31919.00, 99.66, 99.89, 5.00
10.00, 34447.00, 31961.00, 99.66, 99.89, 5.00
10.00, 34489.00, 32003.00, 99.66, 99.89, 5.00
10.00, 34529.00, 32046.00, 99.66, 99.89, 5.00
10.00, 34567.00, 32089.00, 99.66, 99.89, 5.00
10.00, 34605.00, 32130.00, 99.66, 99.77, 5.00
10.00, 34646.00, 32173.00, 99.66, 99.77, 5.00
10.00, 34684.00, 32214.00, 99.66, 99.77, 5.00
10.00, 34723.00, 32257.00, 99.77, 99.77, 5.00
10.00, 34762.00, 32300.00, 99.77, 99.77, 5.00
10.00, 34803.00, 32343.00, 99.77, 99.66, 5.00
10.00, 34842.00, 32385.00, 99.77, 99.66, 5.00
10.00, 34883.00, 32426.00, 99.77, 99.66, 5.00
10.00, 34922.00, 32467.00, 99.89, 99.66, 5.00
10.00, 34960.00, 32508.00, 99.89, 99.66, 5.00
10.00, 35001.00, 32551.00, 99.89, 99.66, 5.00
10.00, 35039.00, 32592.00, 99.89, 99.66, 5.00
10.00, 35078.00, 32630.00, 99.89, 99.66, 5.00
10.00, 35117.00, 32671.00, 99.89, 99.66, 5.00
10.00, 35157.00, 32711.00, 99.89, 99.77, 5.00
10.00, 35195.00, 32749.00, 99.77, 99.77, 5.00
10.00, 35235.00, 32790.00, 99.77, 99.77, 5.00
10.00, 35275.00, 32833.00, 99.77, 99.77, 5.00
10.00, 35313.00, 32873.00, 99.77, 99.77, 5.00
10.00, 35352.00, 32914.00, 99.77, 99.89, 5.00
10.00, 35393.00, 32956.00, 99.66, 99.89, 5.00
10.00, 35431.00, 32996.00, 99.66, 99.89, 5.00
10.00, 35470.00, 33037.00, 99.66, 99.89, 5.00
10.00, 35510.00, 33079.00, 99.55, 99.89, 5.00
10.00, 35548.00, 33121.00, 99.55, 99.89, 5.00
10.00, 35586.00, 33163.00, 99.55, 99.77, 5.00
10.00, 35627.00, 33205.00, 99.66, 99.77, 5.00
10.00, 35665.00, 33248.00, 99.66, 99.77, 5.00
10.00, 35704.00, 33290.00, 99.66, 99.77, 5.00
10.00, 35744.00, 33334.00, 99.66, 99.77, 5.00
10.00, 35784.00, 33378.00, 99.77, 99.66, 5.00
10.00, 35822.00, 33419.00, 99.77, 99.66, 5.00
10.00, 35861.00, 33461.00, 99.77, 99.66, 5.00
10.00, 35902.00, 33504.00, 99.77, 99.66, 5.00
10.00, 35942.00, 33546.00, 99.89, 99.66, 5.00
10.00, 35982.00, 33589.00, 99.89, 99.66, 5.00
10.00, 36022.00, 33632.00, 99.89, 99.66, 5.00
10.00, 36062.00, 33672.00, 99.89, 99.66, 5.00
10.00, 36102.00, 33712.00, 99.89, 99.77, 5.00
10.00, 36143.00, 33756.00, 99.89, 99.77, 5.00
10.00, 36184.00, 33798.00, 99.89, 99.77, 5.00
10.00, 36223.00, 33840.00, 99.89, 99.77, 5.00
10.00, 36263.00, 33882.00, 99.77, 99.77, 5.00
10.00, 36302.00, 33923.00, 99.77, 99.89, 5.00
10.00, 36343.00, 33964.00, 99.77, 99.89, 5.00
10.00, 36382.00, 34005.00, 99.77, 99.89, 5.00
10.00, 36423.00, 34047.00, 99.66, 99.89, 5.00
10.00, 36465.00, 34091.00, 99.66, 99.89, 5.00
10.00, 36503.00, 34134.00, 99.66, 99.89, 5.00
10.00, 36541.00, 34173.00, 99.66, 99.77, 5.00
10.00, 36581.00, 34212.00, 99.66, 99.77, 5.00
10.00, 36622.00, 34255.00, 99.66, 99.77, 5.00
10.00, 36662.00, 34299.00, 99.66, 99.77, 5.00
10.00, 36702.00, 34343.00, 99.66, 99.77, 5.00
10.00, 36741.00, 34385.00, 99.66, 99.66, 5.00
10.00, 36780.00, 34427.00, 99.77, 99.66, 5.00
10.00, 36819.00, 34467.00, 99.77, 99.66, 5.00
10.00, 36859.00, 34509.00, 99.77, 99.66, 5.00
10.00, 36899.00, 34551.00, 99.77, 99.66, 5.00
10.00, 36941.00, 34595.00, 99.77, 99.66, 5.00
10.00, 36981.00, 34636.00, 99.89, 99.66, 5.00
10.00, 37019.00, 34676.00, 99.89, 99.66, 5.00
10.00, 37059.00, 34718.00, 99.89, 99.66, 5.00
10.00, 37098.00, 34760.00, 99.89, 99.77, 5.00
10.00, 37137.00, 34801.00, 99.89, 99.77, 5.00
10.00, 37181.00, 34842.00, 99.89, 99.77, 5.00
10.00, 37221.00, 34884.00, 99.89, 99.77, 5.00
10.00, 37258.00, 34925.00, 99.77, 99.77, 5.00
10.00, 37298.00, 34966.00, 99.77, 99.89, 5.00
10.00, 37340.00, 35009.00, 99.77, 99.89, 5.00
10.00, 37377.00, 35049.00, 99.77, 99.89, 5.00
10.00, 37420.00, 35091.00, 99.77, 99.89, 5.00
10.00, 37462.00, 35132.00, 99.66, 99.89, 5.00
10.00, 37500.00, 35173.00, 99.66, 99.77, 5.00
