20910.00, 878.00, 3774.00, 99.89, 99.89, 6.00
10.00, 880.00, 3776.00, -99.89, -98.53, 6.00
10.00, 882.00, 3779.00, -99.89, -98.64, 6.00
10.00, 878.00, 3777.00, -99.89, -98.76, 6.00
10.00, 865.00, 3766.00, -99.89, -98.76, 6.00
10.00, 844.00, 3746.00, -99.89, -98.42, 6.00
10.00, 818.00, 3721.00, -99.89, -97.51, 6.00
10.00, 791.00, 3697.00, -99.89, -95.59, 6.00
10.00, 762.00, 3669.00, -99.89, -92.32, 6.00
10.00, 730.00, 3638.00, -99.89, -84.86, 6.00
10.00, 697.00, 3605.00, -99.89, -69.83, 6.00
10.00, 661.00, 3574.00, -99.89, -39.89, 6.00
10.00, 624.00, 3543.00, -99.89, -3.05, 6.00
10.00, 587.00, 3517.00, -99.89, 35.59, 6.00
10.00, 547.00, 3499.00, -99.89, 62.60, 6.00
10.00, 509.00, 3490.00, -99.89, 76.95, 6.00
10.00, 472.00, 3488.00, -99.89, 81.36, 6.00
10.00, 433.00, 3496.00, -99.89, 83.39, 6.00
10.00, 393.00, 3509.00, -99.89, 80.90, 6.00
10.00, 352.00, 3527.00, -99.89, 74.80, 6.00
10.00, 311.00, 3548.00, -99.89, 63.39, 6.00
10.00, 271.00, 3570.00, -99.89, 45.31, 6.00
10.00, 231.00, 3592.00, -99.89, 18.76, 6.00
10.00, 190.00, 3613.00, -99.89, -8.25, 6.00
10.00, 148.00, 3631.00, -99.89, -35.37, 6.00
10.00, 105.00, 3640.00, -99.89, -55.82, 6.00
10.00, 62.00, 3642.00, -99.89, -64.86, 6.00
10.00, 22.00, 3638.00, -99.89, -67.01, 6.00
10.00, -20.00, 3628.00, -99.89, -65.65, 6.00
10.00, -61.00, 3614.00, -99.89, -58.42, 6.00
10.00, -103.00, 3599.00, -99.89, -47.34, 6.00
10.00, -145.00, 3581.00, -99.89, -29.72, 6.00
10.00, -190.00, 3565.00, -99.89, -8.59, 6.00
10.00, -232.00, 3550.00, -99.89, 13.11, 6.00
10.00, -274.00, 3538.00, -99.77, 31.30, 6.00
10.00, -315.00, 3532.00, -99.55, 46.44, 6.00
10.00, -356.00, 3532.00, -98.98, 53.79, 6.00
10.00, -397.00, 3535.00, -97.29, 53.22, 6.00
10.00, -440.00, 3544.00, -92.32, 50.62, 6.00
10.00, -481.00, 3557.00, -79.44, 42.37, 6.00
10.00, -520.00, 3570.00, -48.14, 26.10, 6.00
10.00, -557.00, 3583.00, -0.45, 7.57, 6.00
10.00, -589.00, 3596.00, 44.29, -11.98, 6.00
10.00, -615.00, 3603.00, 71.86, -31.30, 6.00
10.00, -632.00, 3604.00, 85.31, -43.95, 6.00
10.00, -636.00, 3603.00, 91.07, -51.30, 6.00
10.00, -632.00, 3597.00, 92.32, -56.27, 6.00
10.00, -620.00, 3589.00, 92.09, -57.74, 6.00
10.00, -603.00, 3576.00, 89.94, -57.97, 6.00
10.00, -581.00, 3561.00, 84.86, -57.06, 6.00
10.00, -557.00, 3544.00, 75.37, -54.24, 6.00
10.00, -531.00, 3527.00, 59.44, -51.19, 6.00
10.00, -505.00, 3507.00, 33.33, -49.83, 6.00
10.00, -480.00, 3487.00, -0.45, -48.47, 6.00
10.00, -458.00, 3467.00, -31.86, -47.68, 6.00
10.00, -444.00, 3448.00, -55.71, -49.27, 6.00
10.00, -437.00, 3430.00, -68.36, -51.07, 6.00
10.00, -438.00, 3411.00, -74.12, -55.14, 6.00
10.00, -445.00, 3391.00, -74.69, -58.76, 6.00
10.00, -457.00, 3371.00, -71.64, -61.69, 6.00
10.00, -476.00, 3348.00, -63.28, -64.52, 6.00
10.00, -495.00, 3325.00, -48.14, -65.76, 6.00
10.00, -514.00, 3302.00, -27.12, -65.88, 6.00
10.00, -533.00, 3278.00, -1.69, -65.42, 6.00
10.00, -549.00, 3255.00, 22.49, -64.18, 6.00
10.00, -561.00, 3228.00, 41.13, -61.13, 6.00
10.00, -567.00, 3203.00, 53.22, -56.16, 6.00
10.00, -566.00, 3176.00, 61.13, -47.68, 6.00
10.00, -559.00, 3152.00, 61.13, -37.06, 6.00
10.00, -549.00, 3130.00, 57.74, -24.41, 6.00
10.00, -536.00, 3111.00, 47.46, -11.64, 6.00
10.00, -520.00, 3092.00, 34.46, 2.15, 6.00
10.00, -505.00, 3078.00, 15.03, 15.71, 6.00
10.00, -490.00, 3069.00, -4.29, 26.44, 6.00
10.00, -480.00, 3063.00, -23.50, 33.22, 6.00
10.00, -474.00, 3063.00, -35.37, 37.74, 6.00
10.00, -472.00, 3065.00, -44.07, 37.63, 6.00
10.00, -474.00, 3070.00, -47.23, 35.82, 6.00
10.00, -480.00, 3078.00, -46.33, 30.62, 6.00
10.00, -490.00, 3087.00, -41.13, 23.16, 6.00
10.00, -501.00, 3097.00, -31.07, 13.33, 6.00
10.00, -512.00, 3107.00, -16.61, 2.15, 6.00
10.00, -523.00, 3114.00, -4.18, -9.04, 6.00
10.00, -533.00, 3120.00, 9.49, -18.42, 6.00
10.00, -539.00, 3120.00, 22.71, -25.54, 6.00
10.00, -542.00, 3120.00, 30.28, -28.25, 6.00
10.00, -542.00, 3117.00, 32.54, -29.83, 6.00
10.00, -540.00, 3112.00, 33.33, -29.60, 6.00
10.00, -534.00, 3106.00, 28.93, -27.34, 6.00
10.00, -526.00, 3097.00, 20.11, -24.29, 6.00
10.00, -518.00, 3088.00, 7.68, -20.34, 6.00
10.00, -512.00, 3079.00, -8.25, -16.38, 6.00
10.00, -506.00, 3071.00, -22.49, -13.22, 6.00
10.00, -505.00, 3064.00, -35.71, -10.40, 6.00
10.00, -506.00, 3058.00, -44.75, -8.70, 6.00
10.00, -511.00, 3052.00, -51.41, -7.80, 6.00
10.00, -519.00, 3048.00, -56.95, -7.23, 6.00
10.00, -532.00, 3044.00, -59.55, -7.12, 6.00
10.00, -546.00, 3041.00, -60.34, -7.23, 6.00
10.00, -563.00, 3038.00, -61.92, -7.57, 6.00
10.00, -581.00, 3035.00, -62.60, -7.80, 6.00
10.00, -602.00, 3033.00, -62.49, -7.80, 6.00
10.00, -623.00, 3031.00, -62.94, -8.14, 6.00
10.00, -645.00, 3028.00, -64.41, -8.02, 6.00
10.00, -668.00, 3026.00, -64.63, -8.02, 6.00
10.00, -691.00, 3024.00, -65.99, -7.91, 6.00
10.00, -716.00, 3022.00, -66.89, -8.14, 6.00
10.00, -741.00, 3020.00, -66.55, -7.91, 6.00
10.00, -767.00, 3018.00, -65.76, -7.57, 6.00
10.00, -793.00, 3016.00, -63.95, -6.67, 6.00
10.00, -819.00, 3015.00, -61.69, -6.21, 6.00
10.00, -845.00, 3014.00, -57.63, -5.76, 6.00
10.00, -872.00, 3012.00, -51.19, -4.63, 6.00
10.00, -898.00, 3011.00, -43.28, -4.07, 6.00
10.00, -923.00, 3009.00, -32.09, -2.82, 6.00
10.00, -944.00, 3008.00, -19.89, -1.58, 6.00
10.00, -964.00, 3007.00, -8.25, -1.02, 6.00
10.00, -982.00, 3006.00, 3.05, 0.11, 6.00
10.00, -995.00, 3006.00, 14.24, 2.15, 6.00
10.00, -1004.00, 3006.00, 21.81, 3.39, 6.00
10.00, -1010.00, 3006.00, 26.44, 5.42, 6.00
10.00, -1011.00, 3006.00, 29.04, 7.34, 6.00
10.00, -1010.00, 3006.00, 28.70, 9.15, 6.00
10.00, -1007.00, 3008.00, 27.23, 10.96, 6.00
10.00, -1001.00, 3010.00, 24.63, 13.45, 6.00
10.00, -994.00, 3012.00, 21.13, 16.50, 6.00
10.00, -988.00, 3015.00, 18.08, 19.32, 6.00
10.00, -981.00, 3018.00, 15.48, 22.71, 6.00
10.00, -975.00, 3023.00, 13.79, 25.76, 6.00
10.00, -968.00, 3029.00, 12.43, 29.38, 6.00
10.00, -962.00, 3036.00, 11.75, 34.58, 6.00
10.00, -956.00, 3044.00, 11.53, 38.64, 6.00
10.00, -951.00, 3054.00, 11.53, 43.50, 6.00
10.00, -947.00, 3065.00, 11.86, 48.25, 6.00
10.00, -942.00, 3078.00, 11.86, 53.45, 6.00
10.00, -938.00, 3092.00, 12.20, 58.87, 6.00
10.00, -934.00, 3109.00, 12.20, 63.39, 6.00
10.00, -930.00, 3127.00, 12.09, 67.91, 6.00
10.00, -927.00, 3147.00, 12.32, 72.99, 6.00
10.00, -923.00, 3170.00, 11.19, 77.18, 6.00
10.00, -919.00, 3193.00, 10.85, 80.79, 6.00
10.00, -916.00, 3219.00, 10.40, 84.07, 6.00
10.00, -912.00, 3247.00, 9.27, 86.78, 6.00
10.00, -909.00, 3276.00, 8.70, 89.27, 6.00
10.00, -905.00, 3307.00, 7.91, 91.19, 6.00
10.00, -902.00, 3339.00, 6.44, 92.66, 6.00
10.00, -898.00, 3374.00, 4.86, 94.01, 6.00
10.00, -897.00, 3407.00, 3.84, 95.14, 6.00
10.00, -895.00, 3441.00, 1.47, 96.05, 6.00
10.00, -892.00, 3476.00, -0.79, 96.72, 6.00
10.00, -891.00, 3514.00, -2.49, 97.29, 6.00
10.00, -891.00, 3551.00, -6.33, 97.74, 6.00
10.00, -891.00, 3590.00, -9.38, 98.31, 6.00
10.00, -891.00, 3629.00, -12.99, 98.76, 6.00
10.00, -892.00, 3668.00, -16.50, 98.98, 6.00
10.00, -895.00, 3706.00, -20.68, 99.32, 6.00
10.00, -898.00, 3744.00, -25.20, 99.44, 6.00
10.00, -904.00, 3782.00, -30.17, 99.66, 6.00
10.00, -910.00, 3821.00, -36.05, 99.66, 6.00
10.00, -918.00, 3860.00, -42.03, 99.77, 6.00
10.00, -927.00, 3901.00, -47.91, 99.89, 6.00
10.00, -938.00, 3941.00, -54.24, 99.89, 6.00
10.00, -952.00, 3977.00, -60.56, 99.89, 6.00
10.00, -968.00, 4017.00, -66.67, 99.89, 6.00
10.00, -987.00, 4056.00, -72.77, 99.89, 6.00
10.00, -1007.00, 4095.00, -78.08, 99.89, 6.00
10.00, -1031.00, 4139.00, -82.71, 99.89, 6.00
10.00, -1055.00, 4183.00, -86.55, 99.89, 6.00
10.00, -1081.00, 4225.00, -89.60, 99.89, 6.00
10.00, -1110.00, 4265.00, -91.75, 99.89, 6.00
10.00, -1141.00, 4306.00, -93.67, 99.89, 6.00
10.00, -1174.00, 4346.00, -95.03, 99.89, 6.00
10.00, -1207.00, 4387.00, -96.16, 99.89, 6.00
10.00, -1242.00, 4430.00, -96.95, 99.89, 6.00
10.00, -1278.00, 4471.00, -97.51, 99.89, 6.00
10.00, -1314.00, 4513.00, -97.97, 99.89, 6.00
10.00, -1351.00, 4557.00, -98.31, 99.89, 6.00
10.00, -1388.00, 4598.00, -98.53, 99.89, 6.00
10.00, -1427.00, 4641.00, -98.76, 99.89, 6.00
10.00, -1465.00, 4687.00, -98.87, 99.89, 6.00
10.00, -1504.00, 4728.00, -99.10, 99.89, 6.00
10.00, -1542.00, 4769.00, -99.21, 99.89, 6.00
10.00, -1579.00, 4813.00, -99.32, 99.89, 6.00
10.00, -1617.00, 4855.00, -99.44, 99.89, 6.00
10.00, -1655.00, 4899.00, -99.55, 99.89, 6.00
10.00, -1695.00, 4942.00, -99.66, 99.89, 6.00
10.00, -1735.00, 4984.00, -99.66, 99.89, 6.00
10.00, -1775.00, 5025.00, -99.77, 99.89, 6.00
10.00, -1814.00, 5067.00, -99.77, 99.89, 6.00
10.00, -1852.00, 5110.00, -99.89, 99.89, 6.00
10.00, -1892.00, 5152.00, -99.89, 99.89, 6.00
10.00, -1933.00, 5195.00, -99.89, 99.89, 6.00
10.00, -1975.00, 5236.00, -99.89, 99.89, 6.00
10.00, -2016.00, 5277.00, -99.89, 99.89, 6.00
10.00, -2058.00, 5319.00, -99.89, 99.89, 6.00
10.00, -2099.00, 5359.00, -99.89, 99.89, 6.00
10.00, -2139.00, 5403.00, -99.89, 99.89, 6.00
10.00, -2182.00, 5449.00, -99.89, 99.89, 6.00
10.00, -2226.00, 5491.00, -99.89, 99.89, 6.00
10.00, -2268.00, 5531.00, -99.89, 99.89, 6.00
10.00, -2311.00, 5571.00, -99.89, 99.89, 6.00
10.00, -2353.00, 5615.00, -99.89, 99.89, 6.00
10.00, -2395.00, 5660.00, -99.89, 99.89, 6.00
10.00, -2437.00, 5704.00, -99.89, 99.89, 6.00
10.00, -2481.00, 5746.00, -99.89, 99.89, 6.00
10.00, -2524.00, 5786.00, -99.89, 99.89, 6.00
10.00, -2566.00, 5828.00, -99.89, 99.89, 6.00
10.00, -2609.00, 5870.00, -99.89, 99.89, 6.00
10.00, -2651.00, 5914.00, -99.89, 99.89, 6.00
10.00, -2694.00, 5958.00, -99.89, 99.89, 6.00
10.00, -2738.00, 5998.00, -99.89, 99.89, 6.00
10.00, -2780.00, 6039.00, -99.89, 99.89, 6.00
10.00, -2824.00, 6082.00, -99.89, 99.89, 6.00
10.00, -2865.00, 6124.00, -99.89, 99.89, 6.00
10.00, -2905.00, 6166.00, -99.89, 99.89, 6.00
10.00, -2945.00, 6209.00, -99.89, 99.89, 6.00
10.00, -2990.00, 6251.00, -99.89, 99.89, 6.00
10.00, -3033.00, 6291.00, -99.89, 99.89, 6.00
10.00, -3074.00, 6333.00, -99.89, 99.89, 6.00
10.00, -3115.00, 6374.00, -99.89, 99.89, 6.00
10.00, -3156.00, 6415.00, -99.89, 99.89, 6.00
10.00, -3198.00, 6456.00, -99.89, 99.89, 6.00
10.00, -3242.00, 6497.00, -99.89, 99.89, 6.00
10.00, -3284.00, 6537.00, -99.89, 99.89, 6.00
10.00, -3326.00, 6578.00, -99.89, 99.89, 6.00
10.00, -3368.00, 6620.00, -99.89, 99.89, 6.00
10.00, -3409.00, 6662.00, -99.89, 99.89, 6.00
10.00, -3450.00, 6704.00, -99.89, 99.89, 6.00
10.00, -3493.00, 6746.00, -99.89, 99.89, 6.00
10.00, -3537.00, 6787.00, -99.89, 99.89, 6.00
10.00, -3581.00, 6828.00, -99.89, 99.77, 6.00
10.00, -3622.00, 6870.00, -99.89, 99.77, 6.00
10.00, -3663.00, 6913.00, -99.89, 99.77, 6.00
10.00, -3706.00, 6955.00, -99.89, 99.77, 6.00
10.00, -3748.00, 6998.00, -99.89, 99.89, 6.00
10.00, -3791.00, 7041.00, -99.89, 99.89, 6.00
10.00, -3834.00, 7083.00, -99.89, 99.89, 6.00
10.00, -3876.00, 7126.00, -99.89, 99.89, 6.00
10.00, -3916.00, 7169.00, -99.89, 99.89, 6.00
10.00, -3958.00, 7213.00, -99.89, 99.89, 6.00
10.00, -4003.00, 7255.00, -99.89, 99.89, 6.00
10.00, -4047.00, 7298.00, -99.89, 99.89, 6.00
10.00, -4087.00, 7339.00, -99.89, 99.89, 6.00
10.00, -4131.00, 7382.00, -99.89, 99.89, 6.00
10.00, -4172.00, 7424.00, -99.89, 99.89, 6.00
10.00, -4213.00, 7468.00, -99.89, 99.89, 6.00
10.00, -4255.00, 7510.00, -99.89, 99.89, 6.00
10.00, -4300.00, 7553.00, -99.89, 99.89, 6.00
10.00, -4342.00, 7594.00, -99.89, 99.89, 6.00
10.00, -4383.00, 7635.00, -99.89, 99.89, 6.00
10.00, -4424.00, 7678.00, -99.89, 99.89, 6.00
10.00, -4465.00, 7721.00, -99.89, 99.89, 6.00
10.00, -4509.00, 7762.00, -99.89, 99.89, 6.00
10.00, -4554.00, 7802.00, -99.89, 99.89, 6.00
10.00, -4599.00, 7841.00, -99.89, 99.89, 6.00
10.00, -4641.00, 7881.00, -99.89, 99.89, 6.00
10.00, -4683.00, 7923.00, -99.89, 99.89, 6.00
10.00, -4726.00, 7966.00, -99.89, 99.89, 6.00
10.00, -4769.00, 8011.00, -99.89, 99.89, 6.00
10.00, -4814.00, 8051.00, -99.89, 99.89, 6.00
10.00, -4856.00, 8090.00, -99.89, 99.89, 6.00
10.00, -4898.00, 8132.00, -99.89, 99.89, 6.00
10.00, -4941.00, 8174.00, -99.89, 99.89, 6.00
10.00, -4984.00, 8217.00, -99.89, 99.89, 6.00
10.00, -5028.00, 8261.00, -99.89, 99.89, 6.00
10.00, -5073.00, 8303.00, -99.89, 99.89, 6.00
10.00, -5115.00, 8343.00, -99.89, 99.89, 6.00
10.00, -5158.00, 8385.00, -99.89, 99.89, 6.00
10.00, -5200.00, 8428.00, -99.89, 99.89, 6.00
10.00, -5241.00, 8472.00, -99.89, 99.89, 6.00
10.00, -5285.00, 8516.00, -99.89, 99.89, 6.00
10.00, -5328.00, 8557.00, -99.89, 99.89, 6.00
10.00, -5369.00, 8599.00, -99.89, 99.89, 6.00
10.00, -5411.00, 8641.00, -99.89, 99.89, 6.00
10.00, -5452.00, 8684.00, -99.89, 99.89, 6.00
10.00, -5492.00, 8725.00, -99.89, 99.89, 6.00
10.00, -5534.00, 8768.00, -99.89, 99.89, 6.00
10.00, -5577.00, 8811.00, -99.89, 99.89, 6.00
10.00, -5619.00, 8852.00, -99.89, 99.89, 6.00
10.00, -5659.00, 8893.00, -99.89, 99.89, 6.00
10.00, -5700.00, 8937.00, -99.89, 99.89, 6.00
10.00, -5741.00, 8978.00, -99.89, 99.89, 6.00
10.00, -5782.00, 9021.00, -99.89, 99.89, 6.00
10.00, -5825.00, 9061.00, -99.89, 99.89, 6.00
10.00, -5868.00, 9103.00, -99.89, 99.89, 6.00
10.00, -5910.00, 9143.00, -99.89, 99.89, 6.00
10.00, -5951.00, 9185.00, -99.89, 99.89, 6.00
10.00, -5993.00, 9228.00, -99.89, 99.89, 6.00
10.00, -6035.00, 9270.00, -99.89, 99.89, 6.00
10.00, -6080.00, 9312.00, -99.89, 99.89, 6.00
10.00, -6123.00, 9354.00, -99.89, 99.89, 6.00
10.00, -6164.00, 9397.00, -99.89, 99.89, 6.00
10.00, -6208.00, 9441.00, -99.89, 99.89, 6.00
10.00, -6251.00, 9484.00, -99.89, 99.89, 6.00
10.00, -6292.00, 9529.00, -99.89, 99.89, 6.00
10.00, -6335.00, 9572.00, -99.89, 99.89, 6.00
10.00, -6379.00, 9614.00, -99.89, 99.89, 6.00
10.00, -6420.00, 9654.00, -99.89, 99.89, 6.00
10.00, -6462.00, 9698.00, -99.89, 99.89, 6.00
10.00, -6506.00, 9743.00, -99.89, 99.89, 6.00
10.00, -6549.00, 9786.00, -99.89, 99.89, 6.00
10.00, -6593.00, 9827.00, -99.89, 99.89, 6.00
10.00, -6636.00, 9868.00, -99.89, 99.89, 6.00
10.00, -6677.00, 9911.00, -99.89, 99.89, 6.00
10.00, -6719.00, 9955.00, -99.89, 99.89, 6.00
10.00, -6759.00, 9996.00, -99.89, 99.89, 6.00
10.00, -6801.00, 10040.00, -99.89, 99.89, 6.00
10.00, -6844.00, 10082.00, -99.89, 99.89, 6.00
10.00, -6887.00, 10121.00, -99.89, 99.89, 6.00
10.00, -6929.00, 10163.00, -99.89, 99.89, 6.00
10.00, -6971.00, 10206.00, -99.89, 99.89, 6.00
10.00, -7012.00, 10247.00, -99.89, 99.89, 6.00
10.00, -7055.00, 10287.00, -99.89, 99.89, 6.00
10.00, -7099.00, 10328.00, -99.89, 99.89, 6.00
10.00, -7142.00, 10369.00, -99.89, 99.89, 6.00
10.00, -7185.00, 10411.00, -99.89, 99.89, 6.00
10.00, -7225.00, 10451.00, -99.89, 99.89, 6.00
10.00, -7267.00, 10493.00, -99.89, 99.89, 6.00
10.00, -7310.00, 10534.00, -99.89, 99.89, 6.00
10.00, -7353.00, 10575.00, -99.89, 99.89, 6.00
10.00, -7398.00, 10617.00, -99.89, 99.89, 6.00
10.00, -7440.00, 10658.00, -99.89, 99.89, 6.00
10.00, -7482.00, 10700.00, -99.89, 99.89, 6.00
10.00, -7525.00, 10742.00, -99.89, 99.89, 6.00
10.00, -7568.00, 10783.00, -99.89, 99.89, 6.00
10.00, -7610.00, 10826.00, -99.89, 99.89, 6.00
10.00, -7654.00, 10869.00, -99.89, 99.89, 6.00
10.00, -7698.00, 10911.00, -99.89, 99.89, 6.00
10.00, -7738.00, 10952.00, -99.89, 99.89, 6.00
10.00, -7780.00, 10996.00, -99.89, 99.89, 6.00
10.00, -7823.00, 11039.00, -99.89, 99.89, 6.00
10.00, -7865.00, 11080.00, -99.89, 99.89, 6.00
10.00, -7908.00, 11123.00, -99.89, 99.89, 6.00
10.00, -7950.00, 11165.00, -99.89, 99.89, 6.00
10.00, -7991.00, 11207.00, -99.89, 99.89, 6.00
10.00, -8031.00, 11249.00, -99.89, 99.89, 6.00
10.00, -8073.00, 11291.00, -99.89, 99.89, 6.00
10.00, -8116.00, 11336.00, -99.89, 99.89, 6.00
10.00, -8160.00, 11379.00, -99.89, 99.89, 6.00
10.00, -8200.00, 11418.00, -99.89, 99.89, 6.00
10.00, -8241.00, 11460.00, -99.89, 99.89, 6.00
10.00, -8284.00, 11503.00, -99.89, 99.89, 6.00
10.00, -8326.00, 11543.00, -99.89, 99.89, 6.00
10.00, -8369.00, 11586.00, -99.89, 99.89, 6.00
10.00, -8414.00, 11627.00, -99.89, 99.89, 6.00
10.00, -8459.00, 11667.00, -99.89, 99.89, 6.00
10.00, -8501.00, 11708.00, -99.89, 99.89, 6.00
10.00, -8542.00, 11751.00, -99.89, 99.89, 6.00
10.00, -8585.00, 11793.00, -99.89, 99.89, 6.00
10.00, -8630.00, 11837.00, -99.89, 99.89, 6.00
10.00, -8675.00, 11879.00, -99.89, 99.89, 6.00
10.00, -8718.00, 11919.00, -99.89, 99.89, 6.00
10.00, -8761.00, 11960.00, -99.89, 99.89, 6.00
10.00, -8805.00, 12004.00, -99.89, 99.89, 6.00
10.00, -8849.00, 12045.00, -99.89, 99.89, 6.00
10.00, -8893.00, 12088.00, -99.89, 99.89, 6.00
10.00, -8936.00, 12131.00, -99.89, 99.89, 6.00
10.00, -8979.00, 12172.00, -99.89, 99.89, 6.00
10.00, -9022.00, 12214.00, -99.89, 99.89, 6.00
10.00, -9065.00, 12258.00, -99.89, 99.89, 6.00
10.00, -9109.00, 12300.00, -99.89, 99.89, 6.00
10.00, -9150.00, 12345.00, -99.89, 99.89, 6.00
10.00, -9194.00, 12387.00, -99.89, 99.89, 6.00
10.00, -9236.00, 12429.00, -99.89, 99.89, 6.00
10.00, -9276.00, 12471.00, -99.89, 99.89, 6.00
10.00, -9318.00, 12512.00, -99.89, 99.89, 6.00
10.00, -9360.00, 12554.00, -99.89, 99.89, 6.00
10.00, -9402.00, 12598.00, -99.89, 99.89, 6.00
10.00, -9444.00, 12640.00, -99.89, 99.89, 6.00
10.00, -9487.00, 12680.00, -99.89, 99.89, 6.00
10.00, -9527.00, 12722.00, -99.89, 99.89, 6.00
10.00, -9568.00, 12766.00, -99.89, 99.89, 6.00
10.00, -9612.00, 12807.00, -99.89, 99.89, 6.00
10.00, -9653.00, 12848.00, -99.89, 99.89, 6.00
10.00, -9696.00, 12890.00, -99.89, 99.89, 6.00
10.00, -9739.00, 12930.00, -99.89, 99.89, 6.00
10.00, -9779.00, 12971.00, -99.89, 99.89, 6.00
10.00, -9821.00, 13013.00, -99.89, 99.89, 6.00
10.00, -9864.00, 13056.00, -99.89, 99.89, 6.00
10.00, -9908.00, 13100.00, -99.89, 99.89, 6.00
10.00, -9950.00, 13141.00, -99.89, 99.89, 6.00
10.00, -9992.00, 13182.00, -99.89, 99.89, 6.00
10.00, -10034.00, 13226.00, -99.89, 99.89, 6.00
10.00, -10077.00, 13270.00, -99.89, 99.89, 6.00
10.00, -10120.00, 13312.00, -99.89, 99.89, 6.00
10.00, -10161.00, 13355.00, -99.89, 99.89, 6.00
10.00, -10205.00, 13398.00, -99.89, 99.89, 6.00
10.00, -10248.00, 13442.00, -99.89, 99.89, 6.00
10.00, -10290.00, 13485.00, -99.89, 99.89, 6.00
11.00, -10333.00, 13529.00, -99.89, 99.89, 6.00
10.00, -10377.00, 13572.00, -99.89, 99.89, 6.00
10.00, -10419.00, 13615.00, -99.89, 99.89, 6.00
9.00, -10461.00, 13658.00, -99.89, 99.89, 6.00
10.00, -10504.00, 13700.00, -99.89, 99.89, 6.00
10.00, -10544.00, 13744.00, -99.89, 99.89, 6.00
10.00, -10586.00, 13785.00, -99.89, 99.89, 6.00
11.00, -10627.00, 13829.00, -99.89, 99.89, 6.00
10.00, -10671.00, 13873.00, -99.89, 99.89, 6.00
10.00, -10714.00, 13914.00, -99.89, 99.89, 6.00
10.00, -10757.00, 13956.00, -99.89, 99.89, 6.00
10.00, -10799.00, 13999.00, -99.89, 99.89, 6.00
10.00, -10842.00, 14042.00, -99.89, 99.89, 6.00
10.00, -10885.00, 14082.00, -99.89, 99.89, 6.00
10.00, -10927.00, 14123.00, -99.89, 99.89, 6.00
10.00, -10970.00, 14165.00, -99.89, 99.89, 6.00
10.00, -11015.00, 14206.00, -99.89, 99.89, 6.00
10.00, -11057.00, 14247.00, -99.89, 99.89, 6.00
10.00, -11099.00, 14290.00, -99.89, 99.89, 6.00
10.00, -11141.00, 14331.00, -99.89, 99.89, 6.00
10.00, -11186.00, 14372.00, -99.89, 99.89, 6.00
10.00, -11230.00, 14414.00, -99.89, 99.89, 6.00
10.00, -11274.00, 14455.00, -99.89, 99.89, 6.00
10.00, -11316.00, 14498.00, -99.89, 99.89, 6.00
10.00, -11359.00, 14540.00, -99.89, 99.89, 6.00
10.00, -11402.00, 14579.00, -99.89, 99.89, 6.00
10.00, -11444.00, 14620.00, -99.89, 99.89, 6.00
10.00, -11487.00, 14664.00, -99.89, 99.89, 6.00
10.00, -11530.00, 14707.00, -99.89, 99.89, 6.00
10.00, -11571.00, 14749.00, -99.89, 99.89, 6.00
10.00, -11614.00, 14792.00, -99.89, 99.89, 6.00
10.00, -11658.00, 14834.00, -99.89, 99.89, 6.00
10.00, -11699.00, 14875.00, -99.89, 99.89, 6.00
10.00, -11742.00, 14917.00, -99.89, 99.89, 6.00
10.00, -11785.00, 14961.00, -99.89, 99.89, 6.00
10.00, -11825.00, 15002.00, -99.89, 99.89, 6.00
10.00, -11866.00, 15043.00, -99.89, 99.89, 6.00
10.00, -11908.00, 15087.00, -99.89, 99.89, 6.00
10.00, -11948.00, 15131.00, -99.89, 99.89, 6.00
10.00, -11991.00, 15173.00, -99.89, 99.89, 6.00
10.00, -12033.00, 15215.00, -99.89, 99.89, 6.00
10.00, -12073.00, 15257.00, -99.89, 99.89, 6.00
10.00, -12114.00, 15299.00, -99.89, 99.89, 6.00
10.00, -12158.00, 15340.00, -99.89, 99.89, 6.00
10.00, -12202.00, 15380.00, -99.89, 99.89, 6.00
10.00, -12244.00, 15425.00, -99.89, 99.89, 6.00
10.00, -12288.00, 15466.00, -99.89, 99.89, 6.00
10.00, -12330.00, 15505.00, -99.89, 99.89, 6.00
10.00, -12372.00, 15548.00, -99.89, 99.89, 6.00
10.00, -12417.00, 15591.00, -99.89, 99.89, 6.00
10.00, -12461.00, 15633.00, -99.89, 99.89, 6.00
10.00, -12503.00, 15677.00, -99.89, 99.89, 6.00
10.00, -12547.00, 15720.00, -99.89, 99.89, 6.00
10.00, -12590.00, 15761.00, -99.89, 99.89, 6.00
10.00, -12632.00, 15805.00, -99.89, 99.89, 6.00
10.00, -12677.00, 15847.00, -99.89, 99.89, 6.00
10.00, -12723.00, 15887.00, -99.89, 99.89, 6.00
10.00, -12767.00, 15931.00, -99.89, 99.89, 6.00
10.00, -12809.00, 15974.00, -99.89, 99.89, 6.00
10.00, -12852.00, 16016.00, -99.89, 99.89, 6.00
10.00, -12895.00, 16059.00, -99.89, 99.89, 6.00
10.00, -12939.00, 16102.00, -99.89, 99.89, 6.00
10.00, -12982.00, 16144.00, -99.89, 99.89, 6.00
10.00, -13024.00, 16188.00, -99.89, 99.89, 6.00
10.00, -13066.00, 16230.00, -99.89, 99.89, 6.00
10.00, -13108.00, 16271.00, -99.89, 99.89, 6.00
10.00, -13149.00, 16313.00, -99.89, 99.89, 6.00
10.00, -13192.00, 16355.00, -99.89, 99.89, 6.00
10.00, -13235.00, 16397.00, -99.89, 99.89, 6.00
10.00, -13277.00, 16441.00, -99.89, 99.89, 6.00
10.00, -13320.00, 16482.00, -99.89, 99.89, 6.00
10.00, -13361.00, 16524.00, -99.89, 99.89, 6.00
10.00, -13402.00, 16567.00, -99.89, 99.89, 6.00
10.00, -13445.00, 16608.00, -99.89, 99.89, 6.00
10.00, -13488.00, 16648.00, -99.89, 99.89, 6.00
10.00, -13530.00, 16689.00, -99.89, 99.89, 6.00
10.00, -13573.00, 16731.00, -99.89, 99.89, 6.00
10.00, -13615.00, 16771.00, -99.89, 99.89, 6.00
10.00, -13657.00, 16813.00, -99.89, 99.89, 6.00
10.00, -13701.00, 16856.00, -99.89, 99.89, 6.00
10.00, -13745.00, 16897.00, -99.89, 99.89, 6.00
10.00, -13787.00, 16939.00, -99.89, 99.89, 6.00
10.00, -13830.00, 16981.00, -99.89, 99.89, 6.00
10.00, -13871.00, 17024.00, -99.89, 99.89, 6.00
10.00, -13912.00, 17067.00, -99.89, 99.89, 6.00
10.00, -13955.00, 17109.00, -99.89, 99.89, 6.00
10.00, -13998.00, 17152.00, -99.89, 99.89, 6.00
10.00, -14041.00, 17196.00, -99.89, 99.89, 6.00
10.00, -14082.00, 17239.00, -99.89, 99.89, 6.00
10.00, -14125.00, 17280.00, -99.89, 99.89, 6.00
10.00, -14167.00, 17325.00, -99.89, 99.89, 6.00
10.00, -14210.00, 17368.00, -99.89, 99.89, 6.00
10.00, -14253.00, 17410.00, -99.89, 99.89, 6.00
10.00, -14295.00, 17453.00, -99.89, 99.89, 6.00
10.00, -14337.00, 17496.00, -99.89, 99.89, 6.00
10.00, -14378.00, 17541.00, -99.89, 99.89, 6.00
10.00, -14418.00, 17584.00, -99.89, 99.89, 6.00
10.00, -14460.00, 17627.00, -99.89, 99.89, 6.00
10.00, -14504.00, 17669.00, -99.89, 99.89, 6.00
10.00, -14545.00, 17713.00, -99.89, 99.89, 6.00
10.00, -14588.00, 17755.00, -99.89, 99.89, 6.00
10.00, -14630.00, 17797.00, -99.89, 99.89, 6.00
10.00, -14670.00, 17840.00, -99.89, 99.89, 6.00
10.00, -14715.00, 17881.00, -99.89, 99.89, 6.00
10.00, -14759.00, 17922.00, -99.89, 99.89, 6.00
10.00, -14802.00, 17964.00, -99.89, 99.89, 6.00
10.00, -14845.00, 18007.00, -99.89, 99.89, 6.00
10.00, -14887.00, 18049.00, -99.89, 99.89, 6.00
10.00, -14929.00, 18091.00, -99.89, 99.89, 6.00
10.00, -14973.00, 18133.00, -99.89, 99.89, 6.00
10.00, -15017.00, 18174.00, -99.89, 99.89, 6.00
10.00, -15060.00, 18216.00, -99.89, 99.89, 6.00
10.00, -15105.00, 18258.00, -99.89, 99.89, 6.00
10.00, -15148.00, 18299.00, -99.89, 99.89, 6.00
10.00, -15190.00, 18342.00, -99.89, 99.89, 6.00
10.00, -15232.00, 18383.00, -99.89, 99.89, 6.00
10.00, -15277.00, 18423.00, -99.89, 99.89, 6.00
10.00, -15321.00, 18467.00, -99.89, 99.89, 6.00
10.00, -15363.00, 18510.00, -99.89, 99.89, 6.00
10.00, -15404.00, 18553.00, -99.89, 99.89, 6.00
10.00, -15448.00, 18595.00, -99.89, 99.89, 6.00
10.00, -15490.00, 18637.00, -99.89, 99.89, 6.00
10.00, -15533.00, 18677.00, -99.89, 99.89, 6.00
10.00, -15574.00, 18718.00, -99.89, 99.89, 6.00
10.00, -15617.00, 18761.00, -99.89, 99.89, 6.00
10.00, -15657.00, 18803.00, -99.89, 99.89, 6.00
10.00, -15698.00, 18845.00, -99.89, 99.89, 6.00
10.00, -15740.00, 18887.00, -99.89, 99.89, 6.00
10.00, -15782.00, 18930.00, -99.89, 99.89, 6.00
10.00, -15824.00, 18972.00, -99.89, 99.89, 6.00
10.00, -15866.00, 19014.00, -99.89, 99.89, 6.00
10.00, -15907.00, 19056.00, -99.89, 99.89, 6.00
10.00, -15948.00, 19098.00, -99.89, 99.89, 6.00
10.00, -15990.00, 19138.00, -99.89, 99.89, 6.00
10.00, -16033.00, 19179.00, -99.89, 99.89, 6.00
10.00, -16076.00, 19221.00, -99.89, 99.89, 6.00
10.00, -16118.00, 19263.00, -99.89, 99.89, 6.00
10.00, -16160.00, 19304.00, -99.89, 99.89, 6.00
10.00, -16201.00, 19346.00, -99.89, 99.89, 6.00
10.00, -16244.00, 19390.00, -99.89, 99.89, 6.00
10.00, -16290.00, 19431.00, -99.89, 99.89, 6.00
10.00, -16334.00, 19472.00, -99.89, 99.89, 6.00
10.00, -16374.00, 19516.00, -99.89, 99.89, 6.00
10.00, -16417.00, 19559.00, -99.89, 99.89, 6.00
10.00, -16461.00, 19601.00, -99.89, 99.89, 6.00
10.00, -16504.00, 19644.00, -99.89, 99.89, 6.00
10.00, -16549.00, 19685.00, -99.89, 99.89, 6.00
10.00, -16592.00, 19727.00, -99.89, 99.89, 6.00
10.00, -16635.00, 19772.00, -99.89, 99.89, 6.00
10.00, -16678.00, 19814.00, -99.89, 99.89, 6.00
10.00, -16721.00, 19857.00, -99.89, 99.89, 6.00
10.00, -16763.00, 19901.00, -99.89, 99.89, 6.00
10.00, -16808.00, 19944.00, -99.89, 99.89, 6.00
10.00, -16852.00, 19986.00, -99.89, 99.89, 6.00
10.00, -16893.00, 20029.00, -99.89, 99.89, 6.00
10.00, -16935.00, 20071.00, -99.89, 99.89, 6.00
10.00, -16978.00, 20113.00, -99.89, 99.89, 6.00
10.00, -17021.00, 20154.00, -99.89, 99.89, 6.00
10.00, -17063.00, 20196.00, -99.89, 99.89, 6.00
10.00, -17106.00, 20238.00, -99.89, 99.89, 6.00
10.00, -17148.00, 20280.00, -99.89, 99.89, 6.00
10.00, -17190.00, 20321.00, -99.89, 99.89, 6.00
10.00, -17232.00, 20363.00, -99.89, 99.89, 6.00
10.00, -17274.00, 20406.00, -99.89, 99.89, 6.00
10.00, -17318.00, 20446.00, -99.89, 99.89, 6.00
10.00, -17363.00, 20485.00, -99.89, 99.89, 6.00
10.00, -17405.00, 20528.00, -99.89, 99.89, 6.00
10.00, -17448.00, 20570.00, -99.89, 99.89, 6.00
10.00, -17489.00, 20611.00, -99.89, 99.89, 6.00
10.00, -17533.00, 20653.00, -99.89, 99.89, 6.00
10.00, -17577.00, 20694.00, -99.89, 99.89, 6.00
10.00, -17620.00, 20734.00, -99.89, 99.89, 6.00
10.00, -17663.00, 20776.00, -99.89, 99.89, 6.00
10.00, -17706.00, 20819.00, -99.89, 99.89, 6.00
10.00, -17747.00, 20862.00, -99.89, 99.89, 6.00
10.00, -17790.00, 20904.00, -99.89, 99.89, 6.00
10.00, -17834.00, 20946.00, -99.89, 99.89, 6.00
10.00, -17877.00, 20988.00, -99.89, 99.89, 6.00
10.00, -17919.00, 21031.00, -99.89, 99.89, 6.00
10.00, -17961.00, 21074.00, -99.89, 99.89, 6.00
10.00, -18003.00, 21117.00, -99.89, 99.89, 6.00
10.00, -18044.00, 21160.00, -99.89, 99.89, 6.00
10.00, -18087.00, 21202.00, -99.89, 99.89, 6.00
10.00, -18130.00, 21245.00, -99.89, 99.89, 6.00
10.00, -18170.00, 21289.00, -99.89, 99.89, 6.00
10.00, -18210.00, 21332.00, -99.89, 99.89, 6.00
10.00, -18251.00, 21375.00, -99.89, 99.89, 6.00
10.00, -18294.00, 21418.00, -99.89, 99.89, 6.00
10.00, -18335.00, 21460.00, -99.89, 99.89, 6.00
10.00, -18377.00, 21503.00, -99.89, 99.89, 6.00
10.00, -18421.00, 21545.00, -99.89, 99.89, 6.00
10.00, -18461.00, 21587.00, -99.89, 99.89, 6.00
10.00, -18504.00, 21631.00, -99.89, 99.89, 6.00
10.00, -18546.00, 21673.00, -99.89, 99.89, 6.00
10.00, -18589.00, 21714.00, -99.89, 99.89, 6.00
10.00, -18634.00, 21753.00, -99.89, 99.89, 6.00
10.00, -18675.00, 21797.00, -99.89, 99.89, 6.00
10.00, -18716.00, 21841.00, -99.89, 99.89, 6.00
10.00, -18758.00, 21884.00, -99.89, 99.89, 6.00
10.00, -18802.00, 21926.00, -99.89, 99.89, 6.00
10.00, -18846.00, 21967.00, -99.89, 99.89, 6.00
10.00, -18891.00, 22008.00, -99.89, 99.89, 6.00
10.00, -18934.00, 22050.00, -99.89, 99.89, 6.00
10.00, -18977.00, 22094.00, -99.89, 99.89, 6.00
10.00, -19019.00, 22138.00, -99.89, 99.89, 6.00
10.00, -19063.00, 22181.00, -99.89, 99.89, 6.00
10.00, -19106.00, 22220.00, -99.89, 99.89, 6.00
10.00, -19149.00, 22261.00, -99.89, 99.89, 6.00
10.00, -19193.00, 22306.00, -99.89, 99.89, 6.00
10.00, -19235.00, 22349.00, -99.89, 99.89, 6.00
10.00, -19277.00, 22391.00, -99.89, 99.89, 6.00
10.00, -19319.00, 22434.00, -99.89, 99.89, 6.00
10.00, -19363.00, 22475.00, -99.89, 99.89, 6.00
10.00, -19407.00, 22516.00, -99.89, 99.89, 6.00
10.00, -19449.00, 22558.00, -99.89, 99.89, 6.00
10.00, -19488.00, 22601.00, -99.89, 99.89, 6.00
10.00, -19529.00, 22645.00, -99.89, 99.89, 6.00
10.00, -19571.00, 22685.00, -99.89, 99.89, 6.00
10.00, -19614.00, 22727.00, -99.89, 99.89, 6.00
10.00, -19657.00, 22770.00, -99.89, 99.89, 6.00
10.00, -19699.00, 22810.00, -99.89, 99.89, 6.00
10.00, -19740.00, 22852.00, -99.89, 99.89, 6.00
10.00, -19781.00, 22895.00, -99.89, 99.89, 6.00
10.00, -19823.00, 22936.00, -99.89, 99.89, 6.00
10.00, -19866.00, 22975.00, -99.89, 99.89, 6.00
10.00, -19910.00, 23016.00, -99.89, 99.89, 6.00
10.00, -19954.00, 23057.00, -99.89, 99.89, 6.00
10.00, -19995.00, 23099.00, -99.89, 99.89, 6.00
10.00, -20036.00, 23141.00, -99.89, 99.89, 6.00
10.00, -20078.00, 23183.00, -99.89, 99.89, 6.00
10.00, -20122.00, 23224.00, -99.89, 99.89, 6.00
10.00, -20164.00, 23267.00, -99.89, 99.89, 6.00
10.00, -20208.00, 23309.00, -99.89, 99.89, 6.00
10.00, -20249.00, 23352.00, -99.89, 99.89, 6.00
10.00, -20290.00, 23395.00, -99.89, 99.89, 6.00
10.00, -20335.00, 23437.00, -99.89, 99.89, 6.00
10.00, -20378.00, 23479.00, -99.89, 99.89, 6.00
10.00, -20422.00, 23521.00, -99.89, 99.89, 6.00
10.00, -20464.00, 23562.00, -99.89, 99.89, 6.00
10.00, -20507.00, 23607.00, -99.89, 99.89, 6.00
10.00, -20550.00, 23651.00, -99.89, 99.89, 6.00
10.00, -20593.00, 23694.00, -99.89, 99.89, 6.00
10.00, -20635.00, 23736.00, -99.89, 99.89, 6.00
10.00, -20679.00, 23779.00, -99.89, 99.89, 6.00
10.00, -20722.00, 23821.00, -99.89, 99.89, 6.00
10.00, -20762.00, 23865.00, -99.89, 99.89, 6.00
10.00, -20803.00, 23908.00, -99.89, 99.89, 6.00
10.00, -20846.00, 23949.00, -99.89, 99.89, 6.00
10.00, -20889.00, 23992.00, -99.89, 99.89, 6.00
10.00, -20933.00, 24035.00, -99.89, 99.89, 6.00
10.00, -20977.00, 24076.00, -99.89, 99.89, 6.00
10.00, -21018.00, 24119.00, -99.89, 99.89, 6.00
10.00, -21059.00, 24162.00, -99.89, 99.89, 6.00
10.00, -21103.00, 24204.00, -99.89, 99.89, 6.00
10.00, -21146.00, 24243.00, -99.89, 99.89, 6.00
10.00, -21191.00, 24284.00, -99.89, 99.89, 6.00
10.00, -21234.00, 24325.00, -99.89, 99.89, 6.00
10.00, -21276.00, 24367.00, -99.89, 99.89, 6.00
10.00, -21318.00, 24410.00, -99.89, 99.89, 6.00
10.00, -21362.00, 24452.00, -99.89, 99.89, 6.00
10.00, -21407.00, 24492.00, -99.89, 99.89, 6.00
10.00, -21450.00, 24532.00, -99.89, 99.89, 6.00
10.00, -21494.00, 24572.00, -99.89, 99.89, 6.00
10.00, -21536.00, 24616.00, -99.89, 99.89, 6.00
10.00, -21578.00, 24661.00, -99.89, 99.89, 6.00
10.00, -21620.00, 24706.00, -99.89, 99.89, 6.00
10.00, -21664.00, 24747.00, -99.89, 99.89, 6.00
10.00, -21707.00, 24787.00, -99.89, 99.89, 6.00
10.00, -21750.00, 24827.00, -99.89, 99.89, 6.00
10.00, -21792.00, 24870.00, -99.89, 99.89, 6.00
10.00, -21835.00, 24915.00, -99.89, 99.89, 6.00
10.00, -21877.00, 24957.00, -99.89, 99.89, 6.00
10.00, -21919.00, 24999.00, -99.89, 99.89, 6.00
10.00, -21961.00, 25042.00, -99.89, 99.89, 6.00
10.00, -22003.00, 25083.00, -99.89, 99.89, 6.00
10.00, -22042.00, 25127.00, -99.89, 99.89, 6.00
10.00, -22082.00, 25171.00, -99.89, 99.89, 6.00
10.00, -22123.00, 25213.00, -99.89, 99.89, 6.00
10.00, -22165.00, 25255.00, -99.89, 99.89, 6.00
10.00, -22209.00, 25297.00, -99.89, 99.89, 6.00
10.00, -22252.00, 25340.00, -99.89, 99.89, 6.00
10.00, -22293.00, 25383.00, -99.89, 99.89, 6.00
10.00, -22333.00, 25425.00, -99.89, 99.89, 6.00
10.00, -22376.00, 25467.00, -99.89, 99.89, 6.00
10.00, -22419.00, 25508.00, -99.89, 99.89, 6.00
10.00, -22462.00, 25549.00, -99.89, 99.89, 6.00
10.00, -22505.00, 25590.00, -99.89, 99.89, 6.00
10.00, -22546.00, 25632.00, -99.89, 99.89, 6.00
10.00, -22588.00, 25675.00, -99.89, 99.89, 6.00
10.00, -22633.00, 25718.00, -99.89, 99.89, 6.00
10.00, -22675.00, 25761.00, -99.89, 99.89, 6.00
10.00, -22720.00, 25802.00, -99.89, 99.89, 6.00
10.00, -22764.00, 25842.00, -99.89, 99.89, 6.00
10.00, -22804.00, 25885.00, -99.89, 99.89, 6.00
10.00, -22846.00, 25933.00, -99.89, 99.89, 6.00
10.00, -22890.00, 25977.00, -99.89, 99.89, 6.00
10.00, -22933.00, 26017.00, -99.89, 99.89, 6.00
10.00, -22977.00, 26057.00, -99.89, 99.89, 6.00
10.00, -23020.00, 26100.00, -99.89, 99.89, 6.00
10.00, -23063.00, 26143.00, -99.89, 99.89, 6.00
10.00, -23104.00, 26190.00, -99.89, 99.89, 6.00
10.00, -23146.00, 26234.00, -99.89, 99.89, 6.00
10.00, -23190.00, 26275.00, -99.89, 99.89, 6.00
10.00, -23233.00, 26315.00, -99.89, 99.89, 6.00
10.00, -23276.00, 26356.00, -99.89, 99.89, 6.00
10.00, -23317.00, 26401.00, -99.89, 99.89, 6.00
10.00, -23357.00, 26443.00, -99.89, 99.89, 6.00
10.00, -23398.00, 26485.00, -99.89, 99.89, 6.00
10.00, -23441.00, 26526.00, -99.89, 99.89, 6.00
10.00, -23486.00, 26569.00, -99.89, 99.89, 6.00
10.00, -23528.00, 26611.00, -99.89, 99.89, 6.00
10.00, -23571.00, 26652.00, -99.89, 99.89, 6.00
10.00, -23609.00, 26695.00, -99.89, 99.89, 6.00
10.00, -23652.00, 26738.00, -99.89, 99.89, 6.00
10.00, -23696.00, 26777.00, -99.89, 99.89, 6.00
10.00, -23739.00, 26817.00, -99.89, 99.89, 6.00
10.00, -23783.00, 26858.00, -99.89, 99.89, 6.00
10.00, -23825.00, 26898.00, -99.89, 99.89, 6.00
10.00, -23866.00, 26940.00, -99.89, 99.89, 6.00
10.00, -23908.00, 26983.00, -99.89, 99.89, 6.00
10.00, -23952.00, 27023.00, -99.89, 99.89, 6.00
10.00, -23994.00, 27064.00, -99.89, 99.89, 6.00
10.00, -24038.00, 27107.00, -99.89, 99.89, 6.00
10.00, -24082.00, 27148.00, -99.89, 99.89, 6.00
10.00, -24122.00, 27190.00, -99.89, 99.89, 6.00
10.00, -24164.00, 27234.00, -99.89, 99.89, 6.00
10.00, -24208.00, 27275.00, -99.89, 99.89, 6.00
10.00, -24250.00, 27315.00, -99.89, 99.89, 6.00
10.00, -24292.00, 27359.00, -99.89, 99.89, 6.00
10.00, -24335.00, 27401.00, -99.89, 99.89, 6.00
10.00, -24375.00, 27444.00, -99.89, 99.89, 6.00
10.00, -24417.00, 27488.00, -99.89, 99.89, 6.00
10.00, -24460.00, 27530.00, -99.89, 99.89, 6.00
10.00, -24504.00, 27573.00, -99.89, 99.89, 6.00
10.00, -24545.00, 27615.00, -99.89, 99.89, 6.00
10.00, -24586.00, 27657.00, -99.89, 99.89, 6.00
10.00, -24628.00, 27702.00, -99.89, 99.89, 6.00
10.00, -24669.00, 27745.00, -99.89, 99.89, 6.00
10.00, -24713.00, 27786.00, -99.89, 99.89, 6.00
10.00, -24756.00, 27828.00, -99.89, 99.89, 6.00
10.00, -24801.00, 27871.00, -99.89, 99.89, 6.00
10.00, -24843.00, 27912.00, -99.89, 99.89, 6.00
10.00, -24882.00, 27955.00, -99.89, 99.89, 6.00
10.00, -24923.00, 27998.00, -99.89, 99.89, 6.00
10.00, -24968.00, 28040.00, -99.89, 99.89, 6.00
10.00, -25013.00, 28079.00, -99.89, 99.89, 6.00
10.00, -25058.00, 28120.00, -99.89, 99.89, 6.00
10.00, -25101.00, 28162.00, -99.89, 99.89, 6.00
10.00, -25144.00, 28205.00, -99.89, 99.89, 6.00
10.00, -25187.00, 28247.00, -99.89, 99.89, 6.00
10.00, -25231.00, 28290.00, -99.89, 99.89, 6.00
10.00, -25276.00, 28329.00, -99.89, 99.89, 6.00
10.00, -25319.00, 28369.00, -99.89, 99.89, 6.00
10.00, -25361.00, 28411.00, -99.89, 99.89, 6.00
10.00, -25403.00, 28455.00, -99.89, 99.89, 6.00
10.00, -25446.00, 28502.00, -99.89, 99.89, 6.00
10.00, -25491.00, 28545.00, -99.89, 99.89, 6.00
10.00, -25534.00, 28582.00, -99.89, 99.89, 6.00
10.00, -25577.00, 28623.00, -99.89, 99.89, 6.00
10.00, -25620.00, 28665.00, -99.89, 99.89, 6.00
10.00, -25662.00, 28710.00, -99.89, 99.89, 6.00
10.00, -25704.00, 28754.00, -99.89, 99.89, 6.00
10.00, -25747.00, 28798.00, -99.89, 99.89, 6.00
10.00, -25789.00, 28837.00, -99.89, 99.89, 6.00
10.00, -25830.00, 28878.00, -99.89, 99.89, 6.00
10.00, -25872.00, 28919.00, -99.89, 99.89, 6.00
10.00, -25912.00, 28964.00, -99.89, 99.89, 6.00
10.00, -25953.00, 29008.00, -99.89, 99.89, 6.00
10.00, -25996.00, 29049.00, -99.89, 99.89, 6.00
10.00, -26039.00, 29091.00, -99.89, 99.89, 6.00
10.00, -26081.00, 29134.00, -99.89, 99.89, 6.00
10.00, -26125.00, 29174.00, -99.89, 99.89, 6.00
10.00, -26164.00, 29216.00, -99.89, 99.89, 6.00
10.00, -26205.00, 29259.00, -99.89, 99.89, 6.00
10.00, -26248.00, 29299.00, -99.89, 99.89, 6.00
10.00, -26291.00, 29341.00, -99.89, 99.89, 6.00
10.00, -26334.00, 29382.00, -99.89, 99.89, 6.00
10.00, -26376.00, 29424.00, -99.89, 99.89, 6.00
10.00, -26418.00, 29466.00, -99.89, 99.89, 6.00
10.00, -26460.00, 29509.00, -99.89, 99.89, 6.00
10.00, -26504.00, 29551.00, -99.89, 99.89, 6.00
10.00, -26547.00, 29592.00, -99.89, 99.89, 6.00
10.00, -26591.00, 29634.00, -99.89, 99.89, 6.00
10.00, -26634.00, 29676.00, -99.89, 99.89, 6.00
10.00, -26676.00, 29718.00, -99.89, 99.89, 6.00
10.00, -26717.00, 29763.00, -99.89, 99.89, 6.00
10.00, -26761.00, 29806.00, -99.89, 99.89, 6.00
10.00, -26805.00, 29847.00, -99.89, 99.89, 6.00
10.00, -26847.00, 29889.00, -99.89, 99.89, 6.00
10.00, -26890.00, 29933.00, -99.89, 99.89, 6.00
10.00, -26932.00, 29977.00, -99.89, 99.89, 6.00
10.00, -26973.00, 30024.00, -99.89, 99.89, 6.00
10.00, -27017.00, 30067.00, -99.89, 99.89, 6.00
10.00, -27062.00, 30108.00, -99.89, 99.89, 6.00
10.00, -27103.00, 30148.00, -99.89, 99.89, 6.00
10.00, -27146.00, 30192.00, -99.89, 99.89, 6.00
10.00, -27186.00, 30235.00, -99.89, 99.89, 6.00
10.00, -27227.00, 30280.00, -99.89, 99.89, 6.00
10.00, -27270.00, 30322.00, -99.89, 99.89, 6.00
10.00, -27313.00, 30363.00, -99.89, 99.89, 6.00
10.00, -27357.00, 30407.00, -99.89, 99.89, 6.00
10.00, -27402.00, 30448.00, -99.89, 99.89, 6.00
10.00, -27442.00, 30491.00, -99.89, 99.89, 6.00
10.00, -27483.00, 30535.00, -99.89, 99.89, 6.00
10.00, -27527.00, 30576.00, -99.89, 99.89, 6.00
10.00, -27572.00, 30615.00, -99.89, 99.89, 6.00
10.00, -27615.00, 30655.00, -99.89, 99.89, 6.00
10.00, -27659.00, 30697.00, -99.89, 99.89, 6.00
10.00, -27701.00, 30737.00, -99.89, 99.89, 6.00
10.00, -27742.00, 30780.00, -99.89, 99.89, 6.00
10.00, -27785.00, 30822.00, -99.89, 99.89, 6.00
10.00, -27828.00, 30863.00, -99.89, 99.89, 6.00
