21831.00, 3806.00, 3083.00, 99.89, 99.89, 7.00
10.00, 3808.00, 3085.00, -99.66, 99.89, 7.00
10.00, 3812.00, 3097.00, -99.66, 99.89, 7.00
10.00, 3807.00, 3117.00, -99.77, 99.89, 7.00
10.00, 3794.00, 3142.00, -99.77, 99.89, 7.00
10.00, 3773.00, 3171.00, -99.66, 99.89, 7.00
10.00, 3748.00, 3201.00, -99.44, 99.89, 7.00
10.00, 3720.00, 3231.00, -98.87, 99.89, 7.00
10.00, 3688.00, 3265.00, -97.63, 100.00, 7.00
10.00, 3655.00, 3301.00, -94.35, 100.00, 7.00
10.00, 3621.00, 3336.00, -85.20, 100.00, 7.00
10.00, 3589.00, 3373.00, -63.50, 100.00, 7.00
10.00, 3555.00, 3412.00, -25.88, 100.00, 7.00
10.00, 3523.00, 3451.00, 24.63, 100.00, 7.00
10.00, 3497.00, 3490.00, 62.71, 100.00, 7.00
10.00, 3482.00, 3529.00, 82.15, 100.00, 7.00
10.00, 3476.00, 3569.00, 89.49, 100.00, 7.00
10.00, 3479.00, 3609.00, 91.41, 100.00, 7.00
10.00, 3490.00, 3652.00, 91.41, 100.00, 7.00
10.00, 3508.00, 3691.00, 88.59, 100.00, 7.00
10.00, 3529.00, 3732.00, 82.60, 100.00, 7.00
10.00, 3552.00, 3773.00, 69.49, 100.00, 7.00
10.00, 3577.00, 3814.00, 46.89, 100.00, 7.00
10.00, 3602.00, 3853.00, 14.35, 100.00, 7.00
10.00, 3623.00, 3896.00, -23.05, 100.00, 7.00
10.00, 3640.00, 3938.00, -53.67, 99.89, 7.00
10.00, 3650.00, 3979.00, -70.28, 99.89, 7.00
10.00, 3653.00, 4021.00, -77.74, 99.89, 7.00
10.00, 3646.00, 4061.00, -80.68, 99.89, 7.00
10.00, 3633.00, 4103.00, -77.97, 99.89, 7.00
10.00, 3614.00, 4148.00, -70.62, 99.89, 7.00
10.00, 3593.00, 4189.00, -54.69, 99.89, 7.00
10.00, 3573.00, 4228.00, -29.27, 99.89, 7.00
10.00, 3553.00, 4270.00, -0.90, 99.89, 7.00
10.00, 3534.00, 4311.00, 28.70, 99.77, 7.00
10.00, 3521.00, 4350.00, 49.94, 99.44, 7.00
10.00, 3516.00, 4390.00, 63.50, 97.85, 7.00
10.00, 3518.00, 4432.00, 67.68, 90.73, 7.00
10.00, 3526.00, 4470.00, 65.54, 63.05, 7.00
10.00, 3538.00, 4509.00, 55.82, -1.69, 7.00
10.00, 3553.00, 4542.00, 39.66, -64.86, 7.00
10.00, 3569.00, 4569.00, 12.32, -90.40, 7.00
10.00, 3585.00, 4585.00, -18.19, -97.18, 7.00
10.00, 3596.00, 4588.00, -49.04, -98.98, 7.00
10.00, 3601.00, 4580.00, -68.93, -99.44, 7.00
10.00, 3598.00, 4566.00, -79.66, -99.66, 7.00
10.00, 3590.00, 4549.00, -84.18, -99.77, 7.00
10.00, 3575.00, 4526.00, -86.67, -99.77, 7.00
10.00, 3555.00, 4500.00, -87.57, -99.89, 7.00
10.00, 3532.00, 4471.00, -87.34, -99.89, 7.00
10.00, 3509.00, 4441.00, -87.01, -99.89, 7.00
10.00, 3480.00, 4408.00, -86.44, -99.89, 7.00
10.00, 3450.00, 4376.00, -84.97, -99.77, 7.00
10.00, 3422.00, 4341.00, -83.50, -99.77, 7.00
10.00, 3389.00, 4304.00, -82.03, -99.77, 7.00
10.00, 3358.00, 4267.00, -79.77, -99.66, 7.00
10.00, 3326.00, 4228.00, -76.61, -99.44, 7.00
10.00, 3294.00, 4193.00, -72.32, -99.10, 7.00
10.00, 3264.00, 4158.00, -66.44, -98.31, 7.00
10.00, 3234.00, 4119.00, -58.98, -96.72, 7.00
10.00, 3203.00, 4082.00, -49.49, -92.88, 7.00
10.00, 3173.00, 4045.00, -36.38, -82.94, 7.00
10.00, 3148.00, 4006.00, -18.98, -61.13, 7.00
10.00, 3123.00, 3970.00, -1.02, -18.98, 7.00
10.00, 3103.00, 3936.00, 18.19, 33.79, 7.00
10.00, 3087.00, 3910.00, 33.22, 70.28, 7.00
10.00, 3077.00, 3894.00, 44.63, 87.12, 7.00
10.00, 3074.00, 3889.00, 50.85, 93.67, 7.00
10.00, 3076.00, 3893.00, 52.43, 96.16, 7.00
10.00, 3083.00, 3905.00, 49.27, 97.18, 7.00
10.00, 3093.00, 3923.00, 41.36, 97.40, 7.00
10.00, 3104.00, 3946.00, 29.27, 97.18, 7.00
10.00, 3115.00, 3972.00, 12.20, 96.50, 7.00
10.00, 3126.00, 4001.00, -4.07, 95.14, 7.00
10.00, 3135.00, 4029.00, -21.81, 92.43, 7.00
10.00, 3140.00, 4062.00, -37.85, 87.34, 7.00
10.00, 3140.00, 4095.00, -48.70, 77.29, 7.00
10.00, 3138.00, 4131.00, -55.37, 57.40, 7.00
10.00, 3129.00, 4165.00, -58.19, 22.37, 7.00
10.00, 3116.00, 4193.00, -56.05, -23.28, 7.00
10.00, 3102.00, 4215.00, -49.94, -57.74, 7.00
10.00, 3086.00, 4230.00, -41.36, -76.95, 7.00
10.00, 3070.00, 4235.00, -29.04, -86.78, 7.00
10.00, 3055.00, 4232.00, -12.66, -90.85, 7.00
10.00, 3041.00, 4222.00, 4.29, -92.66, 7.00
10.00, 3031.00, 4205.00, 18.42, -92.88, 7.00
10.00, 3024.00, 4184.00, 30.96, -91.86, 7.00
10.00, 3022.00, 4159.00, 39.89, -89.27, 7.00
10.00, 3022.00, 4133.00, 42.60, -84.18, 7.00
10.00, 3026.00, 4105.00, 43.39, -75.48, 7.00
10.00, 3035.00, 4076.00, 42.49, -59.66, 7.00
10.00, 3046.00, 4048.00, 37.74, -34.01, 7.00
10.00, 3057.00, 4022.00, 31.75, -1.13, 7.00
10.00, 3069.00, 3999.00, 24.41, 32.32, 7.00
10.00, 3080.00, 3982.00, 18.87, 57.18, 7.00
10.00, 3090.00, 3972.00, 14.12, 73.33, 7.00
10.00, 3100.00, 3972.00, 10.51, 80.90, 7.00
10.00, 3107.00, 3981.00, 8.14, 83.84, 7.00
10.00, 3113.00, 3995.00, 7.12, 83.84, 7.00
10.00, 3119.00, 4014.00, 6.78, 81.24, 7.00
10.00, 3123.00, 4035.00, 7.01, 76.16, 7.00
10.00, 3128.00, 4058.00, 7.12, 68.47, 7.00
10.00, 3131.00, 4083.00, 7.68, 57.29, 7.00
10.00, 3134.00, 4109.00, 7.80, 42.71, 7.00
10.00, 3137.00, 4136.00, 7.91, 26.78, 7.00
10.00, 3139.00, 4157.00, 7.91, 9.49, 7.00
10.00, 3142.00, 4174.00, 7.80, -2.60, 7.00
10.00, 3145.00, 4187.00, 7.23, -10.17, 7.00
10.00, 3146.00, 4198.00, 7.01, -15.03, 7.00
10.00, 3149.00, 4205.00, 6.10, -17.18, 7.00
10.00, 3150.00, 4208.00, 5.08, -17.63, 7.00
10.00, 3152.00, 4208.00, 3.95, -17.06, 7.00
10.00, 3153.00, 4207.00, 2.82, -16.38, 7.00
10.00, 3154.00, 4204.00, 0.79, -16.05, 7.00
10.00, 3154.00, 4200.00, -1.81, -16.16, 7.00
10.00, 3154.00, 4197.00, -3.84, -17.18, 7.00
10.00, 3154.00, 4193.00, -5.88, -18.64, 7.00
10.00, 3154.00, 4189.00, -9.38, -20.11, 7.00
10.00, 3154.00, 4185.00, -12.09, -22.37, 7.00
10.00, 3152.00, 4179.00, -14.69, -24.86, 7.00
10.00, 3149.00, 4174.00, -17.97, -28.02, 7.00
10.00, 3147.00, 4167.00, -22.71, -31.75, 7.00
10.00, 3142.00, 4160.00, -27.12, -35.59, 7.00
10.00, 3137.00, 4151.00, -31.98, -39.77, 7.00
10.00, 3130.00, 4141.00, -36.50, -44.86, 7.00
10.00, 3121.00, 4130.00, -42.60, -50.17, 7.00
10.00, 3112.00, 4115.00, -48.70, -55.25, 7.00
10.00, 3100.00, 4100.00, -55.14, -60.79, 7.00
10.00, 3086.00, 4083.00, -61.13, -66.33, 7.00
10.00, 3070.00, 4065.00, -67.01, -71.19, 7.00
10.00, 3053.00, 4045.00, -72.99, -75.93, 7.00
10.00, 3032.00, 4022.00, -77.97, -80.11, 7.00
10.00, 3011.00, 3998.00, -82.60, -83.84, 7.00
10.00, 2986.00, 3972.00, -85.88, -86.78, 7.00
10.00, 2959.00, 3945.00, -89.27, -89.49, 7.00
10.00, 2931.00, 3916.00, -91.75, -91.53, 7.00
10.00, 2900.00, 3885.00, -93.67, -93.22, 7.00
10.00, 2869.00, 3852.00, -95.14, -94.58, 7.00
10.00, 2835.00, 3820.00, -96.27, -95.71, 7.00
10.00, 2800.00, 3786.00, -97.06, -96.50, 7.00
10.00, 2767.00, 3751.00, -97.74, -97.06, 7.00
10.00, 2730.00, 3715.00, -98.19, -97.63, 7.00
10.00, 2693.00, 3676.00, -98.53, -98.08, 7.00
10.00, 2654.00, 3638.00, -98.76, -98.42, 7.00
10.00, 2615.00, 3600.00, -99.10, -98.87, 7.00
10.00, 2578.00, 3563.00, -99.21, -99.10, 7.00
10.00, 2541.00, 3529.00, -99.44, -99.32, 7.00
10.00, 2503.00, 3493.00, -99.55, -99.44, 7.00
10.00, 2464.00, 3452.00, -99.66, -99.55, 7.00
10.00, 2424.00, 3411.00, -99.77, -99.66, 7.00
10.00, 2383.00, 3372.00, -99.77, -99.77, 7.00
10.00, 2342.00, 3333.00, -99.89, -99.77, 7.00
10.00, 2303.00, 3295.00, -99.89, -99.89, 7.00
10.00, 2263.00, 3259.00, -99.89, -99.89, 7.00
10.00, 2223.00, 3220.00, -99.89, -99.89, 7.00
10.00, 2182.00, 3179.00, -99.89, -99.89, 7.00
10.00, 2141.00, 3137.00, -99.89, -99.89, 7.00
10.00, 2100.00, 3095.00, -99.89, -99.89, 7.00
10.00, 2057.00, 3056.00, -99.89, -99.89, 7.00
10.00, 2019.00, 3019.00, -99.89, -99.89, 7.00
10.00, 1979.00, 2981.00, -99.89, -99.89, 7.00
10.00, 1938.00, 2940.00, -99.89, -99.89, 7.00
10.00, 1897.00, 2899.00, -99.89, -99.89, 7.00
10.00, 1853.00, 2858.00, -99.89, -99.89, 7.00
10.00, 1811.00, 2818.00, -99.89, -99.89, 7.00
10.00, 1770.00, 2778.00, -99.89, -99.89, 7.00
10.00, 1732.00, 2739.00, -99.89, -99.89, 7.00
10.00, 1691.00, 2701.00, -99.89, -99.89, 7.00
10.00, 1646.00, 2659.00, -99.89, -99.89, 7.00
10.00, 1602.00, 2617.00, -99.89, -99.89, 7.00
10.00, 1559.00, 2578.00, -99.89, -99.89, 7.00
10.00, 1517.00, 2539.00, -99.89, -99.89, 7.00
10.00, 1477.00, 2500.00, -99.89, -99.89, 7.00
10.00, 1436.00, 2461.00, -99.89, -99.89, 7.00
10.00, 1391.00, 2421.00, -99.89, -99.89, 7.00
10.00, 1347.00, 2379.00, -99.89, -99.89, 7.00
10.00, 1304.00, 2338.00, -99.89, -99.89, 7.00
10.00, 1260.00, 2298.00, -99.89, -99.89, 7.00
10.00, 1218.00, 2261.00, -99.89, -99.89, 7.00
10.00, 1179.00, 2223.00, -99.89, -99.89, 7.00
10.00, 1135.00, 2182.00, -99.89, -99.89, 7.00
10.00, 1091.00, 2139.00, -99.89, -99.89, 7.00
10.00, 1048.00, 2098.00, -99.89, -99.89, 7.00
10.00, 1006.00, 2058.00, -99.89, -99.89, 7.00
10.00, 964.00, 2020.00, -99.89, -99.89, 7.00
10.00, 922.00, 1983.00, -99.89, -99.89, 7.00
10.00, 880.00, 1942.00, -99.89, -99.89, 7.00
10.00, 837.00, 1900.00, -99.89, -99.89, 7.00
10.00, 795.00, 1857.00, -99.89, -99.89, 7.00
10.00, 754.00, 1817.00, -99.89, -99.89, 7.00
10.00, 714.00, 1780.00, -99.89, -99.89, 7.00
10.00, 673.00, 1743.00, -99.89, -99.89, 7.00
10.00, 631.00, 1703.00, -99.89, -99.89, 7.00
10.00, 591.00, 1662.00, -99.89, -99.89, 7.00
10.00, 548.00, 1618.00, -99.89, -99.89, 7.00
10.00, 504.00, 1579.00, -99.89, -99.89, 7.00
10.00, 464.00, 1537.00, -99.89, -99.89, 7.00
10.00, 424.00, 1499.00, -99.89, -99.89, 7.00
10.00, 382.00, 1461.00, -99.89, -99.89, 7.00
10.00, 340.00, 1421.00, -99.89, -99.89, 7.00
10.00, 297.00, 1378.00, -99.89, -99.89, 7.00
10.00, 255.00, 1335.00, -99.89, -99.89, 7.00
10.00, 214.00, 1295.00, -99.89, -99.89, 7.00
10.00, 173.00, 1255.00, -99.89, -99.89, 7.00
10.00, 130.00, 1216.00, -99.89, -99.89, 7.00
10.00, 85.00, 1175.00, -99.89, -99.89, 7.00
10.00, 41.00, 1134.00, -99.89, -99.89, 7.00
10.00, -1.00, 1090.00, -99.89, -99.89, 7.00
10.00, -43.00, 1047.00, -99.89, -99.89, 7.00
10.00, -86.00, 1008.00, -99.89, -99.89, 7.00
10.00, -130.00, 970.00, -99.89, -99.89, 7.00
10.00, -173.00, 929.00, -99.89, -99.89, 7.00
10.00, -216.00, 887.00, -99.89, -99.89, 7.00
10.00, -258.00, 845.00, -99.89, -99.89, 7.00
10.00, -300.00, 803.00, -99.89, -99.89, 7.00
10.00, -344.00, 762.00, -99.89, -99.89, 7.00
10.00, -387.00, 722.00, -99.89, -99.89, 7.00
10.00, -430.00, 683.00, -99.89, -99.89, 7.00
10.00, -474.00, 643.00, -99.89, -99.89, 7.00
10.00, -516.00, 600.00, -99.89, -99.89, 7.00
10.00, -557.00, 559.00, -99.89, -99.89, 7.00
10.00, -599.00, 520.00, -99.89, -99.89, 7.00
10.00, -642.00, 480.00, -99.89, -99.89, 7.00
10.00, -684.00, 442.00, -99.89, -99.89, 7.00
10.00, -726.00, 403.00, -99.89, -99.89, 7.00
10.00, -768.00, 361.00, -99.89, -99.89, 7.00
10.00, -810.00, 321.00, -99.89, -99.89, 7.00
10.00, -851.00, 282.00, -99.89, -99.89, 7.00
10.00, -894.00, 240.00, -99.89, -99.89, 7.00
10.00, -938.00, 202.00, -99.89, -99.89, 7.00
10.00, -982.00, 165.00, -99.89, -99.89, 7.00
10.00, -1025.00, 124.00, -99.89, -99.89, 7.00
10.00, -1067.00, 83.00, -99.89, -99.89, 7.00
10.00, -1107.00, 44.00, -99.89, -99.89, 7.00
10.00, -1151.00, 3.00, -99.89, -99.89, 7.00
10.00, -1195.00, -36.00, -99.89, -99.89, 7.00
10.00, -1237.00, -76.00, -99.89, -99.89, 7.00
10.00, -1280.00, -117.00, -99.89, -99.89, 7.00
10.00, -1323.00, -158.00, -99.89, -99.89, 7.00
10.00, -1364.00, -199.00, -99.89, -99.89, 7.00
10.00, -1407.00, -242.00, -99.89, -99.89, 7.00
10.00, -1452.00, -282.00, -99.89, -99.89, 7.00
10.00, -1493.00, -319.00, -99.89, -99.89, 7.00
10.00, -1535.00, -360.00, -99.89, -99.89, 7.00
10.00, -1577.00, -400.00, -99.89, -99.89, 7.00
10.00, -1617.00, -442.00, -99.89, -99.89, 7.00
10.00, -1658.00, -484.00, -99.89, -99.89, 7.00
10.00, -1702.00, -526.00, -99.89, -99.89, 7.00
10.00, -1744.00, -565.00, -99.89, -99.89, 7.00
10.00, -1784.00, -605.00, -99.89, -99.89, 7.00
10.00, -1824.00, -647.00, -99.89, -99.89, 7.00
10.00, -1865.00, -689.00, -99.89, -99.89, 7.00
10.00, -1907.00, -729.00, -99.89, -99.89, 7.00
10.00, -1950.00, -771.00, -99.89, -99.89, 7.00
10.00, -1992.00, -809.00, -99.89, -99.89, 7.00
10.00, -2034.00, -848.00, -99.89, -99.89, 7.00
10.00, -2073.00, -889.00, -99.89, -99.89, 7.00
10.00, -2114.00, -930.00, -99.89, -99.89, 7.00
10.00, -2158.00, -970.00, -99.89, -99.89, 7.00
10.00, -2200.00, -1013.00, -99.89, -99.89, 7.00
10.00, -2245.00, -1054.00, -99.89, -99.89, 7.00
10.00, -2286.00, -1093.00, -99.89, -99.89, 7.00
10.00, -2327.00, -1133.00, -99.89, -99.89, 7.00
10.00, -2368.00, -1175.00, -99.89, -99.89, 7.00
10.00, -2411.00, -1217.00, -99.89, -99.89, 7.00
10.00, -2457.00, -1256.00, -99.89, -99.89, 7.00
10.00, -2501.00, -1296.00, -99.89, -99.89, 7.00
10.00, -2544.00, -1337.00, -99.89, -99.89, 7.00
10.00, -2584.00, -1376.00, -99.89, -99.89, 7.00
10.00, -2626.00, -1415.00, -99.89, -99.89, 7.00
10.00, -2669.00, -1458.00, -99.89, -99.89, 7.00
10.00, -2712.00, -1498.00, -99.89, -99.89, 7.00
10.00, -2755.00, -1538.00, -99.89, -99.89, 7.00
10.00, -2800.00, -1578.00, -99.89, -99.89, 7.00
10.00, -2842.00, -1617.00, -99.89, -99.89, 7.00
10.00, -2883.00, -1658.00, -99.89, -99.89, 7.00
10.00, -2924.00, -1700.00, -99.89, -99.89, 7.00
10.00, -2968.00, -1740.00, -99.89, -99.89, 7.00
10.00, -3011.00, -1780.00, -99.89, -99.89, 7.00
10.00, -3053.00, -1819.00, -99.89, -99.89, 7.00
10.00, -3094.00, -1857.00, -99.89, -99.89, 7.00
10.00, -3131.00, -1897.00, -99.89, -99.89, 7.00
10.00, -3173.00, -1937.00, -99.89, -99.89, 7.00
10.00, -3216.00, -1978.00, -99.89, -99.89, 7.00
10.00, -3259.00, -2019.00, -99.89, -99.89, 7.00
10.00, -3301.00, -2058.00, -99.89, -99.89, 7.00
10.00, -3343.00, -2096.00, -99.89, -99.89, 7.00
10.00, -3382.00, -2135.00, -99.89, -99.89, 7.00
10.00, -3424.00, -2175.00, -99.89, -99.89, 7.00
10.00, -3466.00, -2217.00, -99.89, -99.89, 7.00
10.00, -3509.00, -2256.00, -99.89, -99.89, 7.00
10.00, -3552.00, -2298.00, -99.89, -99.89, 7.00
10.00, -3596.00, -2338.00, -99.89, -99.89, 7.00
10.00, -3634.00, -2373.00, -99.89, -99.89, 7.00
10.00, -3675.00, -2412.00, -99.89, -99.89, 7.00
10.00, -3718.00, -2456.00, -99.89, -99.89, 7.00
10.00, -3761.00, -2498.00, -99.89, -99.89, 7.00
10.00, -3805.00, -2540.00, -99.89, -99.89, 7.00
10.00, -3848.00, -2580.00, -99.89, -99.89, 7.00
10.00, -3889.00, -2618.00, -99.89, -99.89, 7.00
10.00, -3928.00, -2657.00, -99.89, -99.89, 7.00
10.00, -3973.00, -2698.00, -99.89, -99.89, 7.00
10.00, -4017.00, -2741.00, -99.89, -99.89, 7.00
10.00, -4060.00, -2783.00, -99.89, -99.89, 7.00
10.00, -4101.00, -2826.00, -99.89, -99.89, 7.00
10.00, -4145.00, -2863.00, -99.89, -99.89, 7.00
10.00, -4185.00, -2902.00, -99.89, -99.89, 7.00
10.00, -4228.00, -2944.00, -99.89, -99.89, 7.00
10.00, -4273.00, -2987.00, -99.89, -99.89, 7.00
10.00, -4315.00, -3029.00, -99.89, -99.89, 7.00
10.00, -4358.00, -3071.00, -99.89, -99.89, 7.00
10.00, -4399.00, -3113.00, -99.89, -99.89, 7.00
10.00, -4438.00, -3149.00, -99.89, -99.89, 7.00
10.00, -4480.00, -3189.00, -99.89, -99.89, 7.00
10.00, -4524.00, -3231.00, -99.89, -99.89, 7.00
10.00, -4569.00, -3272.00, -99.89, -99.89, 7.00
10.00, -4611.00, -3312.00, -99.89, -99.89, 7.00
10.00, -4653.00, -3352.00, -99.89, -99.89, 7.00
10.00, -4697.00, -3391.00, -99.89, -99.89, 7.00
10.00, -4738.00, -3430.00, -99.89, -99.89, 7.00
10.00, -4783.00, -3471.00, -99.89, -99.89, 7.00
10.00, -4827.00, -3511.00, -99.89, -99.89, 7.00
10.00, -4870.00, -3553.00, -99.89, -99.89, 7.00
10.00, -4912.00, -3594.00, -99.89, -99.89, 7.00
10.00, -4954.00, -3632.00, -99.89, -99.89, 7.00
10.00, -4998.00, -3670.00, -99.89, -99.89, 7.00
10.00, -5041.00, -3711.00, -99.89, -99.89, 7.00
10.00, -5085.00, -3752.00, -99.89, -99.89, 7.00
10.00, -5128.00, -3793.00, -99.89, -99.89, 7.00
10.00, -5171.00, -3832.00, -99.89, -99.89, 7.00
10.00, -5213.00, -3872.00, -99.89, -99.89, 7.00
10.00, -5255.00, -3911.00, -99.89, -99.89, 7.00
10.00, -5299.00, -3949.00, -99.89, -99.89, 7.00
10.00, -5342.00, -3991.00, -99.89, -99.89, 7.00
10.00, -5384.00, -4035.00, -99.89, -99.89, 7.00
10.00, -5426.00, -4076.00, -99.89, -99.89, 7.00
10.00, -5468.00, -4116.00, -99.89, -99.89, 7.00
10.00, -5510.00, -4153.00, -99.89, -99.89, 7.00
10.00, -5552.00, -4193.00, -99.89, -99.89, 7.00
10.00, -5594.00, -4233.00, -99.89, -99.89, 7.00
10.00, -5634.00, -4274.00, -99.89, -99.89, 7.00
10.00, -5673.00, -4314.00, -99.89, -99.89, 7.00
10.00, -5715.00, -4355.00, -99.89, -99.89, 7.00
10.00, -5758.00, -4395.00, -99.89, -99.89, 7.00
10.00, -5800.00, -4435.00, -99.89, -99.89, 7.00
10.00, -5841.00, -4476.00, -99.89, -99.89, 7.00
10.00, -5883.00, -4519.00, -99.89, -99.89, 7.00
10.00, -5922.00, -4559.00, -99.89, -99.89, 7.00
10.00, -5963.00, -4598.00, -99.89, -99.89, 7.00
10.00, -6007.00, -4635.00, -99.89, -99.89, 7.00
10.00, -6049.00, -4675.00, -99.89, -99.89, 7.00
10.00, -6091.00, -4716.00, -99.89, -99.89, 7.00
10.00, -6135.00, -4758.00, -99.89, -99.89, 7.00
10.00, -6177.00, -4800.00, -99.89, -99.89, 7.00
10.00, -6220.00, -4840.00, -99.89, -99.89, 7.00
10.00, -6263.00, -4881.00, -99.89, -99.89, 7.00
10.00, -6306.00, -4921.00, -99.89, -99.89, 7.00
10.00, -6349.00, -4961.00, -99.89, -99.89, 7.00
10.00, -6392.00, -5003.00, -99.89, -99.89, 7.00
10.00, -6433.00, -5045.00, -99.89, -99.89, 7.00
10.00, -6475.00, -5083.00, -99.89, -99.89, 7.00
10.00, -6519.00, -5125.00, -99.89, -99.89, 7.00
10.00, -6563.00, -5166.00, -99.89, -99.89, 7.00
10.00, -6606.00, -5205.00, -99.89, -99.89, 7.00
10.00, -6650.00, -5246.00, -99.89, -99.89, 7.00
10.00, -6692.00, -5288.00, -99.89, -99.89, 7.00
10.00, -6732.00, -5329.00, -99.89, -99.89, 7.00
10.00, -6777.00, -5369.00, -99.89, -99.89, 7.00
10.00, -6820.00, -5410.00, -99.89, -99.89, 7.00
10.00, -6861.00, -5451.00, -99.89, -99.89, 7.00
10.00, -6902.00, -5490.00, -99.89, -99.89, 7.00
10.00, -6945.00, -5531.00, -99.89, -99.89, 7.00
10.00, -6986.00, -5573.00, -99.89, -99.89, 7.00
10.00, -7026.00, -5612.00, -99.89, -99.89, 7.00
10.00, -7071.00, -5652.00, -99.89, -99.89, 7.00
10.00, -7115.00, -5691.00, -99.89, -99.89, 7.00
10.00, -7157.00, -5731.00, -99.89, -99.89, 7.00
10.00, -7198.00, -5772.00, -99.89, -99.89, 7.00
10.00, -7239.00, -5812.00, -99.89, -99.89, 7.00
10.00, -7281.00, -5852.00, -99.89, -99.89, 7.00
10.00, -7325.00, -5890.00, -99.89, -99.89, 7.00
10.00, -7369.00, -5928.00, -99.89, -99.89, 7.00
10.00, -7409.00, -5968.00, -99.89, -99.89, 7.00
10.00, -7450.00, -6008.00, -99.89, -99.89, 7.00
10.00, -7492.00, -6048.00, -99.89, -99.89, 7.00
10.00, -7536.00, -6088.00, -99.89, -99.89, 7.00
10.00, -7579.00, -6130.00, -99.89, -99.89, 7.00
10.00, -7622.00, -6167.00, -99.89, -99.89, 7.00
10.00, -7666.00, -6206.00, -99.89, -99.89, 7.00
10.00, -7708.00, -6247.00, -99.89, -99.89, 7.00
10.00, -7748.00, -6288.00, -99.89, -99.89, 7.00
10.00, -7790.00, -6328.00, -99.89, -99.89, 7.00
10.00, -7835.00, -6369.00, -99.89, -99.89, 7.00
10.00, -7876.00, -6409.00, -99.89, -99.89, 7.00
10.00, -7918.00, -6449.00, -99.89, -99.89, 7.00
10.00, -7959.00, -6484.00, -99.89, -99.89, 7.00
10.00, -8000.00, -6524.00, -99.89, -99.89, 7.00
10.00, -8042.00, -6568.00, -99.89, -99.89, 7.00
10.00, -8085.00, -6612.00, -99.89, -99.89, 7.00
10.00, -8128.00, -6653.00, -99.89, -99.89, 7.00
10.00, -8169.00, -6693.00, -99.89, -99.89, 7.00
10.00, -8212.00, -6731.00, -99.89, -99.89, 7.00
10.00, -8252.00, -6771.00, -99.89, -99.89, 7.00
10.00, -8293.00, -6812.00, -99.89, -99.89, 7.00
10.00, -8336.00, -6856.00, -99.89, -99.89, 7.00
10.00, -8380.00, -6899.00, -99.89, -99.89, 7.00
10.00, -8423.00, -6939.00, -99.89, -99.89, 7.00
10.00, -8466.00, -6977.00, -99.89, -99.89, 7.00
10.00, -8506.00, -7017.00, -99.89, -99.89, 7.00
10.00, -8548.00, -7059.00, -99.89, -99.89, 7.00
10.00, -8591.00, -7102.00, -99.89, -99.89, 7.00
10.00, -8637.00, -7142.00, -99.89, -99.89, 7.00
10.00, -8681.00, -7181.00, -99.89, -99.89, 7.00
10.00, -8726.00, -7221.00, -99.89, -99.89, 7.00
10.00, -8767.00, -7260.00, -99.89, -99.89, 7.00
10.00, -8808.00, -7300.00, -99.89, -99.89, 7.00
10.00, -8853.00, -7342.00, -99.89, -99.89, 7.00
10.00, -8897.00, -7383.00, -99.89, -99.89, 7.00
10.00, -8941.00, -7423.00, -99.89, -99.89, 7.00
10.00, -8983.00, -7464.00, -99.89, -99.89, 7.00
10.00, -9026.00, -7502.00, -99.89, -99.89, 7.00
10.00, -9069.00, -7542.00, -99.89, -99.89, 7.00
10.00, -9113.00, -7583.00, -99.89, -99.89, 7.00
10.00, -9156.00, -7625.00, -99.89, -99.89, 7.00
10.00, -9199.00, -7666.00, -99.89, -99.89, 7.00
10.00, -9242.00, -7706.00, -99.89, -99.89, 7.00
10.00, -9283.00, -7744.00, -99.89, -99.89, 7.00
10.00, -9324.00, -7784.00, -99.89, -99.89, 7.00
10.00, -9366.00, -7826.00, -99.89, -99.89, 7.00
10.00, -9409.00, -7867.00, -99.89, -99.89, 7.00
10.00, -9451.00, -7909.00, -99.89, -99.89, 7.00
10.00, -9492.00, -7950.00, -99.89, -99.89, 7.00
10.00, -9534.00, -7987.00, -99.89, -99.89, 7.00
10.00, -9573.00, -8025.00, -99.89, -99.89, 7.00
10.00, -9616.00, -8064.00, -99.89, -99.89, 7.00
10.00, -9659.00, -8106.00, -99.89, -99.89, 7.00
10.00, -9700.00, -8148.00, -99.89, -99.89, 7.00
10.00, -9743.00, -8191.00, -99.89, -99.89, 7.00
10.00, -9783.00, -8231.00, -99.89, -99.89, 7.00
10.00, -9823.00, -8266.00, -99.89, -99.89, 7.00
10.00, -9866.00, -8306.00, -99.89, -99.89, 7.00
10.00, -9910.00, -8347.00, -99.89, -99.89, 7.00
10.00, -9951.00, -8388.00, -99.89, -99.89, 7.00
10.00, -9994.00, -8429.00, -99.89, -99.89, 7.00
10.00, -10038.00, -8468.00, -99.89, -99.89, 7.00
10.00, -10078.00, -8504.00, -99.89, -99.89, 7.00
10.00, -10121.00, -8543.00, -99.89, -99.89, 7.00
10.00, -10164.00, -8584.00, -99.89, -99.89, 7.00
10.00, -10208.00, -8625.00, -99.89, -99.89, 7.00
10.00, -10250.00, -8666.00, -99.89, -99.89, 7.00
10.00, -10293.00, -8706.00, -99.89, -99.89, 7.00
10.00, -10334.00, -8744.00, -99.89, -99.89, 7.00
10.00, -10377.00, -8785.00, -99.89, -99.89, 7.00
10.00, -10420.00, -8826.00, -99.89, -99.89, 7.00
10.00, -10466.00, -8868.00, -99.89, -99.89, 7.00
10.00, -10507.00, -8907.00, -99.89, -99.89, 7.00
10.00, -10549.00, -8949.00, -99.89, -99.89, 7.00
10.00, -10590.00, -8989.00, -99.89, -99.89, 7.00
10.00, -10632.00, -9027.00, -99.89, -99.89, 7.00
10.00, -10676.00, -9067.00, -99.89, -99.89, 7.00
10.00, -10718.00, -9110.00, -99.89, -99.89, 7.00
10.00, -10760.00, -9153.00, -99.89, -99.89, 7.00
10.00, -10801.00, -9193.00, -99.89, -99.89, 7.00
10.00, -10843.00, -9234.00, -99.89, -99.89, 7.00
10.00, -10885.00, -9274.00, -99.89, -99.89, 7.00
10.00, -10928.00, -9313.00, -99.89, -99.89, 7.00
10.00, -10972.00, -9354.00, -99.89, -99.89, 7.00
10.00, -11015.00, -9397.00, -99.89, -99.89, 7.00
10.00, -11057.00, -9439.00, -99.89, -99.89, 7.00
10.00, -11098.00, -9478.00, -99.89, -99.89, 7.00
10.00, -11140.00, -9517.00, -99.89, -99.89, 7.00
10.00, -11184.00, -9557.00, -99.89, -99.89, 7.00
10.00, -11228.00, -9596.00, -99.89, -99.89, 7.00
10.00, -11270.00, -9638.00, -99.89, -99.89, 7.00
10.00, -11311.00, -9678.00, -99.89, -99.89, 7.00
10.00, -11354.00, -9715.00, -99.89, -99.89, 7.00
10.00, -11397.00, -9756.00, -99.89, -99.89, 7.00
10.00, -11440.00, -9795.00, -99.89, -99.89, 7.00
10.00, -11483.00, -9834.00, -99.89, -99.89, 7.00
10.00, -11526.00, -9874.00, -99.89, -99.89, 7.00
10.00, -11568.00, -9915.00, -99.89, -99.89, 7.00
10.00, -11609.00, -9955.00, -99.89, -99.89, 7.00
10.00, -11652.00, -9993.00, -99.89, -99.89, 7.00
10.00, -11695.00, -10031.00, -99.89, -99.89, 7.00
10.00, -11736.00, -10070.00, -99.89, -99.89, 7.00
10.00, -11779.00, -10111.00, -99.89, -99.89, 7.00
10.00, -11820.00, -10151.00, -99.89, -99.89, 7.00
10.00, -11862.00, -10191.00, -99.89, -99.89, 7.00
10.00, -11904.00, -10233.00, -99.89, -99.89, 7.00
10.00, -11945.00, -10270.00, -99.89, -99.89, 7.00
10.00, -11986.00, -10307.00, -99.89, -99.89, 7.00
10.00, -12027.00, -10348.00, -99.89, -99.89, 7.00
10.00, -12067.00, -10390.00, -99.89, -99.89, 7.00
10.00, -12107.00, -10430.00, -99.89, -99.89, 7.00
10.00, -12150.00, -10470.00, -99.89, -99.89, 7.00
10.00, -12193.00, -10510.00, -99.89, -99.89, 7.00
10.00, -12236.00, -10548.00, -99.89, -99.89, 7.00
10.00, -12276.00, -10586.00, -99.89, -99.89, 7.00
10.00, -12318.00, -10628.00, -99.89, -99.89, 7.00
10.00, -12360.00, -10670.00, -99.89, -99.89, 7.00
10.00, -12404.00, -10711.00, -99.89, -99.89, 7.00
10.00, -12449.00, -10753.00, -99.89, -99.89, 7.00
10.00, -12492.00, -10793.00, -99.89, -99.89, 7.00
10.00, -12535.00, -10831.00, -99.89, -99.89, 7.00
10.00, -12576.00, -10871.00, -99.89, -99.89, 7.00
10.00, -12617.00, -10912.00, -99.89, -99.89, 7.00
10.00, -12661.00, -10953.00, -99.89, -99.89, 7.00
10.00, -12706.00, -10994.00, -99.89, -99.89, 7.00
10.00, -12751.00, -11034.00, -99.89, -99.89, 7.00
10.00, -12794.00, -11073.00, -99.89, -99.89, 7.00
10.00, -12836.00, -11113.00, -99.89, -99.89, 7.00
10.00, -12879.00, -11154.00, -99.89, -99.89, 7.00
10.00, -12923.00, -11198.00, -99.89, -99.89, 7.00
10.00, -12966.00, -11238.00, -99.89, -99.89, 7.00
10.00, -13010.00, -11277.00, -99.89, -99.89, 7.00
10.00, -13052.00, -11316.00, -99.89, -99.89, 7.00
10.00, -13094.00, -11356.00, -99.89, -99.89, 7.00
10.00, -13135.00, -11396.00, -99.89, -99.89, 7.00
10.00, -13178.00, -11437.00, -99.89, -99.89, 7.00
10.00, -13220.00, -11478.00, -99.89, -99.89, 7.00
10.00, -13262.00, -11520.00, -99.89, -99.89, 7.00
10.00, -13305.00, -11561.00, -99.89, -99.89, 7.00
10.00, -13346.00, -11600.00, -99.89, -99.89, 7.00
10.00, -13386.00, -11640.00, -99.89, -99.89, 7.00
10.00, -13426.00, -11683.00, -99.89, -99.89, 7.00
10.00, -13470.00, -11723.00, -99.89, -99.89, 7.00
10.00, -13513.00, -11764.00, -99.89, -99.89, 7.00
10.00, -13555.00, -11805.00, -99.89, -99.89, 7.00
10.00, -13597.00, -11843.00, -99.89, -99.89, 7.00
10.00, -13636.00, -11882.00, -99.89, -99.89, 7.00
10.00, -13677.00, -11924.00, -99.89, -99.89, 7.00
10.00, -13720.00, -11965.00, -99.89, -99.89, 7.00
10.00, -13764.00, -12005.00, -99.89, -99.89, 7.00
10.00, -13807.00, -12047.00, -99.89, -99.89, 7.00
10.00, -13849.00, -12085.00, -99.89, -99.89, 7.00
10.00, -13890.00, -12122.00, -99.89, -99.89, 7.00
10.00, -13931.00, -12161.00, -99.89, -99.89, 7.00
10.00, -13973.00, -12202.00, -99.89, -99.89, 7.00
10.00, -14016.00, -12241.00, -99.89, -99.89, 7.00
10.00, -14059.00, -12283.00, -99.89, -99.89, 7.00
10.00, -14101.00, -12324.00, -99.89, -99.89, 7.00
10.00, -14141.00, -12360.00, -99.89, -99.89, 7.00
10.00, -14184.00, -12398.00, -99.89, -99.89, 7.00
10.00, -14226.00, -12439.00, -99.89, -99.89, 7.00
10.00, -14268.00, -12480.00, -99.89, -99.89, 7.00
10.00, -14312.00, -12522.00, -99.89, -99.89, 7.00
10.00, -14354.00, -12561.00, -99.89, -99.89, 7.00
10.00, -14395.00, -12599.00, -99.89, -99.89, 7.00
10.00, -14436.00, -12639.00, -99.89, -99.89, 7.00
10.00, -14478.00, -12678.00, -99.89, -99.89, 7.00
10.00, -14521.00, -12720.00, -99.89, -99.89, 7.00
10.00, -14563.00, -12762.00, -99.89, -99.89, 7.00
10.00, -14604.00, -12804.00, -99.89, -99.89, 7.00
10.00, -14644.00, -12841.00, -99.89, -99.89, 7.00
10.00, -14684.00, -12878.00, -99.89, -99.89, 7.00
10.00, -14728.00, -12922.00, -99.89, -99.89, 7.00
10.00, -14774.00, -12965.00, -99.89, -99.89, 7.00
10.00, -14817.00, -13006.00, -99.89, -99.89, 7.00
10.00, -14859.00, -13048.00, -99.89, -99.89, 7.00
10.00, -14900.00, -13088.00, -99.89, -99.89, 7.00
10.00, -14941.00, -13126.00, -99.89, -99.89, 7.00
10.00, -14984.00, -13166.00, -99.89, -99.89, 7.00
10.00, -15027.00, -13208.00, -99.89, -99.89, 7.00
10.00, -15070.00, -13251.00, -99.89, -99.89, 7.00
10.00, -15115.00, -13294.00, -99.89, -99.89, 7.00
10.00, -15158.00, -13333.00, -99.89, -99.89, 7.00
10.00, -15199.00, -13371.00, -99.89, -99.89, 7.00
10.00, -15241.00, -13411.00, -99.89, -99.89, 7.00
10.00, -15288.00, -13452.00, -99.89, -99.89, 7.00
10.00, -15329.00, -13493.00, -99.89, -99.89, 7.00
10.00, -15373.00, -13534.00, -99.89, -99.89, 7.00
10.00, -15414.00, -13575.00, -99.89, -99.89, 7.00
10.00, -15456.00, -13614.00, -99.89, -99.89, 7.00
10.00, -15498.00, -13652.00, -99.89, -99.89, 7.00
10.00, -15542.00, -13691.00, -99.89, -99.89, 7.00
10.00, -15585.00, -13733.00, -99.89, -99.89, 7.00
10.00, -15627.00, -13775.00, -99.89, -99.89, 7.00
10.00, -15668.00, -13813.00, -99.89, -99.89, 7.00
10.00, -15710.00, -13851.00, -99.89, -99.89, 7.00
10.00, -15751.00, -13892.00, -99.89, -99.89, 7.00
10.00, -15792.00, -13931.00, -99.89, -99.89, 7.00
10.00, -15836.00, -13971.00, -99.89, -99.89, 7.00
10.00, -15878.00, -14013.00, -99.89, -99.89, 7.00
10.00, -15918.00, -14053.00, -99.89, -99.89, 7.00
10.00, -15958.00, -14091.00, -99.89, -99.89, 7.00
10.00, -16000.00, -14127.00, -99.89, -99.89, 7.00
10.00, -16041.00, -14166.00, -99.89, -99.89, 7.00
10.00, -16083.00, -14208.00, -99.89, -99.89, 7.00
10.00, -16126.00, -14249.00, -99.89, -99.89, 7.00
10.00, -16168.00, -14289.00, -99.89, -99.89, 7.00
10.00, -16209.00, -14328.00, -99.89, -99.89, 7.00
10.00, -16252.00, -14366.00, -99.89, -99.89, 7.00
10.00, -16296.00, -14404.00, -99.89, -99.89, 7.00
10.00, -16339.00, -14444.00, -99.89, -99.89, 7.00
10.00, -16382.00, -14487.00, -99.89, -99.89, 7.00
10.00, -16425.00, -14529.00, -99.89, -99.89, 7.00
