12482.00, 3979.00, 2434.00, 99.89, 99.89, 8.00
10.00, 3980.00, 2437.00, -99.89, 100.00, 8.00
10.00, 3982.00, 2451.00, -99.89, 100.00, 8.00
10.00, 3978.00, 2468.00, -99.89, 100.00, 8.00
10.00, 3965.00, 2490.00, -99.89, 100.00, 8.00
10.00, 3944.00, 2517.00, -99.89, 100.00, 8.00
10.00, 3919.00, 2548.00, -100.00, 100.00, 8.00
10.00, 3891.00, 2579.00, -100.00, 100.00, 8.00
10.00, 3858.00, 2611.00, -100.00, 100.00, 8.00
10.00, 3825.00, 2645.00, -100.00, 100.00, 8.00
10.00, 3791.00, 2681.00, -100.00, 100.00, 8.00
10.00, 3755.00, 2719.00, -100.00, 100.00, 8.00
10.00, 3716.00, 2757.00, -100.00, 100.00, 8.00
10.00, 3677.00, 2796.00, -100.00, 100.00, 8.00
10.00, 3637.00, 2836.00, -100.00, 100.00, 8.00
10.00, 3596.00, 2875.00, -100.00, 100.00, 8.00
10.00, 3556.00, 2915.00, -100.00, 100.00, 8.00
10.00, 3515.00, 2956.00, -100.00, 100.00, 8.00
10.00, 3474.00, 2996.00, -100.00, 100.00, 8.00
10.00, 3431.00, 3037.00, -100.00, 100.00, 8.00
10.00, 3389.00, 3077.00, -100.00, 100.00, 8.00
10.00, 3348.00, 3120.00, -100.00, 99.89, 8.00
10.00, 3307.00, 3162.00, -100.00, 99.89, 8.00
10.00, 3265.00, 3204.00, -100.00, 99.89, 8.00
10.00, 3223.00, 3247.00, -99.89, 99.89, 8.00
10.00, 3179.00, 3290.00, -99.89, 99.89, 8.00
10.00, 3138.00, 3330.00, -99.89, 99.89, 8.00
10.00, 3097.00, 3372.00, -99.89, 99.89, 8.00
10.00, 3055.00, 3414.00, -99.89, 99.77, 8.00
10.00, 3015.00, 3455.00, -99.89, 99.44, 8.00
10.00, 2975.00, 3497.00, -99.89, 98.08, 8.00
10.00, 2933.00, 3540.00, -99.89, 92.20, 8.00
10.00, 2891.00, 3581.00, -99.77, 70.51, 8.00
10.00, 2850.00, 3620.00, -99.21, 14.69, 8.00
10.00, 2809.00, 3656.00, -96.27, -48.36, 8.00
10.00, 2768.00, 3686.00, -81.02, -82.37, 8.00
10.00, 2728.00, 3707.00, -24.18, -93.79, 8.00
10.00, 2691.00, 3714.00, 56.72, -97.06, 8.00
10.00, 2661.00, 3710.00, 90.51, -97.97, 8.00
10.00, 2642.00, 3695.00, 97.85, -97.85, 8.00
10.00, 2636.00, 3674.00, 99.32, -96.84, 8.00
10.00, 2639.00, 3653.00, 99.66, -93.79, 8.00
10.00, 2649.00, 3629.00, 99.77, -87.57, 8.00
10.00, 2667.00, 3602.00, 99.89, -74.46, 8.00
10.00, 2688.00, 3575.00, 99.89, -45.65, 8.00
10.00, 2715.00, 3547.00, 99.89, -4.18, 8.00
10.00, 2744.00, 3524.00, 99.89, 40.23, 8.00
10.00, 2774.00, 3506.00, 99.89, 70.51, 8.00
10.00, 2805.00, 3497.00, 99.89, 83.50, 8.00
10.00, 2837.00, 3497.00, 99.89, 88.81, 8.00
10.00, 2875.00, 3509.00, 99.89, 89.15, 8.00
10.00, 2909.00, 3524.00, 99.77, 85.99, 8.00
10.00, 2943.00, 3544.00, 99.66, 78.31, 8.00
10.00, 2981.00, 3569.00, 99.44, 62.15, 8.00
10.00, 3016.00, 3589.00, 98.87, 28.93, 8.00
10.00, 3052.00, 3611.00, 97.51, -7.68, 8.00
10.00, 3088.00, 3631.00, 93.79, -40.79, 8.00
10.00, 3126.00, 3643.00, 83.73, -65.65, 8.00
10.00, 3165.00, 3649.00, 57.63, -76.05, 8.00
10.00, 3199.00, 3646.00, 4.07, -80.56, 8.00
10.00, 3230.00, 3634.00, -50.06, -79.66, 8.00
10.00, 3256.00, 3617.00, -81.36, -70.85, 8.00
10.00, 3269.00, 3598.00, -93.22, -51.53, 8.00
10.00, 3272.00, 3581.00, -96.84, -19.10, 8.00
10.00, 3266.00, 3564.00, -98.08, 17.40, 8.00
10.00, 3252.00, 3549.00, -98.53, 49.38, 8.00
10.00, 3231.00, 3541.00, -98.64, 70.96, 8.00
10.00, 3207.00, 3539.00, -98.42, 82.71, 8.00
10.00, 3180.00, 3547.00, -97.85, 87.68, 8.00
10.00, 3153.00, 3564.00, -96.84, 89.04, 8.00
10.00, 3122.00, 3582.00, -94.69, 88.14, 8.00
10.00, 3090.00, 3603.00, -89.83, 86.44, 8.00
10.00, 3056.00, 3629.00, -79.21, 84.18, 8.00
10.00, 3024.00, 3655.00, -56.95, 80.68, 8.00
10.00, 2994.00, 3684.00, -19.55, 77.18, 8.00
10.00, 2965.00, 3713.00, 25.31, 73.56, 8.00
10.00, 2942.00, 3741.00, 61.69, 69.15, 8.00
10.00, 2929.00, 3768.00, 81.02, 64.97, 8.00
10.00, 2925.00, 3795.00, 89.04, 62.60, 8.00
10.00, 2927.00, 3823.00, 92.09, 60.11, 8.00
10.00, 2937.00, 3849.00, 93.22, 55.14, 8.00
10.00, 2953.00, 3876.00, 92.99, 52.99, 8.00
10.00, 2974.00, 3899.00, 91.41, 48.47, 8.00
10.00, 2996.00, 3922.00, 88.36, 43.28, 8.00
10.00, 3023.00, 3945.00, 82.94, 38.08, 8.00
10.00, 3049.00, 3966.00, 74.58, 30.73, 8.00
10.00, 3076.00, 3987.00, 62.71, 21.81, 8.00
10.00, 3105.00, 4009.00, 47.80, 11.53, 8.00
10.00, 3132.00, 4027.00, 30.73, -2.60, 8.00
10.00, 3157.00, 4040.00, 15.48, -15.25, 8.00
10.00, 3178.00, 4049.00, 3.39, -23.16, 8.00
10.00, 3195.00, 4053.00, -3.84, -27.46, 8.00
10.00, 3210.00, 4054.00, -7.91, -26.67, 8.00
10.00, 3219.00, 4052.00, -9.27, -22.94, 8.00
10.00, 3227.00, 4048.00, -9.15, -15.82, 8.00
10.00, 3230.00, 4044.00, -8.25, -4.86, 8.00
10.00, 3232.00, 4040.00, -7.46, 6.10, 8.00
10.00, 3233.00, 4038.00, -7.34, 16.84, 8.00
10.00, 3232.00, 4037.00, -8.25, 25.88, 8.00
10.00, 3232.00, 4038.00, -9.49, 31.98, 8.00
10.00, 3231.00, 4040.00, -11.19, 35.14, 8.00
10.00, 3229.00, 4046.00, -13.79, 37.74, 8.00
10.00, 3227.00, 4053.00, -16.72, 35.93, 8.00
10.00, 3224.00, 4063.00, -21.02, 31.53, 8.00
10.00, 3220.00, 4073.00, -24.97, 24.75, 8.00
10.00, 3215.00, 4084.00, -30.28, 15.71, 8.00
10.00, 3209.00, 4095.00, -36.27, 6.67, 8.00
10.00, 3201.00, 4105.00, -42.60, -1.69, 8.00
10.00, 3191.00, 4112.00, -49.15, -8.59, 8.00
10.00, 3180.00, 4116.00, -56.16, -13.11, 8.00
10.00, 3168.00, 4118.00, -63.39, -15.25, 8.00
10.00, 3152.00, 4118.00, -70.28, -15.59, 8.00
10.00, 3134.00, 4117.00, -76.27, -15.03, 8.00
10.00, 3113.00, 4115.00, -81.81, -14.35, 8.00
10.00, 3091.00, 4112.00, -86.89, -13.67, 8.00
10.00, 3065.00, 4109.00, -90.51, -13.22, 8.00
10.00, 3039.00, 4104.00, -93.33, -13.22, 8.00
10.00, 3011.00, 4101.00, -95.14, -13.45, 8.00
10.00, 2981.00, 4098.00, -96.50, -14.12, 8.00
10.00, 2949.00, 4093.00, -97.51, -14.69, 8.00
10.00, 2915.00, 4088.00, -98.31, -16.27, 8.00
10.00, 2881.00, 4083.00, -98.76, -18.08, 8.00
10.00, 2845.00, 4079.00, -99.10, -19.89, 8.00
10.00, 2809.00, 4073.00, -99.21, -21.24, 8.00
10.00, 2772.00, 4069.00, -99.44, -23.73, 8.00
10.00, 2736.00, 4062.00, -99.55, -24.86, 8.00
10.00, 2698.00, 4054.00, -99.55, -27.34, 8.00
10.00, 2658.00, 4046.00, -99.66, -30.17, 8.00
10.00, 2620.00, 4036.00, -99.66, -34.24, 8.00
10.00, 2581.00, 4025.00, -99.77, -37.85, 8.00
10.00, 2544.00, 4015.00, -99.77, -42.37, 8.00
10.00, 2506.00, 4006.00, -99.77, -45.76, 8.00
10.00, 2466.00, 3993.00, -99.89, -48.59, 8.00
10.00, 2425.00, 3979.00, -99.89, -52.32, 8.00
10.00, 2382.00, 3962.00, -99.89, -56.61, 8.00
10.00, 2341.00, 3944.00, -99.89, -61.47, 8.00
10.00, 2301.00, 3923.00, -99.89, -66.44, 8.00
10.00, 2260.00, 3905.00, -99.89, -71.30, 8.00
10.00, 2219.00, 3886.00, -99.89, -74.80, 8.00
10.00, 2178.00, 3862.00, -99.89, -77.29, 8.00
10.00, 2136.00, 3836.00, -99.89, -81.02, 8.00
10.00, 2094.00, 3811.00, -99.89, -84.52, 8.00
10.00, 2052.00, 3783.00, -99.89, -87.57, 8.00
10.00, 2011.00, 3756.00, -99.89, -90.06, 8.00
10.00, 1971.00, 3726.00, -99.89, -91.98, 8.00
10.00, 1928.00, 3694.00, -99.89, -93.79, 8.00
10.00, 1885.00, 3659.00, -99.89, -95.37, 8.00
10.00, 1844.00, 3625.00, -99.89, -96.84, 8.00
10.00, 1801.00, 3591.00, -99.89, -97.74, 8.00
11.00, 1762.00, 3559.00, -99.89, -98.53, 8.00
10.00, 1723.00, 3524.00, -99.89, -98.98, 8.00
10.00, 1682.00, 3485.00, -99.89, -99.32, 8.00
10.00, 1638.00, 3447.00, -99.89, -99.55, 8.00
10.00, 1595.00, 3409.00, -99.89, -99.77, 8.00
10.00, 1553.00, 3372.00, -99.89, -99.77, 8.00
10.00, 1511.00, 3332.00, -99.89, -99.89, 8.00
10.00, 1471.00, 3295.00, -99.89, -99.89, 8.00
10.00, 1431.00, 3258.00, -99.89, -99.89, 8.00
10.00, 1388.00, 3219.00, -99.89, -99.89, 8.00
10.00, 1344.00, 3177.00, -99.89, -99.89, 8.00
10.00, 1300.00, 3137.00, -99.89, -99.89, 8.00
10.00, 1256.00, 3097.00, -99.89, -99.89, 8.00
10.00, 1214.00, 3056.00, -99.89, -99.89, 8.00
10.00, 1175.00, 3018.00, -99.89, -99.89, 8.00
10.00, 1132.00, 2979.00, -99.89, -99.89, 8.00
10.00, 1087.00, 2939.00, -99.89, -99.89, 8.00
10.00, 1044.00, 2897.00, -99.89, -99.89, 8.00
10.00, 1002.00, 2854.00, -99.89, -99.89, 8.00
10.00, 960.00, 2816.00, -99.89, -99.89, 8.00
10.00, 918.00, 2776.00, -99.89, -99.89, 8.00
10.00, 875.00, 2736.00, -99.89, -99.89, 8.00
10.00, 831.00, 2697.00, -99.89, -99.89, 8.00
10.00, 788.00, 2656.00, -99.89, -99.89, 8.00
10.00, 747.00, 2614.00, -99.89, -99.89, 8.00
10.00, 706.00, 2576.00, -99.89, -99.89, 8.00
10.00, 663.00, 2538.00, -99.89, -99.89, 8.00
10.00, 621.00, 2499.00, -99.89, -99.89, 8.00
10.00, 579.00, 2459.00, -99.89, -99.89, 8.00
10.00, 537.00, 2420.00, -99.89, -99.89, 8.00
10.00, 495.00, 2378.00, -99.89, -99.89, 8.00
10.00, 455.00, 2339.00, -99.89, -99.89, 8.00
10.00, 415.00, 2301.00, -99.89, -99.89, 8.00
10.00, 373.00, 2262.00, -99.89, -99.89, 8.00
10.00, 332.00, 2223.00, -99.89, -99.89, 8.00
10.00, 291.00, 2182.00, -99.89, -99.89, 8.00
10.00, 249.00, 2143.00, -99.89, -99.89, 8.00
10.00, 208.00, 2103.00, -99.89, -99.89, 8.00
10.00, 167.00, 2063.00, -99.89, -99.89, 8.00
10.00, 125.00, 2025.00, -99.89, -99.89, 8.00
10.00, 82.00, 1987.00, -99.89, -99.89, 8.00
10.00, 39.00, 1948.00, -99.89, -99.89, 8.00
10.00, -2.00, 1906.00, -99.89, -99.89, 8.00
10.00, -45.00, 1865.00, -99.89, -99.89, 8.00
10.00, -88.00, 1827.00, -99.89, -99.89, 8.00
10.00, -133.00, 1786.00, -99.89, -99.89, 8.00
10.00, -176.00, 1746.00, -99.89, -99.89, 8.00
10.00, -219.00, 1710.00, -99.89, -99.89, 8.00
10.00, -263.00, 1669.00, -99.89, -99.89, 8.00
10.00, -306.00, 1626.00, -99.89, -99.89, 8.00
10.00, -347.00, 1586.00, -99.89, -99.89, 8.00
10.00, -390.00, 1546.00, -99.89, -99.89, 8.00
10.00, -436.00, 1507.00, -99.89, -99.89, 8.00
10.00, -479.00, 1467.00, -99.89, -99.89, 8.00
10.00, -521.00, 1425.00, -99.89, -99.89, 8.00
10.00, -566.00, 1383.00, -99.89, -99.89, 8.00
10.00, -609.00, 1342.00, -99.89, -99.89, 8.00
10.00, -652.00, 1300.00, -99.89, -99.89, 8.00
10.00, -695.00, 1260.00, -99.89, -99.89, 8.00
10.00, -737.00, 1223.00, -99.89, -99.89, 8.00
10.00, -778.00, 1184.00, -99.89, -99.89, 8.00
10.00, -819.00, 1142.00, -99.89, -99.89, 8.00
10.00, -860.00, 1100.00, -99.89, -99.89, 8.00
10.00, -903.00, 1060.00, -99.89, -99.89, 8.00
10.00, -945.00, 1021.00, -99.89, -99.89, 8.00
10.00, -987.00, 981.00, -99.89, -99.89, 8.00
10.00, -1030.00, 941.00, -99.89, -99.89, 8.00
10.00, -1071.00, 901.00, -99.89, -99.89, 8.00
10.00, -1111.00, 861.00, -99.89, -99.89, 8.00
10.00, -1154.00, 818.00, -99.89, -99.89, 8.00
10.00, -1198.00, 777.00, -99.89, -99.89, 8.00
10.00, -1239.00, 737.00, -99.89, -99.89, 8.00
10.00, -1282.00, 698.00, -99.89, -99.89, 8.00
10.00, -1323.00, 658.00, -99.89, -99.89, 8.00
10.00, -1363.00, 617.00, -99.89, -99.89, 8.00
10.00, -1406.00, 575.00, -99.89, -99.89, 8.00
10.00, -1451.00, 535.00, -99.89, -99.89, 8.00
10.00, -1494.00, 495.00, -99.89, -99.89, 8.00
10.00, -1535.00, 456.00, -99.89, -99.89, 8.00
10.00, -1576.00, 416.00, -99.89, -99.89, 8.00
10.00, -1617.00, 375.00, -99.89, -99.89, 8.00
10.00, -1659.00, 333.00, -99.89, -99.89, 8.00
10.00, -1702.00, 291.00, -99.89, -99.89, 8.00
10.00, -1746.00, 251.00, -99.89, -99.89, 8.00
10.00, -1786.00, 213.00, -99.89, -99.89, 8.00
10.00, -1828.00, 175.00, -99.89, -99.89, 8.00
10.00, -1868.00, 136.00, -99.89, -99.89, 8.00
10.00, -1911.00, 96.00, -99.89, -99.89, 8.00
10.00, -1954.00, 53.00, -99.89, -99.89, 8.00
10.00, -1996.00, 11.00, -99.89, -99.89, 8.00
10.00, -2040.00, -29.00, -99.89, -99.89, 8.00
10.00, -2079.00, -64.00, -99.89, -99.89, 8.00
10.00, -2119.00, -102.00, -99.89, -99.89, 8.00
10.00, -2160.00, -141.00, -99.89, -99.89, 8.00
10.00, -2202.00, -184.00, -99.89, -99.89, 8.00
10.00, -2246.00, -223.00, -99.89, -99.89, 8.00
10.00, -2288.00, -263.00, -99.89, -99.89, 8.00
10.00, -2329.00, -303.00, -99.89, -99.89, 8.00
10.00, -2368.00, -340.00, -99.89, -99.89, 8.00
10.00, -2410.00, -379.00, -99.89, -99.89, 8.00
10.00, -2454.00, -420.00, -99.89, -99.89, 8.00
10.00, -2500.00, -461.00, -99.89, -99.89, 8.00
10.00, -2544.00, -503.00, -99.89, -99.89, 8.00
10.00, -2585.00, -541.00, -99.89, -99.89, 8.00
10.00, -2626.00, -580.00, -99.89, -99.89, 8.00
10.00, -2667.00, -621.00, -99.89, -99.89, 8.00
10.00, -2711.00, -663.00, -99.89, -99.89, 8.00
10.00, -2755.00, -704.00, -99.89, -99.89, 8.00
10.00, -2800.00, -746.00, -99.89, -99.89, 8.00
10.00, -2843.00, -787.00, -99.89, -99.89, 8.00
10.00, -2885.00, -825.00, -99.89, -99.89, 8.00
10.00, -2925.00, -862.00, -99.89, -99.89, 8.00
10.00, -2970.00, -905.00, -99.89, -99.89, 8.00
10.00, -3015.00, -948.00, -99.89, -99.89, 8.00
10.00, -3056.00, -988.00, -99.89, -99.89, 8.00
10.00, -3101.00, -1029.00, -99.89, -99.89, 8.00
10.00, -3142.00, -1069.00, -99.89, -99.89, 8.00
10.00, -3183.00, -1109.00, -99.89, -99.89, 8.00
10.00, -3226.00, -1149.00, -99.89, -99.89, 8.00
10.00, -3269.00, -1191.00, -99.89, -99.89, 8.00
10.00, -3311.00, -1231.00, -99.89, -99.89, 8.00
10.00, -3352.00, -1270.00, -99.89, -99.89, 8.00
10.00, -3393.00, -1310.00, -99.89, -99.89, 8.00
10.00, -3433.00, -1349.00, -99.89, -99.89, 8.00
10.00, -3475.00, -1387.00, -99.89, -99.89, 8.00
10.00, -3518.00, -1428.00, -99.89, -99.89, 8.00
10.00, -3561.00, -1469.00, -99.89, -99.89, 8.00
10.00, -3604.00, -1507.00, -99.89, -99.89, 8.00
10.00, -3643.00, -1546.00, -99.89, -99.89, 8.00
10.00, -3684.00, -1586.00, -99.89, -99.89, 8.00
10.00, -3726.00, -1626.00, -99.89, -99.89, 8.00
10.00, -3768.00, -1664.00, -99.89, -99.89, 8.00
10.00, -3811.00, -1705.00, -99.89, -99.89, 8.00
10.00, -3854.00, -1746.00, -99.89, -99.89, 8.00
10.00, -3894.00, -1784.00, -99.89, -99.89, 8.00
10.00, -3935.00, -1821.00, -99.89, -99.89, 8.00
10.00, -3980.00, -1859.00, -99.89, -99.89, 8.00
10.00, -4024.00, -1900.00, -99.89, -99.89, 8.00
10.00, -4067.00, -1941.00, -99.89, -99.89, 8.00
10.00, -4110.00, -1981.00, -99.89, -99.89, 8.00
10.00, -4154.00, -2022.00, -99.89, -99.89, 8.00
10.00, -4195.00, -2061.00, -99.89, -99.89, 8.00
10.00, -4237.00, -2098.00, -99.89, -99.89, 8.00
10.00, -4282.00, -2136.00, -99.89, -99.89, 8.00
10.00, -4326.00, -2177.00, -99.89, -99.89, 8.00
10.00, -4369.00, -2220.00, -99.89, -99.89, 8.00
10.00, -4412.00, -2258.00, -99.89, -99.89, 8.00
10.00, -4455.00, -2298.00, -99.89, -99.89, 8.00
10.00, -4498.00, -2337.00, -99.89, -99.89, 8.00
10.00, -4540.00, -2375.00, -99.89, -99.89, 8.00
10.00, -4584.00, -2416.00, -99.89, -99.89, 8.00
10.00, -4627.00, -2457.00, -99.89, -99.89, 8.00
10.00, -4667.00, -2499.00, -99.89, -99.89, 8.00
10.00, -4709.00, -2539.00, -99.89, -99.89, 8.00
10.00, -4751.00, -2578.00, -99.89, -99.89, 8.00
10.00, -4794.00, -2617.00, -99.89, -99.89, 8.00
10.00, -4836.00, -2655.00, -99.89, -99.89, 8.00
10.00, -4879.00, -2696.00, -99.89, -99.89, 8.00
10.00, -4921.00, -2738.00, -99.89, -99.89, 8.00
10.00, -4962.00, -2778.00, -99.89, -99.89, 8.00
10.00, -5007.00, -2819.00, -99.89, -99.89, 8.00
10.00, -5050.00, -2858.00, -99.89, -99.89, 8.00
10.00, -5092.00, -2897.00, -99.89, -99.89, 8.00
10.00, -5134.00, -2938.00, -99.89, -99.89, 8.00
10.00, -5175.00, -2980.00, -99.89, -99.89, 8.00
10.00, -5217.00, -3023.00, -99.89, -99.89, 8.00
10.00, -5261.00, -3062.00, -99.89, -99.89, 8.00
10.00, -5305.00, -3102.00, -99.89, -99.89, 8.00
10.00, -5349.00, -3141.00, -99.89, -99.89, 8.00
10.00, -5391.00, -3183.00, -99.89, -99.89, 8.00
10.00, -5432.00, -3222.00, -99.89, -99.89, 8.00
10.00, -5474.00, -3263.00, -99.89, -99.89, 8.00
10.00, -5518.00, -3306.00, -99.89, -99.89, 8.00
10.00, -5561.00, -3346.00, -99.89, -99.89, 8.00
10.00, -5602.00, -3386.00, -99.89, -99.89, 8.00
10.00, -5644.00, -3424.00, -99.89, -99.89, 8.00
10.00, -5684.00, -3467.00, -99.89, -99.89, 8.00
10.00, -5725.00, -3509.00, -99.89, -99.89, 8.00
10.00, -5768.00, -3551.00, -99.89, -99.89, 8.00
10.00, -5811.00, -3590.00, -99.89, -99.89, 8.00
10.00, -5853.00, -3630.00, -99.89, -99.89, 8.00
10.00, -5894.00, -3668.00, -99.89, -99.89, 8.00
10.00, -5933.00, -3707.00, -99.89, -99.89, 8.00
10.00, -5973.00, -3748.00, -99.89, -99.89, 8.00
10.00, -6014.00, -3790.00, -99.89, -99.89, 8.00
10.00, -6058.00, -3830.00, -99.89, -99.89, 8.00
10.00, -6100.00, -3869.00, -99.89, -99.89, 8.00
10.00, -6142.00, -3905.00, -99.89, -99.89, 8.00
10.00, -6182.00, -3944.00, -99.89, -99.89, 8.00
10.00, -6222.00, -3983.00, -99.89, -99.89, 8.00
10.00, -6264.00, -4023.00, -99.89, -99.89, 8.00
10.00, -6309.00, -4063.00, -99.89, -99.89, 8.00
10.00, -6353.00, -4104.00, -99.89, -99.89, 8.00
10.00, -6395.00, -4143.00, -99.89, -99.89, 8.00
10.00, -6435.00, -4182.00, -99.89, -99.89, 8.00
10.00, -6476.00, -4221.00, -99.89, -99.89, 8.00
10.00, -6519.00, -4261.00, -99.89, -99.89, 8.00
10.00, -6564.00, -4302.00, -99.89, -99.89, 8.00
10.00, -6607.00, -4343.00, -99.89, -99.89, 8.00
10.00, -6651.00, -4383.00, -99.89, -99.89, 8.00
10.00, -6693.00, -4422.00, -99.89, -99.89, 8.00
10.00, -6732.00, -4460.00, -99.89, -99.89, 8.00
10.00, -6777.00, -4500.00, -99.89, -99.89, 8.00
10.00, -6821.00, -4543.00, -99.89, -99.89, 8.00
10.00, -6863.00, -4585.00, -99.89, -99.89, 8.00
10.00, -6907.00, -4626.00, -99.89, -99.89, 8.00
10.00, -6950.00, -4663.00, -99.89, -99.89, 8.00
10.00, -6991.00, -4700.00, -99.89, -99.89, 8.00
10.00, -7031.00, -4743.00, -99.89, -99.89, 8.00
10.00, -7074.00, -4786.00, -99.89, -99.89, 8.00
10.00, -7119.00, -4827.00, -99.89, -99.89, 8.00
10.00, -7160.00, -4868.00, -99.89, -99.89, 8.00
10.00, -7201.00, -4908.00, -99.89, -99.89, 8.00
10.00, -7240.00, -4946.00, -99.89, -99.89, 8.00
10.00, -7282.00, -4986.00, -99.89, -99.89, 8.00
10.00, -7325.00, -5027.00, -99.89, -99.89, 8.00
10.00, -7367.00, -5069.00, -99.89, -99.89, 8.00
10.00, -7409.00, -5111.00, -99.89, -99.89, 8.00
10.00, -7450.00, -5149.00, -99.89, -99.89, 8.00
10.00, -7489.00, -5187.00, -99.89, -99.89, 8.00
10.00, -7530.00, -5226.00, -99.89, -99.89, 8.00
10.00, -7573.00, -5268.00, -99.89, -99.89, 8.00
10.00, -7615.00, -5308.00, -99.89, -99.89, 8.00
10.00, -7659.00, -5347.00, -99.89, -99.89, 8.00
10.00, -7702.00, -5390.00, -99.89, -99.89, 8.00
10.00, -7742.00, -5430.00, -99.89, -99.89, 8.00
10.00, -7784.00, -5467.00, -99.89, -99.89, 8.00
10.00, -7827.00, -5506.00, -99.89, -99.89, 8.00
10.00, -7869.00, -5548.00, -99.89, -99.89, 8.00
10.00, -7912.00, -5588.00, -99.89, -99.89, 8.00
10.00, -7954.00, -5627.00, -99.89, -99.89, 8.00
10.00, -7995.00, -5666.00, -99.89, -99.89, 8.00
10.00, -8036.00, -5706.00, -99.89, -99.89, 8.00
10.00, -8079.00, -5745.00, -99.89, -99.89, 8.00
10.00, -8125.00, -5784.00, -99.89, -99.89, 8.00
10.00, -8166.00, -5827.00, -99.89, -99.89, 8.00
10.00, -8210.00, -5868.00, -99.89, -99.89, 8.00
10.00, -8253.00, -5906.00, -99.89, -99.89, 8.00
10.00, -8294.00, -5942.00, -99.89, -99.89, 8.00
10.00, -8336.00, -5981.00, -99.89, -99.89, 8.00
10.00, -8380.00, -6021.00, -99.89, -99.89, 8.00
10.00, -8423.00, -6063.00, -99.89, -99.89, 8.00
10.00, -8465.00, -6103.00, -99.89, -99.89, 8.00
10.00, -8504.00, -6143.00, -99.89, -99.89, 8.00
10.00, -8545.00, -6180.00, -99.89, -99.89, 8.00
10.00, -8586.00, -6218.00, -99.89, -99.89, 8.00
10.00, -8632.00, -6259.00, -99.89, -99.89, 8.00
10.00, -8676.00, -6300.00, -99.89, -99.89, 8.00
10.00, -8718.00, -6342.00, -99.89, -99.89, 8.00
10.00, -8761.00, -6382.00, -99.89, -99.89, 8.00
10.00, -8802.00, -6417.00, -99.89, -99.89, 8.00
10.00, -8845.00, -6454.00, -99.89, -99.89, 8.00
10.00, -8889.00, -6493.00, -99.89, -99.89, 8.00
10.00, -8932.00, -6535.00, -99.89, -99.89, 8.00
10.00, -8975.00, -6579.00, -99.89, -99.89, 8.00
10.00, -9017.00, -6618.00, -99.89, -99.89, 8.00
10.00, -9060.00, -6657.00, -99.89, -99.89, 8.00
10.00, -9105.00, -6697.00, -99.89, -99.89, 8.00
10.00, -9148.00, -6735.00, -99.89, -99.89, 8.00
10.00, -9192.00, -6776.00, -99.89, -99.89, 8.00
10.00, -9235.00, -6819.00, -99.89, -99.89, 8.00
10.00, -9277.00, -6860.00, -99.89, -99.89, 8.00
10.00, -9320.00, -6900.00, -99.89, -99.89, 8.00
10.00, -9363.00, -6940.00, -99.89, -99.89, 8.00
10.00, -9406.00, -6978.00, -99.89, -99.89, 8.00
10.00, -9448.00, -7019.00, -99.89, -99.89, 8.00
10.00, -9490.00, -7061.00, -99.89, -99.89, 8.00
10.00, -9533.00, -7103.00, -99.89, -99.89, 8.00
10.00, -9575.00, -7144.00, -99.89, -99.89, 8.00
10.00, -9618.00, -7185.00, -99.89, -99.89, 8.00
10.00, -9660.00, -7222.00, -99.89, -99.89, 8.00
10.00, -9701.00, -7264.00, -99.89, -99.89, 8.00
10.00, -9742.00, -7306.00, -99.89, -99.89, 8.00
10.00, -9780.00, -7347.00, -99.89, -99.89, 8.00
10.00, -9821.00, -7387.00, -99.89, -99.89, 8.00
10.00, -9865.00, -7429.00, -99.89, -99.89, 8.00
10.00, -9908.00, -7468.00, -99.89, -99.89, 8.00
10.00, -9948.00, -7507.00, -99.89, -99.89, 8.00
10.00, -9988.00, -7547.00, -99.89, -99.89, 8.00
10.00, -10029.00, -7589.00, -99.89, -99.89, 8.00
10.00, -10070.00, -7630.00, -99.89, -99.89, 8.00
10.00, -10115.00, -7669.00, -99.89, -99.89, 8.00
10.00, -10159.00, -7708.00, -99.89, -99.89, 8.00
10.00, -10201.00, -7746.00, -99.89, -99.89, 8.00
10.00, -10242.00, -7785.00, -99.89, -99.89, 8.00
10.00, -10283.00, -7827.00, -99.89, -99.89, 8.00
10.00, -10325.00, -7866.00, -99.89, -99.89, 8.00
10.00, -10370.00, -7904.00, -99.89, -99.89, 8.00
10.00, -10413.00, -7946.00, -99.89, -99.89, 8.00
10.00, -10456.00, -7984.00, -99.89, -99.89, 8.00
10.00, -10498.00, -8022.00, -99.89, -99.89, 8.00
10.00, -10539.00, -8061.00, -99.89, -99.89, 8.00
10.00, -10581.00, -8102.00, -99.89, -99.89, 8.00
10.00, -10625.00, -8142.00, -99.89, -99.89, 8.00
10.00, -10669.00, -8183.00, -99.89, -99.89, 8.00
10.00, -10713.00, -8223.00, -99.89, -99.89, 8.00
10.00, -10756.00, -8262.00, -99.89, -99.89, 8.00
10.00, -10797.00, -8302.00, -99.89, -99.89, 8.00
10.00, -10838.00, -8340.00, -99.89, -99.89, 8.00
10.00, -10881.00, -8383.00, -99.89, -99.89, 8.00
10.00, -10925.00, -8426.00, -99.89, -99.89, 8.00
10.00, -10966.00, -8465.00, -99.89, -99.89, 8.00
10.00, -11010.00, -8504.00, -99.89, -99.89, 8.00
10.00, -11050.00, -8542.00, -99.89, -99.89, 8.00
10.00, -11091.00, -8581.00, -99.89, -99.89, 8.00
10.00, -11132.00, -8625.00, -99.89, -99.89, 8.00
10.00, -11177.00, -8665.00, -99.89, -99.89, 8.00
10.00, -11221.00, -8708.00, -99.89, -99.89, 8.00
10.00, -11262.00, -8747.00, -99.89, -99.89, 8.00
10.00, -11302.00, -8785.00, -99.89, -99.89, 8.00
10.00, -11343.00, -8825.00, -99.89, -99.89, 8.00
10.00, -11384.00, -8868.00, -99.89, -99.89, 8.00
10.00, -11428.00, -8908.00, -99.89, -99.89, 8.00
10.00, -11472.00, -8949.00, -99.89, -99.89, 8.00
10.00, -11516.00, -8988.00, -99.89, -99.89, 8.00
10.00, -11557.00, -9026.00, -99.89, -99.89, 8.00
10.00, -11597.00, -9066.00, -99.89, -99.89, 8.00
10.00, -11640.00, -9107.00, -99.89, -99.89, 8.00
10.00, -11683.00, -9147.00, -99.89, -99.89, 8.00
10.00, -11727.00, -9190.00, -99.89, -99.89, 8.00
10.00, -11770.00, -9231.00, -99.89, -99.89, 8.00
10.00, -11811.00, -9269.00, -99.89, -99.89, 8.00
10.00, -11852.00, -9308.00, -99.89, -99.89, 8.00
10.00, -11894.00, -9348.00, -99.89, -99.89, 8.00
10.00, -11937.00, -9390.00, -99.89, -99.89, 8.00
10.00, -11980.00, -9431.00, -99.89, -99.89, 8.00
10.00, -12023.00, -9471.00, -99.89, -99.89, 8.00
10.00, -12065.00, -9511.00, -99.89, -99.89, 8.00
10.00, -12104.00, -9550.00, -99.89, -99.89, 8.00
10.00, -12147.00, -9589.00, -99.89, -99.89, 8.00
10.00, -12189.00, -9630.00, -99.89, -99.89, 8.00
10.00, -12233.00, -9673.00, -99.89, -99.89, 8.00
10.00, -12273.00, -9712.00, -99.89, -99.89, 8.00
10.00, -12315.00, -9752.00, -99.89, -99.89, 8.00
10.00, -12356.00, -9789.00, -99.89, -99.89, 8.00
10.00, -12397.00, -9829.00, -99.89, -99.89, 8.00
10.00, -12439.00, -9869.00, -99.89, -99.89, 8.00
10.00, -12483.00, -9909.00, -99.89, -99.89, 8.00
10.00, -12528.00, -9951.00, -99.89, -99.89, 8.00
10.00, -12572.00, -9991.00, -99.89, -99.89, 8.00
10.00, -12612.00, -10028.00, -99.89, -99.89, 8.00
10.00, -12654.00, -10066.00, -99.89, -99.89, 8.00
10.00, -12697.00, -10106.00, -99.89, -99.89, 8.00
10.00, -12741.00, -10147.00, -99.89, -99.89, 8.00
10.00, -12786.00, -10188.00, -99.89, -99.89, 8.00
10.00, -12829.00, -10227.00, -99.89, -99.89, 8.00
10.00, -12872.00, -10263.00, -99.89, -99.89, 8.00
10.00, -12916.00, -10301.00, -99.89, -99.89, 8.00
10.00, -12960.00, -10341.00, -99.89, -99.89, 8.00
10.00, -13005.00, -10383.00, -99.89, -99.89, 8.00
10.00, -13049.00, -10423.00, -99.89, -99.89, 8.00
10.00, -13091.00, -10463.00, -99.89, -99.89, 8.00
10.00, -13134.00, -10502.00, -99.89, -99.89, 8.00
10.00, -13177.00, -10540.00, -99.89, -99.89, 8.00
10.00, -13220.00, -10577.00, -99.89, -99.89, 8.00
10.00, -13265.00, -10619.00, -99.89, -99.89, 8.00
10.00, -13307.00, -10664.00, -99.89, -99.89, 8.00
10.00, -13350.00, -10702.00, -99.89, -99.89, 8.00
10.00, -13392.00, -10741.00, -99.89, -99.89, 8.00
10.00, -13434.00, -10779.00, -99.89, -99.89, 8.00
10.00, -13477.00, -10819.00, -99.89, -99.89, 8.00
10.00, -13519.00, -10858.00, -99.89, -99.89, 8.00
10.00, -13561.00, -10900.00, -99.89, -99.89, 8.00
10.00, -13602.00, -10944.00, -99.89, -99.89, 8.00
10.00, -13642.00, -10984.00, -99.89, -99.89, 8.00
10.00, -13684.00, -11023.00, -99.89, -99.89, 8.00
10.00, -13726.00, -11061.00, -99.89, -99.89, 8.00
10.00, -13768.00, -11103.00, -99.89, -99.89, 8.00
10.00, -13809.00, -11145.00, -99.89, -99.89, 8.00
10.00, -13851.00, -11189.00, -99.89, -99.89, 8.00
10.00, -13892.00, -11228.00, -99.89, -99.89, 8.00
10.00, -13935.00, -11269.00, -99.89, -99.89, 8.00
10.00, -13979.00, -11309.00, -99.89, -99.89, 8.00
10.00, -14021.00, -11346.00, -99.89, -99.89, 8.00
10.00, -14063.00, -11388.00, -99.89, -99.89, 8.00
10.00, -14104.00, -11430.00, -99.89, -99.89, 8.00
10.00, -14146.00, -11470.00, -99.89, -99.89, 8.00
10.00, -14190.00, -11509.00, -99.89, -99.89, 8.00
10.00, -14233.00, -11549.00, -99.89, -99.89, 8.00
10.00, -14276.00, -11589.00, -99.89, -99.89, 8.00
10.00, -14318.00, -11629.00, -99.89, -99.89, 8.00
10.00, -14360.00, -11669.00, -99.89, -99.89, 8.00
10.00, -14403.00, -11709.00, -99.89, -99.89, 8.00
10.00, -14447.00, -11750.00, -99.89, -99.89, 8.00
10.00, -14489.00, -11790.00, -99.89, -99.89, 8.00
10.00, -14533.00, -11828.00, -99.89, -99.89, 8.00
10.00, -14576.00, -11868.00, -99.89, -99.89, 8.00
10.00, -14617.00, -11908.00, -99.89, -99.89, 8.00
10.00, -14658.00, -11949.00, -99.89, -99.89, 8.00
10.00, -14700.00, -11989.00, -99.89, -99.89, 8.00
10.00, -14745.00, -12029.00, -99.89, -99.89, 8.00
10.00, -14789.00, -12069.00, -99.89, -99.89, 8.00
10.00, -14830.00, -12109.00, -99.89, -99.89, 8.00
10.00, -14871.00, -12147.00, -99.89, -99.89, 8.00
10.00, -14912.00, -12187.00, -99.89, -99.89, 8.00
10.00, -14953.00, -12229.00, -99.89, -99.89, 8.00
10.00, -14997.00, -12272.00, -99.89, -99.89, 8.00
10.00, -15042.00, -12312.00, -99.89, -99.89, 8.00
10.00, -15085.00, -12349.00, -99.89, -99.89, 8.00
10.00, -15126.00, -12390.00, -99.89, -99.89, 8.00
10.00, -15167.00, -12429.00, -99.89, -99.89, 8.00
10.00, -15208.00, -12470.00, -99.89, -99.89, 8.00
10.00, -15253.00, -12513.00, -99.89, -99.89, 8.00
10.00, -15299.00, -12555.00, -99.89, -99.89, 8.00
10.00, -15341.00, -12593.00, -99.89, -99.89, 8.00
10.00, -15384.00, -12631.00, -99.89, -99.89, 8.00
10.00, -15425.00, -12670.00, -99.89, -99.89, 8.00
10.00, -15468.00, -12712.00, -99.89, -99.89, 8.00
10.00, -15511.00, -12753.00, -99.89, -99.89, 8.00
10.00, -15556.00, -12794.00, -99.89, -99.89, 8.00
10.00, -15599.00, -12833.00, -99.89, -99.89, 8.00
10.00, -15641.00, -12871.00, -99.89, -99.89, 8.00
10.00, -15681.00, -12910.00, -99.89, -99.89, 8.00
10.00, -15724.00, -12951.00, -99.89, -99.89, 8.00
10.00, -15768.00, -12994.00, -99.89, -99.89, 8.00
10.00, -15811.00, -13035.00, -99.89, -99.89, 8.00
10.00, -15855.00, -13075.00, -99.89, -99.89, 8.00
10.00, -15898.00, -13114.00, -99.89, -99.89, 8.00
10.00, -15938.00, -13153.00, -99.89, -99.89, 8.00
10.00, -15979.00, -13194.00, -99.89, -99.89, 8.00
10.00, -16021.00, -13236.00, -99.89, -99.89, 8.00
10.00, -16064.00, -13276.00, -99.89, -99.89, 8.00
10.00, -16105.00, -13317.00, -99.89, -99.89, 8.00
10.00, -16146.00, -13358.00, -99.89, -99.89, 8.00
10.00, -16185.00, -13396.00, -99.89, -99.89, 8.00
10.00, -16227.00, -13437.00, -99.89, -99.89, 8.00
10.00, -16270.00, -13481.00, -99.89, -99.89, 8.00
10.00, -16315.00, -13522.00, -99.89, -99.89, 8.00
10.00, -16358.00, -13561.00, -99.89, -99.89, 8.00
10.00, -16401.00, -13601.00, -99.89, -99.89, 8.00
10.00, -16442.00, -13641.00, -99.89, -99.89, 8.00
10.00, -16484.00, -13680.00, -99.89, -99.89, 8.00
10.00, -16530.00, -13721.00, -99.89, -99.89, 8.00
10.00, -16573.00, -13762.00, -99.89, -99.89, 8.00
10.00, -16616.00, -13803.00, -99.89, -99.89, 8.00
10.00, -16661.00, -13842.00, -99.89, -99.89, 8.00
10.00, -16704.00, -13876.00, -99.89, -99.89, 8.00
10.00, -16745.00, -13913.00, -99.89, -99.89, 8.00
10.00, -16774.00, -13961.00, -99.89, -99.89, 8.00
10.00, -16831.00, -13994.00, -99.89, -99.89, 8.00
10.00, -16873.00, -14024.00, -99.89, -99.89, 8.00
10.00, -16904.00, -14063.00, -99.89, -99.89, 8.00
10.00, -16951.00, -14101.00, -99.89, -99.89, 8.00
10.00, -16995.00, -14132.00, -99.89, -99.89, 8.00
10.00, -17035.00, -14174.00, -99.89, -99.89, 8.00
10.00, -17077.00, -14210.00, -99.89, -99.89, 8.00
10.00, -17111.00, -14245.00, -99.89, -99.89, 8.00
10.00, -17150.00, -14280.00, -99.89, -99.89, 8.00
10.00, -17192.00, -14321.00, -99.89, -99.89, 8.00
10.00, -17228.00, -14354.00, -99.89, -99.89, 8.00
10.00, -17268.00, -14387.00, -99.89, -99.89, 8.00
10.00, -17310.00, -14433.00, -99.89, -99.89, 8.00
10.00, -17347.00, -14471.00, -99.89, -99.89, 8.00
10.00, -17384.00, -14504.00, -99.89, -99.89, 8.00
10.00, -17420.00, -14532.00, -99.89, -99.89, 8.00
10.00, -17456.00, -14580.00, -99.89, -99.89, 8.00
10.00, -17498.00, -14612.00, -99.89, -99.89, 8.00
10.00, -17535.00, -14643.00, -99.89, -99.89, 8.00
10.00, -17571.00, -14690.00, -99.89, -99.89, 8.00
10.00, -17612.00, -14723.00, -99.89, -99.89, 8.00
10.00, -17650.00, -14757.00, -99.89, -99.89, 8.00
10.00, -17685.00, -14798.00, -99.89, -99.89, 8.00
10.00, -17721.00, -14829.00, -99.89, -99.89, 8.00
10.00, -17765.00, -14868.00, -99.89, -99.89, 8.00
10.00, -17802.00, -14910.00, -99.89, -99.89, 8.00
10.00, -17840.00, -14945.00, -99.89, -99.89, 8.00
10.00, -17880.00, -14978.00, -99.89, -99.89, 8.00
10.00, -17917.00, -15021.00, -99.89, -99.89, 8.00
10.00, -17953.00, -15054.00, -99.89, -99.89, 8.00
10.00, -17992.00, -15090.00, -99.89, -99.89, 8.00
10.00, -18031.00, -15129.00, -99.89, -99.89, 8.00
10.00, -18071.00, -15164.00, -99.89, -99.89, 8.00
10.00, -18109.00, -15202.00, -99.89, -99.89, 8.00
10.00, -18149.00, -15239.00, -99.89, -99.89, 8.00
