25387.00, 827.00, 2553.00, 100.00, 100.00, 9.00
10.00, 831.00, 2556.00, -100.00, 100.00, 9.00
10.00, 834.00, 2568.00, -100.00, 100.00, 9.00
10.00, 830.00, 2586.00, -100.00, 100.00, 9.00
10.00, 816.00, 2610.00, -100.00, 100.00, 9.00
10.00, 794.00, 2638.00, -100.00, 100.00, 9.00
10.00, 770.00, 2669.00, -100.00, 100.00, 9.00
10.00, 741.00, 2702.00, -100.00, 100.00, 9.00
10.00, 711.00, 2736.00, -100.00, 100.00, 9.00
10.00, 677.00, 2771.00, -100.00, 100.00, 9.00
10.00, 642.00, 2808.00, -100.00, 100.00, 9.00
10.00, 608.00, 2846.00, -100.00, 100.00, 9.00
10.00, 571.00, 2884.00, -100.00, 100.00, 9.00
10.00, 532.00, 2922.00, -100.00, 100.00, 9.00
10.00, 493.00, 2962.00, -100.00, 100.00, 9.00
10.00, 456.00, 3003.00, -100.00, 100.00, 9.00
10.00, 417.00, 3042.00, -100.00, 100.00, 9.00
10.00, 377.00, 3083.00, -100.00, 100.00, 9.00
10.00, 337.00, 3127.00, -100.00, 100.00, 9.00
10.00, 296.00, 3167.00, -100.00, 99.89, 9.00
10.00, 256.00, 3206.00, -100.00, 99.89, 9.00
10.00, 217.00, 3247.00, -100.00, 99.89, 9.00
10.00, 178.00, 3289.00, -100.00, 99.89, 9.00
10.00, 137.00, 3330.00, -100.00, 99.89, 9.00
10.00, 97.00, 3370.00, -100.00, 99.89, 9.00
10.00, 55.00, 3411.00, -100.00, 99.89, 9.00
10.00, 15.00, 3451.00, -100.00, 99.77, 9.00
10.00, -26.00, 3490.00, -100.00, 98.98, 9.00
10.00, -67.00, 3532.00, -99.89, 95.93, 9.00
10.00, -110.00, 3575.00, -99.89, 81.47, 9.00
10.00, -151.00, 3617.00, -99.89, 27.68, 9.00
10.00, -194.00, 3656.00, -99.89, -45.88, 9.00
10.00, -238.00, 3688.00, -99.89, -86.55, 9.00
10.00, -279.00, 3708.00, -99.89, -96.16, 9.00
10.00, -318.00, 3717.00, -99.89, -98.42, 9.00
10.00, -360.00, 3717.00, -99.89, -98.98, 9.00
10.00, -404.00, 3706.00, -99.55, -98.98, 9.00
10.00, -446.00, 3691.00, -98.08, -98.64, 9.00
10.00, -487.00, 3671.00, -89.94, -97.85, 9.00
10.00, -529.00, 3644.00, -58.53, -95.37, 9.00
10.00, -570.00, 3613.00, 12.88, -88.36, 9.00
10.00, -604.00, 3584.00, 74.80, -67.91, 9.00
10.00, -630.00, 3556.00, 93.11, -21.92, 9.00
10.00, -642.00, 3529.00, 97.51, 31.30, 9.00
10.00, -644.00, 3507.00, 98.64, 70.17, 9.00
10.00, -638.00, 3491.00, 98.76, 86.55, 9.00
10.00, -625.00, 3487.00, 98.64, 93.11, 9.00
10.00, -605.00, 3494.00, 97.85, 94.69, 9.00
10.00, -581.00, 3509.00, 95.71, 93.56, 9.00
10.00, -554.00, 3527.00, 89.94, 89.60, 9.00
10.00, -525.00, 3549.00, 75.59, 80.79, 9.00
10.00, -499.00, 3577.00, 39.89, 61.36, 9.00
10.00, -470.00, 3603.00, -10.40, 18.42, 9.00
10.00, -445.00, 3627.00, -58.53, -32.77, 9.00
10.00, -426.00, 3650.00, -83.28, -67.91, 9.00
10.00, -419.00, 3663.00, -91.86, -84.97, 9.00
10.00, -423.00, 3663.00, -94.58, -91.86, 9.00
10.00, -437.00, 3654.00, -94.24, -92.77, 9.00
10.00, -455.00, 3640.00, -90.96, -90.62, 9.00
10.00, -478.00, 3622.00, -83.28, -84.86, 9.00
10.00, -502.00, 3598.00, -64.63, -72.54, 9.00
10.00, -527.00, 3574.00, -30.85, -43.73, 9.00
10.00, -550.00, 3551.00, 18.53, 0.23, 9.00
10.00, -571.00, 3532.00, 57.63, 42.71, 9.00
10.00, -583.00, 3518.00, 79.55, 69.27, 9.00
10.00, -585.00, 3508.00, 87.12, 82.60, 9.00
10.00, -579.00, 3512.00, 89.60, 88.93, 9.00
10.00, -566.00, 3524.00, 87.57, 88.93, 9.00
10.00, -548.00, 3535.00, 81.58, 84.29, 9.00
10.00, -525.00, 3562.00, 65.99, 78.31, 9.00
10.00, -503.00, 3585.00, 38.19, 56.16, 9.00
10.00, -483.00, 3606.00, -4.52, 24.63, 9.00
10.00, -465.00, 3631.00, -42.71, -7.57, 9.00
10.00, -452.00, 3646.00, -67.91, -44.52, 9.00
10.00, -445.00, 3660.00, -80.00, -59.66, 9.00
10.00, -446.00, 3669.00, -85.54, -66.10, 9.00
10.00, -459.00, 3666.00, -85.99, -69.60, 9.00
10.00, -479.00, 3654.00, -80.00, -58.87, 9.00
10.00, -499.00, 3641.00, -62.37, -26.10, 9.00
10.00, -519.00, 3628.00, -32.77, 19.77, 9.00
10.00, -540.00, 3617.00, 4.86, 59.89, 9.00
10.00, -558.00, 3610.00, 42.71, 82.94, 9.00
10.00, -572.00, 3610.00, 67.80, 92.88, 9.00
10.00, -574.00, 3624.00, 80.45, 96.38, 9.00
10.00, -568.00, 3637.00, 83.50, 97.29, 9.00
10.00, -555.00, 3664.00, 80.79, 98.31, 9.00
10.00, -538.00, 3685.00, 70.51, 98.42, 9.00
10.00, -521.00, 3717.00, 50.28, 98.53, 9.00
10.00, -499.00, 3745.00, 22.03, 98.53, 9.00
10.00, -482.00, 3774.00, -22.26, 98.31, 9.00
10.00, -468.00, 3810.00, -55.37, 98.31, 9.00
10.00, -457.00, 3842.00, -73.22, 97.63, 9.00
10.00, -455.00, 3879.00, -83.73, 96.95, 9.00
10.00, -466.00, 3920.00, -87.80, 95.71, 9.00
10.00, -483.00, 3958.00, -86.55, 91.75, 9.00
10.00, -501.00, 3993.00, -79.66, 84.07, 9.00
10.00, -523.00, 4029.00, -71.19, 70.85, 9.00
10.00, -548.00, 4066.00, -54.46, 45.31, 9.00
10.00, -572.00, 4102.00, -32.99, 4.97, 9.00
10.00, -596.00, 4137.00, -9.04, -41.92, 9.00
10.00, -616.00, 4158.00, 7.01, -75.37, 9.00
10.00, -633.00, 4171.00, 19.77, -87.68, 9.00
10.00, -643.00, 4174.00, 24.07, -92.66, 9.00
10.00, -649.00, 4168.00, 12.54, -94.35, 9.00
10.00, -651.00, 4154.00, -8.25, -94.35, 9.00
10.00, -652.00, 4137.00, -36.05, -92.88, 9.00
10.00, -655.00, 4114.00, -62.71, -89.49, 9.00
10.00, -662.00, 4088.00, -79.21, -82.15, 9.00
10.00, -674.00, 4062.00, -87.68, -66.10, 9.00
10.00, -692.00, 4034.00, -91.53, -36.72, 9.00
10.00, -714.00, 4008.00, -93.56, 7.34, 9.00
10.00, -740.00, 3984.00, -94.24, 49.38, 9.00
10.00, -768.00, 3965.00, -93.90, 75.82, 9.00
10.00, -797.00, 3960.00, -93.11, 88.02, 9.00
10.00, -828.00, 3963.00, -91.41, 92.32, 9.00
10.00, -862.00, 3974.00, -88.36, 93.56, 9.00
10.00, -896.00, 3991.00, -81.92, 93.22, 9.00
10.00, -929.00, 4012.00, -69.83, 91.19, 9.00
10.00, -962.00, 4037.00, -48.14, 86.89, 9.00
10.00, -993.00, 4065.00, -20.56, 79.21, 9.00
10.00, -1022.00, 4093.00, 17.06, 65.76, 9.00
10.00, -1044.00, 4123.00, 45.54, 46.78, 9.00
10.00, -1058.00, 4153.00, 64.52, 21.47, 9.00
10.00, -1064.00, 4177.00, 74.24, -4.86, 9.00
10.00, -1063.00, 4196.00, 77.63, -23.73, 9.00
10.00, -1054.00, 4210.00, 77.18, -34.12, 9.00
10.00, -1040.00, 4219.00, 73.56, -40.11, 9.00
10.00, -1024.00, 4223.00, 66.21, -42.26, 9.00
10.00, -1003.00, 4221.00, 57.74, -41.69, 9.00
10.00, -983.00, 4215.00, 46.44, -40.23, 9.00
10.00, -962.00, 4207.00, 35.37, -38.76, 9.00
10.00, -942.00, 4196.00, 26.21, -38.19, 9.00
10.00, -926.00, 4185.00, 19.32, -38.64, 9.00
10.00, -910.00, 4173.00, 15.25, -40.90, 9.00
10.00, -896.00, 4161.00, 13.67, -43.95, 9.00
10.00, -884.00, 4148.00, 13.56, -47.68, 9.00
10.00, -873.00, 4134.00, 14.46, -52.09, 9.00
10.00, -863.00, 4118.00, 16.05, -56.72, 9.00
10.00, -855.00, 4100.00, 17.51, -62.49, 9.00
10.00, -846.00, 4082.00, 18.76, -68.02, 9.00
10.00, -839.00, 4062.00, 19.66, -73.67, 9.00
10.00, -831.00, 4039.00, 19.77, -78.19, 9.00
10.00, -823.00, 4016.00, 20.45, -82.71, 9.00
10.00, -816.00, 3990.00, 20.23, -86.33, 9.00
10.00, -809.00, 3964.00, 20.45, -89.60, 9.00
10.00, -801.00, 3935.00, 19.77, -91.98, 9.00
10.00, -794.00, 3905.00, 19.77, -93.79, 9.00
10.00, -787.00, 3873.00, 19.55, -95.25, 9.00
10.00, -780.00, 3839.00, 18.31, -96.50, 9.00
10.00, -773.00, 3806.00, 16.95, -97.40, 9.00
10.00, -766.00, 3773.00, 15.48, -97.97, 9.00
10.00, -759.00, 3736.00, 14.01, -98.42, 9.00
10.00, -753.00, 3700.00, 12.54, -98.76, 9.00
10.00, -747.00, 3662.00, 10.06, -99.10, 9.00
10.00, -741.00, 3624.00, 7.57, -99.32, 9.00
10.00, -737.00, 3587.00, 5.31, -99.44, 9.00
10.00, -734.00, 3550.00, 0.79, -99.66, 9.00
10.00, -730.00, 3516.00, -3.39, -99.66, 9.00
10.00, -728.00, 3478.00, -8.59, -99.77, 9.00
10.00, -727.00, 3438.00, -13.56, -99.89, 9.00
10.00, -727.00, 3398.00, -20.45, -99.89, 9.00
10.00, -729.00, 3361.00, -28.02, -99.89, 9.00
10.00, -734.00, 3323.00, -37.18, -99.89, 9.00
10.00, -739.00, 3287.00, -46.33, -99.89, 9.00
10.00, -747.00, 3249.00, -56.84, -99.89, 9.00
10.00, -759.00, 3208.00, -66.21, -99.89, 9.00
10.00, -773.00, 3169.00, -75.93, -99.89, 9.00
10.00, -790.00, 3129.00, -84.07, -99.89, 9.00
10.00, -812.00, 3087.00, -89.94, -99.89, 9.00
10.00, -836.00, 3047.00, -94.24, -99.89, 9.00
10.00, -862.00, 3010.00, -96.84, -99.89, 9.00
10.00, -892.00, 2972.00, -98.42, -99.89, 9.00
10.00, -924.00, 2932.00, -99.10, -99.89, 9.00
10.00, -955.00, 2889.00, -99.55, -99.89, 9.00
10.00, -990.00, 2849.00, -99.77, -99.89, 9.00
10.00, -1026.00, 2811.00, -99.89, -99.89, 9.00
10.00, -1061.00, 2771.00, -99.89, -99.89, 9.00
10.00, -1096.00, 2733.00, -99.89, -99.89, 9.00
10.00, -1133.00, 2694.00, -99.89, -99.89, 9.00
10.00, -1172.00, 2652.00, -99.89, -99.89, 9.00
10.00, -1210.00, 2610.00, -99.89, -99.89, 9.00
10.00, -1250.00, 2571.00, -99.89, -99.89, 9.00
10.00, -1291.00, 2530.00, -99.89, -99.89, 9.00
10.00, -1329.00, 2493.00, -99.89, -99.89, 9.00
10.00, -1368.00, 2453.00, -99.89, -99.89, 9.00
10.00, -1408.00, 2413.00, -99.89, -99.89, 9.00
10.00, -1450.00, 2371.00, -99.89, -99.89, 9.00
10.00, -1492.00, 2330.00, -99.89, -99.89, 9.00
10.00, -1533.00, 2290.00, -99.89, -99.89, 9.00
10.00, -1573.00, 2253.00, -99.89, -99.89, 9.00
10.00, -1611.00, 2215.00, -99.89, -99.89, 9.00
10.00, -1652.00, 2174.00, -99.89, -99.89, 9.00
10.00, -1695.00, 2133.00, -99.89, -99.89, 9.00
10.00, -1739.00, 2092.00, -99.89, -99.89, 9.00
10.00, -1780.00, 2052.00, -99.89, -99.89, 9.00
10.00, -1822.00, 2014.00, -99.89, -99.89, 9.00
10.00, -1862.00, 1978.00, -99.89, -99.89, 9.00
10.00, -1903.00, 1937.00, -99.89, -99.89, 9.00
10.00, -1945.00, 1896.00, -99.89, -99.89, 9.00
10.00, -1987.00, 1855.00, -99.89, -99.89, 9.00
10.00, -2030.00, 1814.00, -99.89, -99.89, 9.00
10.00, -2072.00, 1773.00, -99.89, -99.89, 9.00
10.00, -2113.00, 1738.00, -99.89, -99.89, 9.00
10.00, -2156.00, 1700.00, -99.89, -99.89, 9.00
10.00, -2198.00, 1657.00, -99.89, -99.89, 9.00
10.00, -2240.00, 1613.00, -99.89, -99.89, 9.00
10.00, -2283.00, 1573.00, -99.89, -99.89, 9.00
10.00, -2324.00, 1532.00, -99.89, -99.89, 9.00
10.00, -2363.00, 1494.00, -99.89, -99.89, 9.00
10.00, -2402.00, 1456.00, -99.89, -99.89, 9.00
10.00, -2445.00, 1416.00, -99.89, -99.89, 9.00
10.00, -2489.00, 1374.00, -99.89, -99.89, 9.00
10.00, -2531.00, 1330.00, -99.89, -99.89, 9.00
10.00, -2573.00, 1285.00, -99.89, -99.89, 9.00
10.00, -2614.00, 1248.00, -99.89, -99.89, 9.00
10.00, -2655.00, 1210.00, -99.89, -99.89, 9.00
10.00, -2697.00, 1169.00, -99.89, -99.89, 9.00
10.00, -2740.00, 1126.00, -99.89, -99.89, 9.00
10.00, -2782.00, 1083.00, -99.89, -99.89, 9.00
10.00, -2826.00, 1041.00, -99.89, -99.89, 9.00
10.00, -2867.00, 999.00, -99.89, -99.89, 9.00
10.00, -2908.00, 963.00, -99.89, -99.89, 9.00
10.00, -2949.00, 923.00, -99.89, -99.89, 9.00
10.00, -2994.00, 882.00, -99.89, -99.89, 9.00
10.00, -3038.00, 840.00, -99.89, -99.89, 9.00
10.00, -3081.00, 799.00, -99.89, -99.89, 9.00
10.00, -3123.00, 759.00, -99.89, -99.89, 9.00
10.00, -3164.00, 720.00, -99.89, -99.89, 9.00
10.00, -3205.00, 680.00, -99.89, -99.89, 9.00
10.00, -3248.00, 640.00, -99.89, -99.89, 9.00
10.00, -3292.00, 599.00, -99.89, -99.89, 9.00
10.00, -3334.00, 558.00, -99.89, -99.89, 9.00
10.00, -3375.00, 518.00, -99.89, -99.89, 9.00
10.00, -3415.00, 479.00, -99.89, -99.89, 9.00
10.00, -3458.00, 440.00, -99.89, -99.89, 9.00
10.00, -3501.00, 401.00, -99.89, -99.89, 9.00
10.00, -3542.00, 359.00, -99.89, -99.89, 9.00
10.00, -3585.00, 317.00, -99.89, -99.89, 9.00
10.00, -3624.00, 277.00, -99.89, -99.89, 9.00
10.00, -3664.00, 237.00, -99.89, -99.89, 9.00
10.00, -3704.00, 199.00, -99.89, -99.89, 9.00
10.00, -3745.00, 160.00, -99.89, -99.89, 9.00
10.00, -3788.00, 120.00, -99.89, -99.89, 9.00
10.00, -3829.00, 76.00, -99.89, -99.89, 9.00
10.00, -3869.00, 33.00, -99.89, -99.89, 9.00
10.00, -3909.00, -7.00, -99.89, -99.89, 9.00
10.00, -3951.00, -43.00, -99.89, -99.89, 9.00
10.00, -3993.00, -82.00, -99.89, -99.89, 9.00
10.00, -4037.00, -123.00, -99.89, -99.89, 9.00
10.00, -4079.00, -165.00, -99.89, -99.89, 9.00
10.00, -4122.00, -209.00, -99.89, -99.89, 9.00
10.00, -4163.00, -250.00, -99.89, -99.89, 9.00
10.00, -4206.00, -287.00, -99.89, -99.89, 9.00
10.00, -4249.00, -325.00, -99.89, -99.89, 9.00
10.00, -4293.00, -364.00, -99.89, -99.89, 9.00
10.00, -4336.00, -406.00, -99.89, -99.89, 9.00
10.00, -4379.00, -450.00, -99.89, -99.89, 9.00
10.00, -4421.00, -490.00, -99.89, -99.89, 9.00
10.00, -4464.00, -527.00, -99.89, -99.89, 9.00
10.00, -4508.00, -565.00, -99.89, -99.89, 9.00
10.00, -4552.00, -605.00, -99.89, -99.89, 9.00
10.00, -4595.00, -646.00, -99.89, -99.89, 9.00
10.00, -4637.00, -689.00, -99.89, -99.89, 9.00
10.00, -4680.00, -729.00, -99.89, -99.89, 9.00
10.00, -4724.00, -770.00, -99.89, -99.89, 9.00
10.00, -4765.00, -809.00, -99.89, -99.89, 9.00
10.00, -4808.00, -848.00, -99.89, -99.89, 9.00
10.00, -4850.00, -890.00, -99.89, -99.89, 9.00
10.00, -4891.00, -933.00, -99.89, -99.89, 9.00
10.00, -4932.00, -972.00, -99.89, -99.89, 9.00
10.00, -4974.00, -1014.00, -99.89, -99.89, 9.00
10.00, -5017.00, -1055.00, -99.89, -99.89, 9.00
10.00, -5058.00, -1093.00, -99.89, -99.89, 9.00
10.00, -5100.00, -1134.00, -99.89, -99.89, 9.00
10.00, -5142.00, -1177.00, -99.89, -99.89, 9.00
10.00, -5182.00, -1219.00, -99.89, -99.89, 9.00
10.00, -5222.00, -1259.00, -99.89, -99.89, 9.00
10.00, -5265.00, -1299.00, -99.89, -99.89, 9.00
10.00, -5308.00, -1339.00, -99.89, -99.89, 9.00
10.00, -5349.00, -1379.00, -99.89, -99.89, 9.00
10.00, -5391.00, -1419.00, -99.89, -99.89, 9.00
10.00, -5433.00, -1462.00, -99.89, -99.89, 9.00
10.00, -5474.00, -1502.00, -99.89, -99.89, 9.00
10.00, -5519.00, -1542.00, -99.89, -99.89, 9.00
10.00, -5561.00, -1581.00, -99.89, -99.89, 9.00
10.00, -5602.00, -1620.00, -99.89, -99.89, 9.00
10.00, -5644.00, -1661.00, -99.89, -99.89, 9.00
10.00, -5685.00, -1703.00, -99.89, -99.89, 9.00
10.00, -5726.00, -1742.00, -99.89, -99.89, 9.00
10.00, -5768.00, -1780.00, -99.89, -99.89, 9.00
10.00, -5811.00, -1819.00, -99.89, -99.89, 9.00
10.00, -5853.00, -1856.00, -99.89, -99.89, 9.00
10.00, -5894.00, -1898.00, -99.89, -99.89, 9.00
10.00, -5935.00, -1937.00, -99.89, -99.89, 9.00
10.00, -5977.00, -1977.00, -99.89, -99.89, 9.00
10.00, -6019.00, -2019.00, -99.89, -99.89, 9.00
10.00, -6061.00, -2059.00, -99.89, -99.89, 9.00
10.00, -6104.00, -2096.00, -99.89, -99.89, 9.00
10.00, -6144.00, -2136.00, -99.89, -99.89, 9.00
10.00, -6183.00, -2177.00, -99.89, -99.89, 9.00
10.00, -6222.00, -2218.00, -99.89, -99.89, 9.00
10.00, -6265.00, -2257.00, -99.89, -99.89, 9.00
10.00, -6308.00, -2298.00, -99.89, -99.89, 9.00
10.00, -6350.00, -2337.00, -99.89, -99.89, 9.00
10.00, -6391.00, -2373.00, -99.89, -99.89, 9.00
10.00, -6431.00, -2413.00, -99.89, -99.89, 9.00
10.00, -6472.00, -2455.00, -99.89, -99.89, 9.00
10.00, -6514.00, -2499.00, -99.89, -99.89, 9.00
10.00, -6559.00, -2540.00, -99.89, -99.89, 9.00
10.00, -6602.00, -2579.00, -99.89, -99.89, 9.00
10.00, -6645.00, -2619.00, -99.89, -99.89, 9.00
10.00, -6684.00, -2659.00, -99.89, -99.89, 9.00
10.00, -6724.00, -2700.00, -99.89, -99.89, 9.00
10.00, -6767.00, -2742.00, -99.89, -99.89, 9.00
10.00, -6812.00, -2783.00, -99.89, -99.89, 9.00
10.00, -6856.00, -2825.00, -99.89, -99.89, 9.00
10.00, -6899.00, -2863.00, -99.89, -99.89, 9.00
10.00, -6941.00, -2904.00, -99.89, -99.89, 9.00
10.00, -6983.00, -2945.00, -99.89, -99.89, 9.00
10.00, -7024.00, -2987.00, -99.89, -99.89, 9.00
10.00, -7068.00, -3028.00, -99.89, -99.89, 9.00
10.00, -7112.00, -3068.00, -99.89, -99.89, 9.00
10.00, -7153.00, -3108.00, -99.89, -99.89, 9.00
10.00, -7195.00, -3149.00, -99.89, -99.89, 9.00
10.00, -7234.00, -3187.00, -99.89, -99.89, 9.00
10.00, -7277.00, -3228.00, -99.89, -99.89, 9.00
10.00, -7320.00, -3270.00, -99.89, -99.89, 9.00
10.00, -7362.00, -3312.00, -99.89, -99.89, 9.00
10.00, -7404.00, -3351.00, -99.89, -99.89, 9.00
10.00, -7444.00, -3391.00, -99.89, -99.89, 9.00
10.00, -7483.00, -3430.00, -99.89, -99.89, 9.00
10.00, -7523.00, -3472.00, -99.89, -99.89, 9.00
10.00, -7566.00, -3512.00, -99.89, -99.89, 9.00
10.00, -7607.00, -3553.00, -99.89, -99.89, 9.00
10.00, -7649.00, -3596.00, -99.89, -99.89, 9.00
10.00, -7692.00, -3636.00, -99.89, -99.89, 9.00
10.00, -7731.00, -3674.00, -99.89, -99.89, 9.00
10.00, -7771.00, -3714.00, -99.89, -99.89, 9.00
10.00, -7812.00, -3756.00, -99.89, -99.89, 9.00
10.00, -7854.00, -3798.00, -99.89, -99.89, 9.00
10.00, -7899.00, -3837.00, -99.89, -99.89, 9.00
10.00, -7943.00, -3877.00, -99.89, -99.89, 9.00
10.00, -7981.00, -3916.00, -99.89, -99.89, 9.00
10.00, -8020.00, -3955.00, -99.89, -99.89, 9.00
10.00, -8063.00, -3995.00, -99.89, -99.89, 9.00
10.00, -8108.00, -4037.00, -99.89, -99.89, 9.00
10.00, -8152.00, -4081.00, -99.89, -99.89, 9.00
10.00, -8194.00, -4124.00, -99.89, -99.89, 9.00
10.00, -8236.00, -4160.00, -99.89, -99.89, 9.00
10.00, -8277.00, -4196.00, -99.89, -99.89, 9.00
10.00, -8321.00, -4236.00, -99.89, -99.89, 9.00
10.00, -8365.00, -4277.00, -99.89, -99.89, 9.00
10.00, -8408.00, -4318.00, -99.89, -99.89, 9.00
10.00, -8452.00, -4361.00, -99.89, -99.89, 9.00
10.00, -8494.00, -4399.00, -99.89, -99.89, 9.00
10.00, -8535.00, -4434.00, -99.89, -99.89, 9.00
10.00, -8577.00, -4474.00, -99.89, -99.89, 9.00
10.00, -8621.00, -4517.00, -99.89, -99.89, 9.00
10.00, -8665.00, -4559.00, -99.89, -99.89, 9.00
10.00, -8707.00, -4601.00, -99.89, -99.89, 9.00
10.00, -8749.00, -4639.00, -99.89, -99.89, 9.00
10.00, -8790.00, -4675.00, -99.89, -99.89, 9.00
10.00, -8832.00, -4717.00, -99.89, -99.89, 9.00
10.00, -8874.00, -4759.00, -99.89, -99.89, 9.00
10.00, -8917.00, -4801.00, -99.89, -99.89, 9.00
10.00, -8960.00, -4843.00, -99.89, -99.89, 9.00
10.00, -9001.00, -4885.00, -99.89, -99.89, 9.00
10.00, -9042.00, -4922.00, -99.89, -99.89, 9.00
10.00, -9083.00, -4962.00, -99.89, -99.89, 9.00
10.00, -9126.00, -5004.00, -99.89, -99.89, 9.00
10.00, -9170.00, -5048.00, -99.89, -99.89, 9.00
10.00, -9213.00, -5089.00, -99.89, -99.89, 9.00
10.00, -9256.00, -5130.00, -99.89, -99.89, 9.00
10.00, -9297.00, -5169.00, -99.89, -99.89, 9.00
10.00, -9339.00, -5208.00, -99.89, -99.89, 9.00
10.00, -9383.00, -5249.00, -99.89, -99.89, 9.00
10.00, -9426.00, -5292.00, -99.89, -99.89, 9.00
10.00, -9468.00, -5334.00, -99.89, -99.89, 9.00
10.00, -9512.00, -5375.00, -99.89, -99.89, 9.00
10.00, -9553.00, -5414.00, -99.89, -99.89, 9.00
10.00, -9594.00, -5453.00, -99.89, -99.89, 9.00
10.00, -9638.00, -5493.00, -99.89, -99.89, 9.00
10.00, -9680.00, -5535.00, -99.89, -99.89, 9.00
10.00, -9722.00, -5575.00, -99.89, -99.89, 9.00
10.00, -9764.00, -5614.00, -99.89, -99.89, 9.00
10.00, -9805.00, -5653.00, -99.89, -99.89, 9.00
10.00, -9846.00, -5692.00, -99.89, -99.89, 9.00
10.00, -9888.00, -5731.00, -99.89, -99.89, 9.00
10.00, -9931.00, -5771.00, -99.89, -99.89, 9.00
10.00, -9972.00, -5814.00, -99.89, -99.89, 9.00
10.00, -10012.00, -5854.00, -99.89, -99.89, 9.00
10.00, -10051.00, -5892.00, -99.89, -99.89, 9.00
10.00, -10093.00, -5930.00, -99.89, -99.89, 9.00
10.00, -10133.00, -5970.00, -99.89, -99.89, 9.00
10.00, -10175.00, -6010.00, -99.89, -99.89, 9.00
10.00, -10219.00, -6051.00, -99.89, -99.89, 9.00
10.00, -10262.00, -6091.00, -99.89, -99.89, 9.00
10.00, -10303.00, -6132.00, -99.89, -99.89, 9.00
10.00, -10343.00, -6169.00, -99.89, -99.89, 9.00
10.00, -10385.00, -6206.00, -99.89, -99.89, 9.00
10.00, -10430.00, -6246.00, -99.89, -99.89, 9.00
10.00, -10473.00, -6290.00, -99.89, -99.89, 9.00
10.00, -10514.00, -6332.00, -99.89, -99.89, 9.00
10.00, -10555.00, -6371.00, -99.89, -99.89, 9.00
10.00, -10598.00, -6409.00, -99.89, -99.89, 9.00
10.00, -10641.00, -6448.00, -99.89, -99.89, 9.00
10.00, -10686.00, -6486.00, -99.89, -99.89, 9.00
10.00, -10729.00, -6528.00, -99.89, -99.89, 9.00
10.00, -10771.00, -6573.00, -99.89, -99.89, 9.00
10.00, -10813.00, -6613.00, -99.89, -99.89, 9.00
10.00, -10856.00, -6652.00, -99.89, -99.89, 9.00
10.00, -10900.00, -6692.00, -99.89, -99.89, 9.00
10.00, -10941.00, -6730.00, -99.89, -99.89, 9.00
10.00, -10985.00, -6771.00, -99.89, -99.89, 9.00
10.00, -11028.00, -6814.00, -99.89, -99.89, 9.00
10.00, -11070.00, -6854.00, -99.89, -99.89, 9.00
10.00, -11111.00, -6894.00, -99.89, -99.89, 9.00
10.00, -11154.00, -6936.00, -99.89, -99.89, 9.00
10.00, -11197.00, -6974.00, -99.89, -99.89, 9.00
10.00, -11238.00, -7014.00, -99.89, -99.89, 9.00
10.00, -11280.00, -7056.00, -99.89, -99.89, 9.00
10.00, -11319.00, -7099.00, -99.89, -99.89, 9.00
10.00, -11360.00, -7139.00, -99.89, -99.89, 9.00
10.00, -11404.00, -7179.00, -99.89, -99.89, 9.00
10.00, -11446.00, -7217.00, -99.89, -99.89, 9.00
10.00, -11487.00, -7259.00, -99.89, -99.89, 9.00
10.00, -11529.00, -7300.00, -99.89, -99.89, 9.00
10.00, -11569.00, -7340.00, -99.89, -99.89, 9.00
10.00, -11610.00, -7382.00, -99.89, -99.89, 9.00
10.00, -11653.00, -7424.00, -99.89, -99.89, 9.00
10.00, -11696.00, -7464.00, -99.89, -99.89, 9.00
10.00, -11739.00, -7503.00, -99.89, -99.89, 9.00
10.00, -11782.00, -7545.00, -99.89, -99.89, 9.00
10.00, -11821.00, -7588.00, -99.89, -99.89, 9.00
10.00, -11862.00, -7628.00, -99.89, -99.89, 9.00
10.00, -11906.00, -7669.00, -99.89, -99.89, 9.00
10.00, -11950.00, -7709.00, -99.89, -99.89, 9.00
10.00, -11992.00, -7748.00, -99.89, -99.89, 9.00
10.00, -12033.00, -7788.00, -99.89, -99.89, 9.00
10.00, -12074.00, -7832.00, -99.89, -99.89, 9.00
10.00, -12114.00, -7872.00, -99.89, -99.89, 9.00
10.00, -12159.00, -7913.00, -99.89, -99.89, 9.00
10.00, -12205.00, -7954.00, -99.89, -99.89, 9.00
10.00, -12245.00, -7991.00, -99.89, -99.89, 9.00
10.00, -12287.00, -8031.00, -99.89, -99.89, 9.00
10.00, -12330.00, -8070.00, -99.89, -99.89, 9.00
10.00, -12371.00, -8110.00, -99.89, -99.89, 9.00
10.00, -12413.00, -8150.00, -99.89, -99.89, 9.00
10.00, -12458.00, -8191.00, -99.89, -99.89, 9.00
10.00, -12499.00, -8229.00, -99.89, -99.89, 9.00
10.00, -12541.00, -8269.00, -99.89, -99.89, 9.00
10.00, -12582.00, -8310.00, -99.89, -99.89, 9.00
10.00, -12622.00, -8349.00, -99.89, -99.89, 9.00
10.00, -12664.00, -8391.00, -99.89, -99.89, 9.00
10.00, -12708.00, -8433.00, -99.89, -99.89, 9.00
10.00, -12753.00, -8472.00, -99.89, -99.89, 9.00
10.00, -12795.00, -8512.00, -99.89, -99.89, 9.00
10.00, -12836.00, -8551.00, -99.89, -99.89, 9.00
10.00, -12877.00, -8589.00, -99.89, -99.89, 9.00
10.00, -12920.00, -8632.00, -99.89, -99.89, 9.00
10.00, -12963.00, -8674.00, -99.89, -99.89, 9.00
10.00, -13007.00, -8715.00, -99.89, -99.89, 9.00
10.00, -13050.00, -8753.00, -99.89, -99.89, 9.00
10.00, -13091.00, -8794.00, -99.89, -99.89, 9.00
10.00, -13133.00, -8837.00, -99.89, -99.89, 9.00
10.00, -13177.00, -8878.00, -99.89, -99.89, 9.00
10.00, -13219.00, -8917.00, -99.89, -99.89, 9.00
10.00, -13264.00, -8961.00, -99.89, -99.89, 9.00
10.00, -13309.00, -9001.00, -99.89, -99.89, 9.00
10.00, -13350.00, -9039.00, -99.89, -99.89, 9.00
10.00, -13390.00, -9080.00, -99.89, -99.89, 9.00
10.00, -13431.00, -9122.00, -99.89, -99.89, 9.00
10.00, -13476.00, -9165.00, -99.89, -99.89, 9.00
10.00, -13519.00, -9207.00, -99.89, -99.89, 9.00
10.00, -13561.00, -9247.00, -99.89, -99.89, 9.00
10.00, -13604.00, -9286.00, -99.89, -99.89, 9.00
10.00, -13645.00, -9325.00, -99.89, -99.89, 9.00
10.00, -13686.00, -9367.00, -99.89, -99.89, 9.00
10.00, -13728.00, -9408.00, -99.89, -99.89, 9.00
10.00, -13771.00, -9448.00, -99.89, -99.89, 9.00
10.00, -13811.00, -9488.00, -99.89, -99.89, 9.00
10.00, -13851.00, -9529.00, -99.89, -99.89, 9.00
10.00, -13890.00, -9567.00, -99.89, -99.89, 9.00
10.00, -13930.00, -9607.00, -99.89, -99.89, 9.00
10.00, -13972.00, -9650.00, -99.89, -99.89, 9.00
10.00, -14016.00, -9690.00, -99.89, -99.89, 9.00
10.00, -14059.00, -9730.00, -99.89, -99.89, 9.00
10.00, -14101.00, -9770.00, -99.89, -99.89, 9.00
10.00, -14139.00, -9810.00, -99.89, -99.89, 9.00
10.00, -14181.00, -9849.00, -99.89, -99.89, 9.00
10.00, -14223.00, -9891.00, -99.89, -99.89, 9.00
10.00, -14267.00, -9931.00, -99.89, -99.89, 9.00
10.00, -14310.00, -9972.00, -99.89, -99.89, 9.00
10.00, -14352.00, -10010.00, -99.89, -99.89, 9.00
10.00, -14392.00, -10047.00, -99.89, -99.89, 9.00
10.00, -14434.00, -10088.00, -99.89, -99.89, 9.00
10.00, -14478.00, -10129.00, -99.89, -99.89, 9.00
10.00, -14522.00, -10170.00, -99.89, -99.89, 9.00
10.00, -14565.00, -10212.00, -99.89, -99.89, 9.00
10.00, -14607.00, -10253.00, -99.89, -99.89, 9.00
10.00, -14649.00, -10289.00, -99.89, -99.89, 9.00
10.00, -14690.00, -10327.00, -99.89, -99.89, 9.00
10.00, -14734.00, -10369.00, -99.89, -99.89, 9.00
10.00, -14778.00, -10412.00, -99.89, -99.89, 9.00
10.00, -14821.00, -10453.00, -99.89, -99.89, 9.00
10.00, -14863.00, -10494.00, -99.89, -99.89, 9.00
10.00, -14905.00, -10530.00, -99.89, -99.89, 9.00
10.00, -14946.00, -10567.00, -99.89, -99.89, 9.00
10.00, -14989.00, -10608.00, -99.89, -99.89, 9.00
10.00, -15032.00, -10648.00, -99.89, -99.89, 9.00
10.00, -15075.00, -10692.00, -99.89, -99.89, 9.00
10.00, -15118.00, -10735.00, -99.89, -99.89, 9.00
10.00, -15158.00, -10772.00, -99.89, -99.89, 9.00
10.00, -15197.00, -10809.00, -99.89, -99.89, 9.00
10.00, -15239.00, -10849.00, -99.89, -99.89, 9.00
10.00, -15283.00, -10890.00, -99.89, -99.89, 9.00
10.00, -15326.00, -10934.00, -99.89, -99.89, 9.00
10.00, -15369.00, -10975.00, -99.89, -99.89, 9.00
10.00, -15410.00, -11016.00, -99.89, -99.89, 9.00
10.00, -15451.00, -11053.00, -99.89, -99.89, 9.00
10.00, -15493.00, -11093.00, -99.89, -99.89, 9.00
10.00, -15536.00, -11134.00, -99.89, -99.89, 9.00
10.00, -15580.00, -11177.00, -99.89, -99.89, 9.00
10.00, -15623.00, -11220.00, -99.89, -99.89, 9.00
10.00, -15664.00, -11261.00, -99.89, -99.89, 9.00
10.00, -15705.00, -11298.00, -99.89, -99.89, 9.00
10.00, -15748.00, -11338.00, -99.89, -99.89, 9.00
10.00, -15791.00, -11379.00, -99.89, -99.89, 9.00
10.00, -15834.00, -11421.00, -99.89, -99.89, 9.00
10.00, -15879.00, -11463.00, -99.89, -99.89, 9.00
10.00, -15920.00, -11504.00, -99.89, -99.89, 9.00
10.00, -15961.00, -11545.00, -99.89, -99.89, 9.00
10.00, -16004.00, -11583.00, -99.89, -99.89, 9.00
10.00, -16046.00, -11623.00, -99.89, -99.89, 9.00
10.00, -16089.00, -11665.00, -99.89, -99.89, 9.00
10.00, -16131.00, -11710.00, -99.89, -99.89, 9.00
10.00, -16173.00, -11750.00, -99.89, -99.89, 9.00
10.00, -16214.00, -11789.00, -99.89, -99.89, 9.00
10.00, -16256.00, -11826.00, -99.89, -99.89, 9.00
10.00, -16300.00, -11866.00, -99.89, -99.89, 9.00
10.00, -16341.00, -11905.00, -99.89, -99.89, 9.00
10.00, -16382.00, -11947.00, -99.89, -99.89, 9.00
10.00, -16423.00, -11988.00, -99.89, -99.89, 9.00
10.00, -16465.00, -12026.00, -99.89, -99.89, 9.00
10.00, -16508.00, -12064.00, -99.89, -99.89, 9.00
10.00, -16552.00, -12103.00, -99.89, -99.89, 9.00
10.00, -16593.00, -12143.00, -99.89, -99.89, 9.00
10.00, -16637.00, -12185.00, -99.89, -99.89, 9.00
10.00, -16678.00, -12226.00, -99.89, -99.89, 9.00
10.00, -16719.00, -12265.00, -99.89, -99.89, 9.00
10.00, -16762.00, -12304.00, -99.89, -99.89, 9.00
10.00, -16806.00, -12343.00, -99.89, -99.89, 9.00
10.00, -16850.00, -12383.00, -99.89, -99.89, 9.00
10.00, -16894.00, -12424.00, -99.89, -99.89, 9.00
10.00, -16937.00, -12465.00, -99.89, -99.89, 9.00
10.00, -16980.00, -12506.00, -99.89, -99.89, 9.00
10.00, -17025.00, -12547.00, -99.89, -99.89, 9.00
10.00, -17068.00, -12586.00, -99.89, -99.89, 9.00
10.00, -17111.00, -12626.00, -99.89, -99.89, 9.00
10.00, -17155.00, -12667.00, -99.89, -99.89, 9.00
10.00, -17196.00, -12709.00, -99.89, -99.89, 9.00
10.00, -17239.00, -12749.00, -99.89, -99.89, 9.00
10.00, -17283.00, -12791.00, -99.89, -99.89, 9.00
10.00, -17326.00, -12830.00, -99.89, -99.89, 9.00
10.00, -17370.00, -12869.00, -99.89, -99.89, 9.00
10.00, -17413.00, -12911.00, -99.89, -99.89, 9.00
11.00, -17456.00, -12953.00, -99.89, -99.89, 9.00
10.00, -17496.00, -12995.00, -99.89, -99.89, 9.00
10.00, -17538.00, -13037.00, -99.89, -99.89, 9.00
10.00, -17581.00, -13078.00, -99.89, -99.89, 9.00
10.00, -17622.00, -13117.00, -99.89, -99.89, 9.00
10.00, -17663.00, -13157.00, -99.89, -99.89, 9.00
10.00, -17704.00, -13198.00, -99.89, -99.89, 9.00
10.00, -17744.00, -13238.00, -99.89, -99.89, 9.00
10.00, -17786.00, -13278.00, -99.89, -99.89, 9.00
10.00, -17828.00, -13321.00, -99.89, -99.89, 9.00
10.00, -17871.00, -13359.00, -99.89, -99.89, 9.00
10.00, -17912.00, -13398.00, -99.89, -99.89, 9.00
10.00, -17952.00, -13441.00, -99.89, -99.89, 9.00
10.00, -17993.00, -13483.00, -99.89, -99.89, 9.00
10.00, -18035.00, -13523.00, -99.89, -99.89, 9.00
10.00, -18079.00, -13563.00, -99.89, -99.89, 9.00
10.00, -18123.00, -13605.00, -99.89, -99.89, 9.00
10.00, -18162.00, -13646.00, -99.89, -99.89, 9.00
10.00, -18204.00, -13683.00, -99.89, -99.89, 9.00
10.00, -18246.00, -13724.00, -99.89, -99.89, 9.00
10.00, -18289.00, -13767.00, -99.89, -99.89, 9.00
10.00, -18332.00, -13807.00, -99.89, -99.89, 9.00
10.00, -18375.00, -13846.00, -99.89, -99.89, 9.00
10.00, -18419.00, -13886.00, -99.89, -99.89, 9.00
10.00, -18459.00, -13926.00, -99.89, -99.89, 9.00
10.00, -18502.00, -13966.00, -99.89, -99.89, 9.00
10.00, -18545.00, -14008.00, -99.89, -99.89, 9.00
10.00, -18587.00, -14049.00, -99.89, -99.89, 9.00
10.00, -18631.00, -14090.00, -99.89, -99.89, 9.00
10.00, -18674.00, -14128.00, -99.89, -99.89, 9.00
10.00, -18714.00, -14166.00, -99.89, -99.89, 9.00
10.00, -18755.00, -14206.00, -99.89, -99.89, 9.00
10.00, -18798.00, -14248.00, -99.89, -99.89, 9.00
10.00, -18843.00, -14290.00, -99.89, -99.89, 9.00
10.00, -18886.00, -14331.00, -99.89, -99.89, 9.00
10.00, -18929.00, -14370.00, -99.89, -99.89, 9.00
10.00, -18969.00, -14406.00, -99.89, -99.89, 9.00
10.00, -19007.00, -14446.00, -99.89, -99.89, 9.00
10.00, -19049.00, -14487.00, -99.89, -99.89, 9.00
10.00, -19093.00, -14529.00, -99.89, -99.89, 9.00
10.00, -19137.00, -14570.00, -99.89, -99.89, 9.00
10.00, -19180.00, -14610.00, -99.89, -99.89, 9.00
10.00, -19222.00, -14648.00, -99.89, -99.89, 9.00
10.00, -19263.00, -14684.00, -99.89, -99.89, 9.00
10.00, -19303.00, -14726.00, -99.89, -99.89, 9.00
10.00, -19347.00, -14771.00, -99.89, -99.89, 9.00
10.00, -19393.00, -14811.00, -99.89, -99.89, 9.00
10.00, -19435.00, -14852.00, -99.89, -99.89, 9.00
10.00, -19479.00, -14892.00, -99.89, -99.89, 9.00
10.00, -19519.00, -14928.00, -99.89, -99.89, 9.00
10.00, -19560.00, -14969.00, -99.89, -99.89, 9.00
10.00, -19603.00, -15013.00, -99.89, -99.89, 9.00
10.00, -19647.00, -15055.00, -99.89, -99.89, 9.00
10.00, -19691.00, -15098.00, -99.89, -99.89, 9.00
10.00, -19733.00, -15137.00, -99.89, -99.89, 9.00
10.00, -19773.00, -15175.00, -99.89, -99.89, 9.00
10.00, -19815.00, -15216.00, -99.89, -99.89, 9.00
10.00, -19859.00, -15258.00, -99.89, -99.89, 9.00
10.00, -19901.00, -15300.00, -99.89, -99.89, 9.00
10.00, -19944.00, -15344.00, -99.89, -99.89, 9.00
10.00, -19987.00, -15387.00, -99.89, -99.89, 9.00
10.00, -20026.00, -15425.00, -99.89, -99.89, 9.00
10.00, -20067.00, -15465.00, -99.89, -99.89, 9.00
10.00, -20109.00, -15505.00, -99.89, -99.89, 9.00
10.00, -20150.00, -15548.00, -99.89, -99.89, 9.00
10.00, -20191.00, -15591.00, -99.89, -99.89, 9.00
10.00, -20233.00, -15632.00, -99.89, -99.89, 9.00
10.00, -20273.00, -15672.00, -99.89, -99.89, 9.00
10.00, -20312.00, -15710.00, -99.89, -99.89, 9.00
10.00, -20355.00, -15750.00, -99.89, -99.89, 9.00
10.00, -20399.00, -15792.00, -99.89, -99.89, 9.00
10.00, -20441.00, -15833.00, -99.89, -99.89, 9.00
10.00, -20482.00, -15872.00, -99.89, -99.89, 9.00
10.00, -20523.00, -15912.00, -99.89, -99.89, 9.00
10.00, -20563.00, -15951.00, -99.89, -99.89, 9.00
10.00, -20606.00, -15993.00, -99.89, -99.89, 9.00
10.00, -20651.00, -16034.00, -99.89, -99.89, 9.00
10.00, -20695.00, -16074.00, -99.89, -99.89, 9.00
10.00, -20740.00, -16115.00, -99.89, -99.89, 9.00
10.00, -20783.00, -16156.00, -99.89, -99.89, 9.00
10.00, -20823.00, -16192.00, -99.89, -99.89, 9.00
10.00, -20865.00, -16232.00, -99.89, -99.89, 9.00
10.00, -20911.00, -16272.00, -99.89, -99.89, 9.00
10.00, -20957.00, -16314.00, -99.89, -99.89, 9.00
10.00, -20999.00, -16357.00, -99.89, -99.89, 9.00
10.00, -21043.00, -16400.00, -99.89, -99.89, 9.00
10.00, -21085.00, -16436.00, -99.89, -99.89, 9.00
10.00, -21128.00, -16475.00, -99.89, -99.89, 9.00
10.00, -21173.00, -16516.00, -99.89, -99.89, 9.00
10.00, -21216.00, -16558.00, -99.89, -99.89, 9.00
10.00, -21259.00, -16601.00, -99.89, -99.89, 9.00
10.00, -21301.00, -16644.00, -99.89, -99.89, 9.00
10.00, -21343.00, -16682.00, -99.89, -99.89, 9.00
10.00, -21386.00, -16719.00, -99.89, -99.89, 9.00
10.00, -21428.00, -16760.00, -99.89, -99.89, 9.00
10.00, -21471.00, -16804.00, -99.89, -99.89, 9.00
10.00, -21512.00, -16846.00, -99.89, -99.89, 9.00
10.00, -21552.00, -16888.00, -99.89, -99.89, 9.00
10.00, -21594.00, -16926.00, -99.89, -99.89, 9.00
10.00, -21636.00, -16963.00, -99.89, -99.89, 9.00
10.00, -21680.00, -17004.00, -99.89, -99.89, 9.00
10.00, -21721.00, -17047.00, -99.89, -99.89, 9.00
10.00, -21763.00, -17090.00, -99.89, -99.89, 9.00
10.00, -21806.00, -17132.00, -99.89, -99.89, 9.00
10.00, -21847.00, -17170.00, -99.89, -99.89, 9.00
10.00, -21888.00, -17208.00, -99.89, -99.89, 9.00
10.00, -21932.00, -17250.00, -99.89, -99.89, 9.00
10.00, -21975.00, -17291.00, -99.89, -99.89, 9.00
10.00, -22017.00, -17333.00, -99.89, -99.89, 9.00
10.00, -22059.00, -17374.00, -99.89, -99.89, 9.00
10.00, -22100.00, -17416.00, -99.89, -99.89, 9.00
10.00, -22142.00, -17456.00, -99.89, -99.89, 9.00
10.00, -22185.00, -17494.00, -99.89, -99.89, 9.00
10.00, -22229.00, -17535.00, -99.89, -99.89, 9.00
10.00, -22270.00, -17579.00, -99.89, -99.89, 9.00
10.00, -22312.00, -17621.00, -99.89, -99.89, 9.00
10.00, -22355.00, -17659.00, -99.89, -99.89, 9.00
10.00, -22396.00, -17700.00, -99.89, -99.89, 9.00
10.00, -22439.00, -17741.00, -99.89, -99.89, 9.00
10.00, -22482.00, -17779.00, -99.89, -99.89, 9.00
10.00, -22525.00, -17822.00, -99.89, -99.89, 9.00
10.00, -22567.00, -17864.00, -99.89, -99.89, 9.00
10.00, -22608.00, -17904.00, -99.89, -99.89, 9.00
10.00, -22651.00, -17944.00, -99.89, -99.89, 9.00
10.00, -22693.00, -17983.00, -99.89, -99.89, 9.00
10.00, -22734.00, -18023.00, -99.89, -99.89, 9.00
10.00, -22776.00, -18064.00, -99.89, -99.89, 9.00
10.00, -22818.00, -18106.00, -99.89, -99.89, 9.00
10.00, -22858.00, -18146.00, -99.89, -99.89, 9.00
10.00, -22901.00, -18184.00, -99.89, -99.89, 9.00
10.00, -22946.00, -18222.00, -99.89, -99.89, 9.00
10.00, -22988.00, -18261.00, -99.89, -99.89, 9.00
10.00, -23031.00, -18302.00, -99.89, -99.89, 9.00
10.00, -23073.00, -18343.00, -99.89, -99.89, 9.00
10.00, -23114.00, -18383.00, -99.89, -99.89, 9.00
10.00, -23158.00, -18424.00, -99.89, -99.89, 9.00
10.00, -23202.00, -18461.00, -99.89, -99.89, 9.00
10.00, -23245.00, -18499.00, -99.89, -99.89, 9.00
10.00, -23288.00, -18542.00, -99.89, -99.89, 9.00
10.00, -23331.00, -18583.00, -99.89, -99.89, 9.00
10.00, -23373.00, -18623.00, -99.89, -99.89, 9.00
10.00, -23416.00, -18663.00, -99.89, -99.89, 9.00
10.00, -23460.00, -18703.00, -99.89, -99.89, 9.00
10.00, -23504.00, -18740.00, -99.89, -99.89, 9.00
10.00, -23546.00, -18779.00, -99.89, -99.89, 9.00
10.00, -23589.00, -18823.00, -99.89, -99.89, 9.00
10.00, -23631.00, -18864.00, -99.89, -99.89, 9.00
10.00, -23673.00, -18904.00, -99.89, -99.89, 9.00
10.00, -23718.00, -18945.00, -99.89, -99.89, 9.00
10.00, -23760.00, -18985.00, -99.89, -99.89, 9.00
10.00, -23801.00, -19024.00, -99.89, -99.89, 9.00
10.00, -23842.00, -19064.00, -99.89, -99.89, 9.00
10.00, -23883.00, -19106.00, -99.89, -99.89, 9.00
10.00, -23925.00, -19149.00, -99.89, -99.89, 9.00
10.00, -23967.00, -19192.00, -99.89, -99.89, 9.00
10.00, -24010.00, -19231.00, -99.89, -99.89, 9.00
10.00, -24051.00, -19271.00, -99.89, -99.89, 9.00
10.00, -24092.00, -19313.00, -99.89, -99.89, 9.00
